12.567638 55.675346 1B
12.567511 55.6753 1C
12.567103 55.675785 2A
12.566548 55.675583 2B
12.566176 55.675568 2D
12.564627 55.67495 4A
12.564435 55.674885 4B
12.564271 55.674244 5
12.563818 55.6747 6A
12.56346 55.674595 6C
12.56264 55.674328 6D
12.562146 55.674118 6E
12.562883 55.673786 7
12.561447 55.67387 8
12.562389 55.673595 9A
12.562047 55.67348 9B
12.560663 55.67352 10
12.561731 55.67337 11A
12.56114 55.673183 11B
12.560909 55.673138 11C
12.56016 55.673405 12
12.560446 55.673145 13
12.559978 55.67372 14
12.560224 55.67372 14A
12.559841 55.673645 14B
12.560242 55.673107 15
12.560297 55.6729 15A
12.559762 55.673313 16
12.559975 55.673054 17
12.559253 55.6732 18
12.5597 55.672997 19
12.55888 55.673115 20
12.558771 55.673332 20A
12.558564 55.67347 20B
12.558716 55.673504 20C
12.558537 55.67304 22
12.558193 55.672962 24
12.557959 55.673214 24A
12.558091 55.673237 24B
12.559247 55.6729 25
12.557896 55.6729 26
12.558858 55.67283 27
12.557555 55.67283 28
12.558976 55.672314 29A
12.559038 55.672195 29B
12.55923 55.672195 29C
12.559454 55.672237 29D
12.559757 55.672226 29E
12.559942 55.672256 29F
12.559994 55.67223 29G
12.559944 55.672367 29H
12.556944 55.672703 30
12.558428 55.67275 31
12.556666 55.67264 32
12.558156 55.672703 33
12.558329 55.67252 33A
12.556446 55.672596 34
12.557887 55.672646 35
12.558029 55.672394 35A
12.556244 55.672565 36
12.557573 55.672585 37
12.556052 55.672535 38
12.55603 55.672768 38A
12.556966 55.67246 39
12.555813 55.672504 40
12.55661 55.672382 41
12.556742 55.67216 41A
12.556406 55.672295 41B
12.556397 55.672157 41C
12.55657 55.671986 41D
12.556371 55.672337 41E
12.555652 55.672794 42
12.556188 55.672302 43
12.555299 55.67276 44
12.555198 55.672913 44A
12.555984 55.672253 45
12.55526 55.6725 46
12.555615 55.671997 47
12.554955 55.672527 48
12.555309 55.671898 49
12.554393 55.672585 50
12.555052 55.671814 51
12.554117 55.672615 52
12.554683 55.67194 53
12.553904 55.672638 54
12.553993 55.67284 54A
12.554621 55.67212 55A
12.554588 55.67224 55B
12.553733 55.67268 56
12.553693 55.672867 56A
12.553771 55.67265 56B
12.553678 55.672665 56C
12.554215 55.672337 57
12.553574 55.672676 58A
12.553461 55.672684 58B
12.553042 55.67245 59
12.553288 55.6727 60
12.553259 55.672985 60A
12.553299 55.67316 60B
12.553029 55.672726 62
12.553022 55.672977 62A
12.552936 55.67316 62B
12.553092 55.673164 62C
12.553011 55.67338 62D
12.552159 55.67252 63
12.552748 55.672745 64
12.551801 55.672558 65
12.551637 55.67254 67
12.552171 55.672787 68
12.551242 55.672573 69
12.551169 55.67233 69A
12.551228 55.67199 69D
12.551909 55.672802 70
12.55101 55.672565 71
12.551665 55.67282 72
12.551679 55.673115 72A
12.551719 55.673225 72B
12.550238 55.67252 73B
12.551497 55.67283 74
12.549902 55.672485 75
12.549436 55.67241 77
12.551284 55.67319 78
12.549235 55.67236 79
12.550618 55.672794 80
12.550657 55.67303 80A
12.55065 55.67318 80B
12.54879 55.672253 81
12.550325 55.672787 82
12.548548 55.67219 83
12.54944 55.67269 84
12.548071 55.67207 85
12.549024 55.672527 86
12.547799 55.672 87
12.548834 55.672493 88
12.547532 55.67193 89
12.547663 55.671745 89A
12.548638 55.67244 90
12.547486 55.671738 91A
12.54751 55.671543 91B
12.54725 55.671734 91C
12.547317 55.67183 91D
12.547285 55.67187 91E
12.547194 55.671844 91F
12.548418 55.672386 92
12.546979 55.671787 93
12.548097 55.672306 94
12.5468 55.6717 95
12.547174 55.671448 95A
12.547415 55.671238 95B
12.546831 55.67158 95E
12.547373 55.671516 95H
12.547746 55.672222 96
12.547481 55.672153 98
12.547321 55.67212 98A
12.547332 55.672245 98B
12.547238 55.672363 98C
12.547137 55.672504 98D
12.547009 55.67265 98E
12.546278 55.671616 99
12.546431 55.671432 99A
12.546386 55.67128 99B
12.546426 55.671223 99C
12.547054 55.67205 100
12.546807 55.672173 100A
12.54703 55.672226 100B
12.546926 55.67206 100C
12.546027 55.67155 101
12.546759 55.671974 102
12.546577 55.671932 102A
12.545595 55.671455 103
12.546398 55.67189 104
12.545961 55.671783 106A
12.54575 55.671726 106B
12.545248 55.671352 107
12.545426 55.671192 107A
12.544987 55.67129 107B
12.544759 55.67124 107C
12.544732 55.671185 107D
12.545079 55.670956 107E
12.545243 55.671604 108
12.54447 55.67116 109
12.544942 55.67153 110
12.544321 55.671124 111
12.544489 55.670937 111A
12.5447 55.671474 112
12.54453 55.67166 112A
12.544375 55.671833 112B
12.544256 55.67197 112C
12.544107 55.67107 113
12.544466 55.671413 114
12.543466 55.67091 115
12.544149 55.671696 116A
12.544078 55.67176 116B
12.544008 55.671906 116E
12.543202 55.67084 117
12.544187 55.67135 118A
12.544073 55.671356 118B
12.544042 55.67131 118C
12.542973 55.670788 119
12.543153 55.67059 119A
12.543842 55.671257 120
12.543671 55.671448 120A
12.543593 55.671535 120B
12.543511 55.671623 120C
12.543447 55.671707 120D
12.54277 55.670692 121
12.543458 55.671207 122
12.543619 55.671207 122A
12.543319 55.671127 124
12.54304 55.67144 124B
12.542232 55.67059 125
12.543071 55.671078 126
12.541931 55.670517 127
12.541666 55.670452 127A
12.542137 55.670334 127B
12.542004 55.6703 127C
12.541866 55.670265 127D
12.541741 55.670235 127E
12.542917 55.671036 128A
12.542882 55.67107 128B
12.541448 55.670387 129
12.542713 55.670982 130A
12.542685 55.671024 130B
12.540966 55.67028 131
12.542539 55.670937 132
12.540753 55.670227 133
12.542296 55.67087 134
12.54057 55.67018 135
12.542096 55.670815 136A
12.542018 55.67084 136B
12.541833 55.67104 136C
12.540401 55.67012 137
12.541857 55.670757 138A
12.541748 55.670773 138B
12.540134 55.670063 139
12.541478 55.670654 140A
12.541478 55.67071 140B
12.541301 55.67084 140C
12.541364 55.670914 140D
12.541439 55.67101 140E
12.539855 55.670082 141
12.541244 55.67064 142A
12.541151 55.670803 142B
12.541065 55.670826 142C
12.53924 55.67009 143
12.541139 55.670574 144A
12.541069 55.670563 144B
12.540998 55.67054 144C
12.540893 55.67073 144D
12.540487 55.6708 144E
12.540814 55.6709 144F
12.538909 55.670116 145
12.539065 55.669926 145A
12.53885 55.669876 145B
12.540836 55.6705 146A
12.540757 55.67048 146B
12.540678 55.67046 146C
12.538623 55.670086 147
12.540568 55.67041 148A
12.540469 55.670406 148B
12.54026 55.670403 148C
12.540564 55.670547 148D
12.540283 55.670338 148E
12.540164 55.67046 148F
12.540127 55.670506 148G
12.540167 55.670612 148H
12.540279 55.67065 148K
12.54036 55.67067 148L
12.540001 55.670708 148M
12.540129 55.670742 148N
12.540254 55.670776 148P
12.538251 55.670147 149
12.53999 55.670464 150
12.546668 55.671677 97A
12.546596 55.671658 97B
12.546454 55.671623 97C
12.545508 55.671417 105A
12.54539 55.671387 105B
12.560131 55.67285 17A
12.555324 55.67223 47F
12.552548 55.672764 66A
12.552476 55.672832 66B
12.552357 55.672775 66C
12.552742 55.672474 61
12.55076 55.672554 73
12.544232 55.671604 116
12.543993 55.67186 116C
12.543902 55.671856 116D
12.544102 55.671932 116F
12.550922 55.67281 76
12.54034 55.67012 137A
12.54072 55.66975 137B
12.54076 55.669704 137C
12.540637 55.66963 137D
12.567272 55.675217 1D
12.567116 55.675175 1E
12.566985 55.67513 1F
12.566855 55.67509 1H
12.566714 55.67504 1L
12.566558 55.674995 1M
12.56645 55.67496 1P
12.559498 55.67296 23
12.555036 55.672512 46C
12.554879 55.672527 48A
12.542671 55.67065 123
12.547477 55.671055 95C
12.544197 55.671955 112D
12.559115 55.67289 25B
12.555691 55.67261 40A
12.56473 55.67499 4
12.548534 55.6727 90C
12.565194 55.674538 3A
12.56509 55.674507 3B
12.553509 55.67268 58
12.542996 55.671375 124A
12.537761 55.66999 149C
12.55246 55.67308 66
12.54725 55.670837 95D
12.547697 55.671158 95F
12.546051 55.671806 106
12.561644 55.673332 11
12.54196 55.670788 138
12.554563 55.67229 55
12.56211 55.673508 9
12.565997 55.675507 2T
12.565747 55.675312 2V
12.544596 55.6712 107F
12.565659 55.674652 3
12.565688 55.675262 2W
12.565476 55.67529 2Z
12.565608 55.67525 2X
12.565511 55.675274 2Y
12.565885 55.67564 2R
12.565939 55.67563 2S
12.56593 55.67537 2U
12.540622 55.67056 144G
12.558881 55.672344 29
12.548584 55.67243 90A
