12.537434 55.668262 3
12.537117 55.668186 4
12.537474 55.668217 5
12.537157 55.668137 6
12.537506 55.668167 7
12.537194 55.66809 8
12.537546 55.66812 9
12.537237 55.66804 10
12.537581 55.66807 11
12.537278 55.667995 12
12.537616 55.668022 13
12.537321 55.667946 14
12.537652 55.66798 15
12.537358 55.667904 16
12.537704 55.66793 17
12.537392 55.66785 18
12.537741 55.667885 19
12.537433 55.667805 20
12.537939 55.66763 23
12.537643 55.667545 24
12.537968 55.66753 25
12.537648 55.66744 26
12.537955 55.66747 27
12.537628 55.66738 28
12.53794 55.667416 29
12.537618 55.66733 30
12.53793 55.667366 31
12.537607 55.66728 32
12.537919 55.667313 33
12.537597 55.667225 34
12.537903 55.66726 35
12.537586 55.66717 36
12.537889 55.6672 37
12.537572 55.667114 38
12.537873 55.66714 39
12.537559 55.667065 40
12.537867 55.667088 41
12.537551 55.667007 42
12.537856 55.667034 43
12.537538 55.666954 44
12.537848 55.66698 45
12.537522 55.66691 46
12.537831 55.666924 47
12.537505 55.666855 48
12.537816 55.66687 49
12.537804 55.66682 51
12.566479 55.676132 1
