12.591443 55.679996 3
12.591838 55.680084 4
12.591498 55.680073 5
12.591894 55.68014 6
12.591572 55.680157 7
12.591294 55.680233 7A
12.591934 55.680195 8
12.591978 55.680237 8A
12.591631 55.68023 9
12.592053 55.680332 10A
12.592324 55.68022 10B
12.592655 55.680164 10C
12.591701 55.680313 11
12.592156 55.68044 12
12.591774 55.68044 13
12.592242 55.680565 14
12.592425 55.68046 14A
12.592608 55.68043 14B
12.591906 55.680557 15
12.591592 55.680634 15A
12.591748 55.680653 15B
12.592344 55.68068 16
12.592548 55.680637 16A
12.591982 55.68065 17
12.592431 55.68078 18
12.592057 55.68085 19A
12.591499 55.681004 19B
12.592597 55.680973 20
12.592186 55.680893 21
12.592285 55.681023 23
12.593392 55.681534 24
12.592729 55.681553 25
12.59371 55.681927 26
12.592854 55.681705 27
12.594044 55.682335 28A
12.593947 55.682224 28
12.592934 55.6818 29A
12.594443 55.683067 30
12.593021 55.68192 31
12.595339 55.684135 32
12.59317 55.68212 33
12.595827 55.684765 34
12.593343 55.682304 35
12.593085 55.68237 35A
12.596244 55.684963 36A
12.596413 55.68517 36B
12.593472 55.68244 37
12.596685 55.68541 38A
12.596861 55.685608 38B
12.596992 55.685757 38C
12.593563 55.68257 39
12.597145 55.686024 40
12.593332 55.682655 41
12.593205 55.68262 41A
12.595164 55.68455 49A
12.594993 55.684673 49B
12.595285 55.684666 51A
12.595323 55.68472 51B
12.595238 55.684673 51C
12.59503 55.68479 51D
12.595393 55.68475 51E
12.595449 55.684834 53
12.595552 55.68495 55
12.595655 55.68508 57
12.595742 55.685192 59
12.595795 55.685253 59B
12.59584 55.68531 61
12.59593 55.68541 63
12.595613 55.685467 65
12.59575 55.685596 67A
12.59539 55.685688 67B
12.596021 55.685516 69
12.596358 55.686085 71
12.596315 55.686024 73
12.59627 55.68597 75
12.596222 55.685917 77
12.596178 55.68586 79
12.596126 55.685806 81
12.596091 55.68575 83
12.596037 55.68569 85
12.596001 55.68564 87
12.59559 55.685814 89
12.595846 55.686195 95
12.591898 55.680695 17A
12.591756 55.68072 17B
12.591843 55.680717 17C
12.592792 55.68163 25A
12.592861 55.68182 29B
12.592691 55.68191 29C
12.593513 55.682686 43A
12.592918 55.68284 43B
12.593251 55.68291 43D
12.593361 55.682884 43E
12.593611 55.68282 43F
12.593715 55.68279 43G
12.594306 55.683395 45
12.594233 55.683372 45A
12.594329 55.68356 45B
12.594224 55.683582 45C
12.594169 55.683334 45D
12.594993 55.684483 47
12.595354 55.68559 65B
12.595572 55.68506 57A
12.59537 55.685192 57B
12.595781 55.68532 61A
12.595359 55.68543 61B
12.595494 55.685333 61C
12.595155 55.68517 61D
12.595178 55.685017 55B
12.591284 55.680202 7B
12.593446 55.68241 37A
12.59319 55.682484 37B
12.595094 55.684917 55A
12.595494 55.686314 95A
12.595813 55.68613 95B
12.592519 55.680317 12A
12.592007 55.68029 10
12.592407 55.680813 18
12.673692 55.594463 4A
