12.572711 55.680897 3
12.573686 55.679657 4
12.57264 55.681034 5
12.573585 55.679848 6
12.572539 55.681194 7
12.573453 55.68008 8
12.57246 55.681305 9
12.573301 55.680332 10
12.572402 55.6814 11
12.573248 55.680435 12
12.573615 55.680485 12B
12.572345 55.681488 13
12.573204 55.6805 14
12.573562 55.680607 14B
12.572265 55.68159 15
12.573147 55.680588 16
12.573099 55.680687 18
12.572114 55.681774 19
12.572965 55.680874 20
12.572059 55.68186 21
12.57287 55.681137 22
12.57202 55.68191 23A
12.571999 55.68195 23B
12.572797 55.68129 24
12.57196 55.682022 25
12.572713 55.681347 26
12.571903 55.68213 27
12.571777 55.68208 27A
12.572622 55.681477 28
12.573047 55.681545 28A
12.571865 55.6822 29
12.571836 55.68224 29B
12.57255 55.681572 30
12.571774 55.682335 31
12.572494 55.681644 32
12.571707 55.682446 33
12.572367 55.6818 34
12.572429 55.681793 34A
12.572478 55.681725 34B
12.572712 55.6819 34C
12.572274 55.68193 36
12.572299 55.681973 36A
12.572542 55.681927 36B
12.572802 55.681957 36C
12.572203 55.68204 38
12.572159 55.68212 40
12.572086 55.68224 42
12.571851 55.682606 44
12.572332 55.6811 5A
12.572138 55.681667 17A
12.571943 55.68161 17B
12.57218 55.681713 17C
12.573877 55.679325 2
12.572887 55.681026 20A
12.57287 55.681053 20B
12.573031 55.6811 22A
12.572769 55.681225 22B
12.571974 55.68151 17
12.588309 55.69851 1
