12.580714 55.669067 4
12.585784 55.667397 70
12.588639 55.667328 80
12.591717 55.667072 86
12.59198 55.66746 101
12.592696 55.667297 103
12.593551 55.666573 108
12.593788 55.66651 110
12.593171 55.667183 111
12.593417 55.667126 111A
12.593323 55.667187 111B
12.593537 55.667248 111C
12.593641 55.667397 111D
12.594141 55.666973 115
12.594537 55.66641 116
12.59536 55.66624 118
12.595628 55.666176 120
12.595901 55.666115 122
12.595542 55.666553 123
12.596138 55.666058 124
12.596364 55.66637 125
12.597054 55.66583 126
12.597369 55.666122 127
12.597728 55.665665 128A
12.597897 55.665627 128B
12.597671 55.666054 129
12.598199 55.665558 130
12.598024 55.66597 131
12.599032 55.665344 132
12.598531 55.665844 133
12.59925 55.66529 134
12.596502 55.665966 124A
12.596869 55.666245 125A
12.594145 55.666504 112
12.592831 55.66726 105
12.59434 55.666454 114
12.597805 55.665653 128
12.616985 55.640102 2
