12.595831 55.668217 3
12.595203 55.66799 4
12.595726 55.667995 5
12.59516 55.667843 6
12.595668 55.667805 7
12.59511 55.667667 8
12.595616 55.66762 9
12.595526 55.6673 11
12.595486 55.667152 13
12.594568 55.66587 14
12.595436 55.666996 15
12.594519 55.66569 16
12.595393 55.666843 17
12.594348 55.66532 18
12.595343 55.666687 19
12.594192 55.6654 20
12.595203 55.666164 21
12.59397 55.665424 22
12.595145 55.666 23
12.593746 55.665367 24
12.595081 55.665806 25
12.593703 55.665222 26
12.595025 55.665615 27
12.59365 55.665043 28
12.593619 55.664948 30
12.594904 55.66522 31
12.593803 55.664845 32
12.59487 55.665115 33
12.59399 55.664825 34
12.59483 55.66499 35
12.594195 55.664864 36
12.594784 55.66482 37
12.594147 55.664467 38
12.593475 55.664486 38B
12.594576 55.664146 39
12.594525 55.663986 41
12.594388 55.66355 43
12.594351 55.663437 45
12.593807 55.66325 46
12.594314 55.66329 47
12.594381 55.6625 49
12.593977 55.66189 51
12.593456 55.662273 52
12.593976 55.66164 53
12.59363 55.66116 55
12.592781 55.66162 56
12.593672 55.660896 57
12.593688 55.658794 75
12.593946 55.658768 77
12.594289 55.65873 79
12.594573 55.6587 81
12.594853 55.658665 83
12.595122 55.658634 85
12.595424 55.65859 87
12.595682 55.658554 89
12.595918 55.658527 91
12.596157 55.658497 93
12.596411 55.658466 95
12.595806 55.658295 97
12.594918 55.658436 99
12.594398 55.6584 101
12.595202 55.658184 103
12.595142 55.65803 105
12.595083 55.657875 107
12.594875 55.65775 109
12.594536 55.657787 111
12.594256 55.657825 113
12.593946 55.657864 115
12.593677 55.657894 117
12.593468 55.657925 119
12.593295 55.658077 121
12.59335 55.658226 123
12.593404 55.658367 125
12.593467 55.65853 127
12.593517 55.65867 129
12.593507 55.66275 50A
12.593171 55.6627 50B
12.59182 55.65812 66
12.591716 55.65778 68
12.591616 55.6575 70
12.595035 55.66707 10
12.595379 55.666794 17A
12.593331 55.658993 73
12.592749 55.660587 58
12.59264 55.661175 56A
12.59286 55.657303 135A
12.592925 55.657333 135B
12.592893 55.657383 135C
12.592952 55.657413 135D
12.592919 55.657455 135E
12.592984 55.657494 135F
12.592949 55.65753 135G
12.593013 55.65757 135H
12.592987 55.657616 135K
12.593064 55.657608 137
12.593253 55.65763 139A
12.593323 55.65762 139B
12.593393 55.65761 139C
12.593465 55.657604 139D
12.593538 55.657597 139E
12.593607 55.657585 139F
12.593679 55.65758 139G
12.593876 55.657455 141A
12.593841 55.65736 141B
12.593817 55.657276 141C
12.593804 55.65725 143
12.593576 55.65715 145A
12.59351 55.657158 145B
12.593439 55.657166 145C
12.59337 55.657173 145D
12.593301 55.65718 145E
12.593256 55.65719 145F
12.593168 55.6572 145G
12.5931 55.657207 145H
12.593039 55.65722 145K
12.593051 55.657253 147
12.593349 55.656597 199
12.593782 55.656563 201
12.593686 55.656246 203
12.590368 55.65733 72
12.594477 55.659264 67E
12.594459 55.65923 67F
12.594856 55.659267 69K
12.590643 55.655872 180
12.595915 55.668285 1
12.590216 55.65666 158
12.590306 55.65649 148
12.590271 55.65657 152
12.594646 55.666126 12B
12.59032 55.65635 178D
12.594797 55.65916 69A
12.594429 55.65929 67D
12.590231 55.656628 156
12.594617 55.66602 12C
12.594282 55.65925 67A
12.590111 55.656193 176A
12.591203 55.65633 142
12.59078 55.65638 138
12.590669 55.656532 136
12.590054 55.656178 174C
12.589882 55.656143 172
12.590369 55.656235 178B
12.590004 55.656162 174B
12.59029 55.656536 150
12.591957 55.658543 64
12.592521 55.65918 62
12.589954 55.656155 174A
12.589792 55.656742 166
12.59468 55.666256 12A
12.5902 55.656433 146
12.594756 55.659206 69C
12.591452 55.65676 114
12.59035 55.656322 178C
12.590124 55.656796 162
12.590299 55.656223 178A
12.593791 55.663467 42E
12.590202 55.656693 160
12.589702 55.656727 168
12.589586 55.65612 170
12.593485 55.663708 44E
12.593401 55.663692 44F
12.593271 55.663605 44G
12.594873 55.659225 69L
12.590369 55.656406 144
12.595156 55.65913 71B
12.590249 55.656597 154
12.593762 55.663372 42G
12.594279 55.659283 67B
12.593649 55.663757 44C
12.593599 55.663734 44D
12.593814 55.66384 42
12.59377 55.663834 44
12.593874 55.66376 42A
12.590168 55.6562 176B
12.593687 55.663795 44B
12.59372 55.663834 44A
12.595142 55.659256 71D
12.593831 55.663563 42C
12.595242 55.65924 71F
12.594794 55.659325 69F
12.593806 55.663513 42D
12.593976 55.663708 40B
12.594726 55.659306 69E
12.59435 55.659294 67C
12.594874 55.659184 69B
12.59484 55.659294 69H
12.594741 55.659267 69D
12.592606 55.656467 100
12.593982 55.66373 40A
12.595089 55.65914 71A
12.594818 55.659336 69G
12.59393 55.66355 40C
12.592786 55.656136 182
12.593798 55.663174 48
12.590226 55.656208 176C
12.595198 55.659256 71E
12.593845 55.66361 42B
12.59377 55.663418 42F
12.591009 55.656345 140
12.590572 55.656876 128
12.595104 55.6592 71C
12.590534 55.656685 134
12.59096 55.656937 122
12.591386 55.656487 110
12.591307 55.65696 118
12.591078 55.656956 120
12.590829 55.656918 124
12.590456 55.656857 130
12.59141 55.65691 116
12.590483 55.65678 132
12.591383 55.65665 112
12.590699 55.656895 126
12.59182 55.65703 98
12.59264 55.65633 102
12.591774 55.656715 108
12.592368 55.65618 104
12.591852 55.65621 106
12.592216 55.670486 1A
