12.623 55.650795 4
12.623563 55.65068 5
12.623094 55.650635 6
12.623764 55.650536 7
12.622972 55.650417 8
12.623872 55.65041 9
12.623291 55.650314 10
12.623902 55.65036 11
12.623321 55.650257 12
12.623931 55.650307 13
12.623354 55.650208 14
12.623958 55.650257 15
12.62338 55.650154 16
12.623988 55.650204 17
12.623407 55.650105 18
12.624015 55.650154 19
12.623435 55.65005 20
12.624043 55.6501 21
12.623462 55.65 22
12.623939 55.64996 23
12.623549 55.649883 24
12.623969 55.649902 25
12.623581 55.649834 26
12.624024 55.649807 27
12.623635 55.64973 28
12.624052 55.649754 29
12.623669 55.649677 30
12.624111 55.649654 31
12.623725 55.64958 32
12.624141 55.649597 33
12.623754 55.64953 34
12.62439 55.64951 35
12.623796 55.649406 36
12.624475 55.649357 37
12.623867 55.64927 38
12.624493 55.64924 39
12.623954 55.649124 40
12.624541 55.649128 41
12.624031 55.64898 42
12.62449 55.64899 43
12.617415 55.635414 1
