12.61015 55.655605 2
12.610378 55.65586 3
12.61034 55.655643 4
12.610547 55.6559 5
12.610533 55.655678 6
12.610724 55.655937 7
12.610761 55.65573 8
12.61091 55.65598 9
12.61109 55.65601 11
12.610921 55.655766 12
12.611276 55.65605 13
12.611062 55.6558 14
12.611511 55.6561 15
12.611238 55.655834 16
12.611733 55.656147 17
12.611379 55.655865 18
12.611956 55.656193 19
12.611532 55.655895 20
12.611692 55.655926 22
12.611843 55.65596 24
12.612001 55.65599 26
12.612146 55.65602 28
12.612169 55.656235 29
12.612361 55.656067 30
12.61232 55.656265 31
12.612552 55.6561 32
12.612477 55.656303 33
12.612599 55.656326 35
12.51683 55.66892 2
