12.592401 55.64704 3
12.592461 55.64676 4
12.592612 55.64705 5
12.592694 55.646843 6
12.59289 55.64703 7
12.592893 55.6468 8
12.593035 55.647045 9
12.593118 55.646797 10
12.593277 55.64706 11
12.593294 55.646797 12
12.593485 55.647083 13
12.593505 55.64682 14
12.593693 55.647095 15
12.593658 55.646812 16
12.593914 55.647114 17
12.593834 55.646824 18
12.594131 55.647125 19
12.594088 55.646866 20
12.594314 55.647125 21
12.594312 55.64684 22
12.594496 55.647156 23
12.594507 55.64683 24
12.594745 55.647156 25
12.594663 55.646908 26
12.594927 55.647156 27
12.595175 55.64696 28
12.595172 55.647167 29
12.595332 55.646896 30
12.595337 55.647144 31
12.595492 55.646942 32
12.595545 55.647163 33
12.595674 55.646896 34
12.595732 55.647167 35
12.595889 55.646896 36
12.59594 55.64718 37
12.596104 55.646927 38
12.596137 55.647163 39
12.596307 55.646915 40
12.596285 55.64717 41
12.596508 55.646973 42
12.59644 55.647217 43
12.596744 55.646935 44
12.596706 55.647205 45
12.596963 55.646927 46
12.596856 55.64725 47
12.597146 55.646954 48
12.597103 55.647247 49
12.597312 55.64693 50
12.597298 55.647236 51
12.597476 55.64697 52
12.597454 55.647198 53
12.597709 55.64696 54
12.597754 55.64724 55
12.592267 55.646744 2A
12.516904 55.67093 1
