12.618205 55.660843 3
12.617869 55.66066 4
12.618337 55.66074 5
12.617993 55.660477 6
12.618418 55.660618 7
12.618094 55.660297 8
12.618464 55.660545 9
12.618184 55.660145 10
12.6186 55.6604 11
12.618296 55.65999 12
12.618751 55.660156 13
12.618462 55.65977 16
12.619127 55.659664 19
12.618997 55.658802 32
12.619212 55.658703 34
12.619646 55.658226 38
12.620221 55.658157 43
12.620388 55.65812 45
12.620569 55.658077 47
12.620693 55.656998 50
12.62112 55.657253 61
12.621236 55.65573 66
12.621735 55.6566 67
12.621671 55.656467 69
12.622178 55.655148 70
12.621846 55.65636 71
12.621968 55.656254 73
12.622015 55.656124 75
12.622169 55.656036 77
12.622428 55.65597 79
12.622413 55.655792 81
12.623767 55.653465 82
12.622453 55.65565 83
12.624075 55.653156 84
12.622518 55.655556 85
12.624149 55.65307 86
12.622636 55.65543 87
12.624219 55.652985 88
12.624305 55.6529 90
12.623401 55.65475 91
12.624374 55.652817 92
12.623505 55.65462 93
12.624738 55.65246 94
12.623586 55.654526 95
12.623659 55.654415 97
12.62474 55.652267 98
12.623604 55.65429 99
12.623777 55.654343 101
12.623958 55.654392 103
12.623976 55.65414 107
12.625386 55.651035 108
12.624199 55.653835 109
12.625676 55.6509 110
12.62464 55.653507 111
12.625746 55.650757 112A
12.625774 55.65071 112B
12.6258 55.65066 112C
12.624842 55.653156 113
12.625825 55.650616 114A
12.62585 55.650574 114B
12.625878 55.650528 114C
12.625907 55.650482 116A
12.625935 55.650436 116B
12.626038 55.650288 118
12.626082 55.650196 120
12.625824 55.651726 121
12.626192 55.650013 122
12.625983 55.65175 123
12.626197 55.649853 124
12.626144 55.65169 125
12.626268 55.6497 126
12.626208 55.65156 127
12.626265 55.651447 129
12.626433 55.64943 130
12.626165 55.651012 131
12.626248 55.650845 133
12.626762 55.648952 134
12.626861 55.64868 136
12.626962 55.648533 138
12.62722 55.648136 140
12.626852 55.64973 141
12.627368 55.64773 142
12.627534 55.647545 144
12.627384 55.648758 147
12.627428 55.648647 149
12.627606 55.648518 151
12.628219 55.64614 154
12.627777 55.64799 155
12.628012 55.647842 157
12.628228 55.64541 158
12.627942 55.647644 159
12.628254 55.645363 160
12.628278 55.645317 162
12.628263 55.647118 163
12.628304 55.64527 164
12.628324 55.645226 166
12.62835 55.64518 168
12.628645 55.64623 169
12.628224 55.644962 170
12.628251 55.644917 172
12.628275 55.644863 174
12.627856 55.6449 176
12.62886 55.64487 177
12.627874 55.64485 178
12.628821 55.64473 179
12.627896 55.644802 180
12.628748 55.64456 181
12.628164 55.64471 182
12.628186 55.644665 184
12.628214 55.644615 186
12.620531 55.657745 49
12.620827 55.657436 51
12.623445 55.653873 80
12.627524 55.64704 150A
12.627804 55.646954 150B
12.627845 55.64687 150C
12.629183 55.647133 165
12.628183 55.64508 168B
12.628216 55.645023 170A
12.626398 55.649574 128A
12.626314 55.649574 128B
12.625733 55.651978 119B
12.621269 55.655804 64
12.620756 55.6557 66A
12.621592 55.65555 68
12.626022 55.65207 119
12.627237 55.648094 140C
12.627187 55.648182 140B
12.627141 55.648262 140A
12.627277 55.64803 140D
