12.576734 55.665413 2
12.57694 55.665607 3
12.576884 55.66535 4
12.577134 55.66553 5
12.577033 55.665283 6
12.5773 55.665462 7
12.577171 55.665226 8
12.577459 55.66539 9
12.577292 55.665176 10
12.57773 55.665268 11
12.577455 55.665108 12
12.578007 55.66487 14
12.578372 55.66501 15
12.578214 55.664776 16
12.578979 55.66475 17
12.578357 55.664715 18
12.578495 55.664654 20
12.578632 55.664597 22
12.578741 55.664547 24
12.578965 55.664448 26
12.579054 55.664413 28
12.579191 55.66436 30
12.579322 55.664295 32
12.579465 55.66424 34
12.579682 55.66416 36
12.580545 55.664074 37
12.580284 55.663902 38
12.580709 55.664 39
12.580417 55.66384 40
12.580869 55.663937 41
12.58056 55.663784 42
12.581037 55.663876 43
12.580703 55.663723 44
12.581182 55.663803 45
12.580839 55.66366 46
12.581332 55.66374 47
12.580981 55.6636 48
12.581493 55.66367 49
12.58112 55.663544 50
12.581642 55.663605 51
12.581272 55.663483 52
12.581885 55.663506 53
12.581407 55.663425 54
12.58162 55.663338 56
12.579377 55.664577 19
12.516964 55.685703 2
