12.617424 55.65048 2
12.617358 55.650692 3
12.617689 55.650513 4
12.617481 55.65071 5
12.617994 55.650543 6
12.617716 55.650745 7
12.618233 55.650593 8
12.618379 55.65051 8A
12.617838 55.650764 9
12.618479 55.650627 10
12.618068 55.6508 11
12.618705 55.65065 12
12.618196 55.650818 13
12.618912 55.65069 14
12.618424 55.65085 15
12.619153 55.650723 16
12.618543 55.65087 17
12.619426 55.650734 18
12.618781 55.650906 19
12.619714 55.650806 20
12.618895 55.650925 21
12.620038 55.65086 22
12.619124 55.650955 23
12.620211 55.650883 24
12.619246 55.650974 25
12.619478 55.65101 27
12.619593 55.651024 29
12.619821 55.651054 31
12.619945 55.651077 33
12.620308 55.65113 35
12.598839 55.61122 1
