12.629343 55.644962 4
12.629525 55.645157 6
12.629423 55.645397 7
12.629777 55.645187 8
12.629645 55.6455 9
12.630035 55.645206 10
12.629903 55.645588 11
12.630285 55.645237 12
12.630304 55.64556 13A
12.630303 55.645714 13B
12.630543 55.645294 14
12.631488 55.645428 16
12.631416 55.645702 17
12.631789 55.64552 18A
12.632019 55.645557 18B
12.63162 55.64586 19A
12.631857 55.645897 19B
12.632269 55.645584 20
12.632231 55.645844 21
12.63249 55.64561 22
12.632516 55.645973 23A
12.632742 55.64594 23B
12.632711 55.645554 24A
12.63285 55.645683 24B
12.632994 55.64599 25
12.633133 55.645725 26
12.62883 55.645016 2A
12.590882 55.687622 1
