12.575512 55.634937 6
12.575391 55.63477 8
12.57509 55.634796 10
12.574779 55.63484 12
12.574497 55.634884 14
12.5742 55.634945 16
12.574252 55.635136 18
12.574331 55.63533 20
12.57443 55.635525 22
12.576205 55.63509 26
12.576139 55.63492 28
12.576061 55.634724 30
12.576229 55.63465 32
12.576583 55.634605 34
12.576909 55.634563 36
12.577135 55.63458 38
12.577208 55.63476 40
12.577896 55.635063 44
12.577853 55.634945 46
12.578458 55.635014 48
12.578462 55.63484 50
12.579016 55.634785 52
12.579071 55.634922 54
12.578803 55.634434 56
12.578769 55.63433 58
12.578507 55.63436 60
12.57824 55.634396 62
12.577987 55.63443 64
12.577716 55.634468 66
12.577761 55.63457 68
12.579702 55.634815 70
12.579674 55.635834 9
12.574841 55.635483 2A
12.575046 55.635456 2B
12.575247 55.63543 2C
12.575463 55.635395 2D
12.57561 55.635246 4
12.57674 55.63552 33
12.577003 55.635487 35
12.579666 55.634697 72
12.579625 55.634586 74
12.579578 55.634476 76
12.579969 55.634792 92
12.580205 55.63476 94
12.580338 55.634743 96
12.579453 55.634266 80
12.576478 55.635555 31
12.580799 55.63498 99
12.577265 55.63545 37
12.575368 55.63568 3
12.58016 55.63417 88
12.580156 55.635048 93
12.579911 55.63509 91
12.579796 55.634216 84
12.57963 55.634235 82
12.580591 55.63501 97
12.58031 55.634144 90
12.579993 55.63419 86
12.58053 55.63472 98
12.575096 55.63572 1
12.579525 55.634426 78
12.575628 55.635647 5
12.519444 55.68951 2
