12.592192 55.645973 2
12.592393 55.646214 3
12.592419 55.645958 4
12.592563 55.646214 5
12.592782 55.645996 6
12.592822 55.646233 7
12.59296 55.64599 8
12.593039 55.64627 9
12.593176 55.646004 10
12.5932 55.646244 11
12.59336 55.646023 12
12.593418 55.64627 13
12.593559 55.64601 14
12.593667 55.646275 15
12.593749 55.64604 16
12.593864 55.646263 17
12.593921 55.646046 18
12.594077 55.64628 19
12.594151 55.646053 20
12.594292 55.646324 21
12.594351 55.64607 22
12.594485 55.646328 23
12.594578 55.64605 24
12.594666 55.646305 25
12.594782 55.646065 26
12.594911 55.646347 27
12.595007 55.646053 28
12.595198 55.646343 29
12.595146 55.646053 30
12.59536 55.646343 31
12.595298 55.646088 32
12.595535 55.646336 33
12.595431 55.64611 34
12.59572 55.64637 35
12.59559 55.64611 36
12.595933 55.646397 37
12.595821 55.646122 38
12.596088 55.646378 39
12.596004 55.646114 40
12.596233 55.64641 41
12.596199 55.646137 42
12.596461 55.646385 43
12.596356 55.646133 44
12.59665 55.646355 45
12.59659 55.646152 46
12.596892 55.646366 47
12.59681 55.646156 48
12.597135 55.646427 49
12.596997 55.646152 50
12.597313 55.64643 51
12.597194 55.646206 52
12.597367 55.646206 54
12.597768 55.64641 55
12.597576 55.646202 56
12.597783 55.646206 58
12.597501 55.646423 53
12.634082 55.581715 12
