12.6091 55.656067 2A
12.608478 55.656033 2B
12.608429 55.6556 3
12.608097 55.65592 4
12.608199 55.655552 5
12.607456 55.655792 6
12.60781 55.655514 7
12.607172 55.655758 8
12.607542 55.65546 9
12.606936 55.6557 10
12.607084 55.65541 11
12.606674 55.655643 12
12.60667 55.655094 13
12.606317 55.65557 14
12.606164 55.65513 15
12.606024 55.655468 16
12.605799 55.655067 17
12.605744 55.655457 18
12.605476 55.655094 19
12.605373 55.655476 20
12.605235 55.655212 21
12.605356 55.65564 22
12.604603 55.655285 23
12.604725 55.655476 25
12.580806 55.68175 1
