12.616732 55.651707 2
12.616749 55.651985 3
12.616985 55.651745 4
12.617102 55.65205 5
12.61731 55.65175 6
12.617084 55.652233 7A
12.617476 55.652306 9
12.617632 55.652336 11
12.617731 55.65189 12
12.617884 55.652416 13
12.617914 55.65191 14
12.618053 55.65241 15
12.618066 55.651897 16
12.618269 55.65244 17
12.618246 55.652485 17A
12.618287 55.651962 18
12.618353 55.651848 18A
12.618475 55.65248 19
12.618412 55.65259 19A
12.6185 55.652008 20
12.6187 55.65251 21
12.618717 55.652073 22
12.618866 55.652542 23
12.618942 55.652107 24
12.619091 55.652397 25A
12.619201 55.652412 25B
12.619074 55.652126 26
12.619361 55.652428 27
12.619296 55.652164 28
12.61962 55.65247 29
12.619504 55.652203 30
12.617144 55.652245 7B
12.617205 55.652252 7C
12.617266 55.652264 7D
12.617333 55.652275 7E
12.618427 55.651733 18B
12.628416 55.63678 1
