12.604534 55.667686 7
12.60431 55.667423 8
12.604123 55.667446 8A
12.604274 55.667316 8B
12.60354 55.66721 8C
12.603754 55.66711 8D
12.60294 55.66699 8E
12.603161 55.666878 8F
12.602409 55.66678 8G
12.602498 55.66663 8H
12.604604 55.667046 8J
12.604076 55.66684 8K
12.60349 55.666607 8L
12.603022 55.66759 8M
12.604832 55.667423 9
12.605183 55.66657 10
12.605249 55.667107 11
12.605236 55.666496 12
12.605402 55.666397 14
12.606115 55.666355 15
12.605486 55.66629 16
12.605633 55.6662 18
12.605028 55.666397 20
12.604518 55.666313 22
12.604566 55.666225 24
12.604657 55.666122 26
12.604804 55.66603 28
12.603855 55.66606 30
12.6039 55.66597 32
12.603991 55.66586 34
12.60354 55.665897 36
12.603436 55.665783 38
12.60282 55.66613 40
12.602905 55.666023 42
12.602993 55.665913 44
12.603081 55.6658 46
12.603225 55.66571 48
12.525652 55.64815 3A
