12.616737 55.64375 4
12.617322 55.64365 5
12.616909 55.643593 6
12.617394 55.64351 7
12.616985 55.643436 8
12.617561 55.643414 9
12.617078 55.643322 10
12.617549 55.64328 11
12.617139 55.6432 12
12.617461 55.64248 18
12.618069 55.642605 19
12.617581 55.64236 20
12.618018 55.642445 21
12.617664 55.64223 22
12.618073 55.642315 23
12.617696 55.642094 24
12.618161 55.64218 25
12.617531 55.6419 26
12.618233 55.64204 27
12.617882 55.64181 28
12.618369 55.641907 29
12.617959 55.641674 30
12.618425 55.64177 31
12.618059 55.641537 32
12.618503 55.64163 33
12.618158 55.64138 34
12.618588 55.64149 35
12.618613 55.641365 37
12.618621 55.64052 42
12.61904 55.6406 43
12.618698 55.640392 44
12.619309 55.64052 45
12.618685 55.640244 46
12.619331 55.640366 47
12.618846 55.64012 48
12.618536 55.640038 50
12.619045 55.63994 48B
12.541141 55.68447 2
