12.607103 55.64125 2A
12.607078 55.641323 2B
12.606622 55.640892 3
12.606871 55.64116 4
12.605793 55.64075 5
12.606564 55.64114 6
12.605447 55.640797 7
12.606299 55.64111 8
12.60515 55.64078 9
12.606008 55.641186 10
12.604484 55.640713 11
12.605743 55.641216 12
12.603628 55.64066 13
12.605531 55.641106 14
12.603081 55.640594 15
12.605262 55.641033 16
12.602822 55.640568 17
12.604999 55.641125 18
12.602543 55.64055 19
12.604194 55.64097 22
12.60106 55.640415 23
12.603922 55.640945 24
12.600686 55.64039 25
12.603643 55.640915 26
12.600154 55.64044 27
12.603386 55.640934 28
12.60304 55.64099 30
12.60148 55.6409 36
12.60127 55.64079 38A
12.601031 55.640812 38B
12.60082 55.640648 40
12.600518 55.64063 42
12.600181 55.640594 44
12.605315 55.63384 1
