12.573161 55.63222 5B
12.573214 55.632374 5C
12.573224 55.632557 5D
12.574442 55.632076 7A
12.574502 55.63224 7B
12.574553 55.632374 7C
12.577027 55.632214 8
12.574397 55.632545 9A
12.573489 55.632664 9B
12.577297 55.63218 10
12.573387 55.63282 11
12.577625 55.63214 12
12.573441 55.632977 13
12.5735 55.633133 15
12.573677 55.63324 17
12.573964 55.6332 19
12.574278 55.633163 21
12.574582 55.633125 23
12.574774 55.63304 25
12.574727 55.63292 27
12.575318 55.63283 33
12.57537 55.63297 35
12.575452 55.633034 37
12.575613 55.633022 39
12.575931 55.63298 41
12.576284 55.63294 43
12.576442 55.63291 45
12.576465 55.632835 47
12.576408 55.632683 49
12.576996 55.63257 55
12.577052 55.632698 57
12.577114 55.632805 59
12.57722 55.632793 61
12.577449 55.632767 63
12.577657 55.632736 65
12.577809 55.632713 67
12.578109 55.632637 69
12.578058 55.63252 71
12.578029 55.632446 73
12.578725 55.6324 79
12.5788 55.632572 81
12.579086 55.63254 83
12.579264 55.632523 85
12.579463 55.632496 87
12.579654 55.63247 89
12.579983 55.632446 91
12.579956 55.63236 93
12.579919 55.632263 95
12.575068 55.632202 4A
12.576268 55.632305 4B
12.576169 55.63206 4C
12.574971 55.631695 2A
12.575029 55.63185 2B
12.575086 55.632004 2C
12.574909 55.631783 2D
12.577929 55.631996 14
