12.61168 55.653404 3
12.61184 55.653435 5
12.612024 55.65317 6
12.61204 55.653473 7
12.61217 55.653194 8
12.612218 55.6535 9
12.61236 55.653236 10
12.612429 55.653545 11
12.61256 55.65327 12
12.612778 55.653313 14
12.613031 55.653362 16
12.613035 55.653652 17
12.61323 55.65331 18
12.613217 55.65369 19
12.613404 55.65334 20
12.613412 55.65373 21
12.613588 55.653378 22A
12.613678 55.653477 22B
12.613597 55.65376 23
12.613923 55.65353 24
12.613787 55.653797 25
12.61417 55.653576 26
12.613974 55.65383 27
12.61444 55.65361 28
12.614164 55.653873 29
12.614637 55.653652 30
12.614366 55.653908 31
12.614843 55.65369 32
12.614555 55.653942 33
12.615452 55.65382 34
12.614739 55.653976 35
12.615601 55.65385 36
12.615303 55.65409 37
12.615776 55.65388 38
12.615452 55.654118 39
12.615972 55.65392 40
12.615609 55.65415 41
12.615762 55.65418 43
12.616329 55.654305 45
12.616522 55.654343 47
12.616273 55.654648 49
12.616441 55.654682 51
12.616595 55.654713 53
12.616634 55.65472 55
12.616776 55.654743 57
12.616963 55.65478 59
12.617126 55.65481 61
12.617238 55.654835 63
12.61735 55.654858 65
12.617477 55.65488 67
12.617736 55.654846 69
12.617831 55.65477 71
12.617602 55.654537 73
12.617774 55.65457 75
12.617935 55.654602 77
12.616826 55.653965 44
12.617164 55.654026 46
12.613627 55.653473 22
12.571287 55.589283 2
