12.627723 55.66007 11
12.627085 55.659996 12
12.62817 55.660065 13A
12.628286 55.659855 13B
12.6283 55.659718 13C
12.628527 55.659725 13D
12.628779 55.659706 13E
12.629015 55.659657 13F
12.629085 55.659683 13G
12.629306 55.65966 13H
12.629413 55.659515 13K
12.629494 55.659367 13L
12.627346 55.659885 14
12.628045 55.65968 15
12.627113 55.659725 16
12.628186 55.659374 17
12.627352 55.659645 18
12.628571 55.659264 19A
12.628686 55.659046 19B
12.628707 55.65891 19C
12.628948 55.658955 19D
12.629208 55.659 19E
12.629379 55.659004 19F
12.629502 55.659054 19G
12.629446 55.659016 19H
12.629698 55.658978 19K
12.629794 55.6588 19L
12.629865 55.65868 19M
12.627497 55.65954 20
12.628913 55.659283 21
12.627472 55.65938 22
12.629178 55.659256 23
12.627673 55.659267 24
12.628525 55.658806 25
12.627628 55.659115 26
12.628676 55.658306 27
12.627814 55.659004 28
12.628925 55.658592 29A
12.629027 55.6584 29B
12.629048 55.65826 29C
12.629308 55.65828 29D
12.62958 55.65827 29E
12.629921 55.65826 29F
12.629875 55.658234 29G
12.630144 55.65823 29H
12.63022 55.658073 29K
12.63027 55.65792 29L
12.627885 55.658752 30
12.629238 55.65858 31
12.627977 55.658634 32
12.62955 55.65856 33
12.628047 55.65848 34
12.629022 55.657906 35
12.628137 55.658325 36A
12.628172 55.658195 36B
12.62974 55.657894 37
12.62831 55.658077 38
12.628306 55.657936 40
12.629065 55.657604 41
12.628298 55.657734 42
12.629109 55.657425 43
12.62841 55.657524 44
12.629407 55.657078 45
12.62872 55.65729 46
12.629474 55.65687 47
12.629154 55.655712 54
12.630116 55.65562 55
12.629228 55.655533 56
12.630157 55.655495 57
12.629675 55.655453 58
12.630286 55.65536 59
12.629778 55.65529 60
12.630357 55.65516 61
12.62956 55.65512 62
12.630644 55.65491 63
12.629867 55.655025 64
12.629899 55.65486 66
12.629927 55.65473 68
12.631211 55.653946 69A
12.631248 55.65389 69B
12.631283 55.653835 69C
12.631321 55.653778 69D
12.630187 55.654648 70
12.631601 55.653667 71
12.63026 55.654526 72
12.631653 55.65347 73
12.63024 55.654392 74
12.631515 55.653442 75
12.630426 55.654305 76
12.631699 55.65314 77
12.630501 55.654163 78
12.632102 55.652668 79
12.630613 55.653976 80
12.632251 55.652676 81
12.632484 55.65268 83
12.632627 55.652683 85
12.630223 55.653393 86
12.632861 55.65269 87
12.630559 55.653313 88
12.633 55.652695 89
12.630966 55.653404 90
12.633239 55.652695 91
12.631099 55.653275 92
12.633389 55.6527 93
12.631116 55.653137 94
12.63238 55.65211 97
12.632581 55.652 99
12.63153 55.65261 100
12.63265 55.651863 101
12.631605 55.652477 102
12.63278 55.65168 103
12.631767 55.652367 104
12.632941 55.65151 105
12.632838 55.651337 107
12.632064 55.651886 108
12.632326 55.65151 110
12.63319 55.650955 111
12.632368 55.651344 112
12.633374 55.65082 113
12.632555 55.65104 114
12.633298 55.650665 115
12.632595 55.65089 116
12.632762 55.650623 118
12.632869 55.650303 120
12.632868 55.65007 122
12.633283 55.64951 124
12.633397 55.649235 126
12.633603 55.648952 128
12.633533 55.648796 130
12.633617 55.648643 134
12.634056 55.649017 135
12.634178 55.648724 137
12.635294 55.6486 139
12.634932 55.648247 139A
12.634061 55.647717 140
12.63477 55.64807 141
12.634197 55.64763 142
12.634816 55.64789 143
12.634331 55.647545 144
12.634944 55.647682 145
12.634316 55.64725 146
12.63564 55.647675 147
12.634431 55.647182 148
12.635088 55.647488 149
12.634563 55.647102 150
12.635186 55.647343 151
12.634688 55.64703 152
12.635535 55.646816 153
12.633922 55.647045 154
12.635686 55.64659 155
12.634043 55.64697 156
12.634155 55.6469 158
12.636513 55.64638 159
12.634266 55.646828 160
12.635894 55.646275 161
12.636108 55.645958 163
12.634865 55.64644 164
12.634983 55.64637 166
12.636891 55.645763 167
12.635114 55.646297 168
12.636318 55.64564 169
12.635286 55.646187 170
12.636913 55.645134 171
12.634288 55.646343 172
12.634437 55.64625 174
12.634592 55.64615 176
12.634757 55.646053 178
12.635171 55.645927 180
12.635347 55.64583 182
12.635506 55.645725 184
12.635688 55.645615 186
12.635976 55.64522 188
12.636013 55.645172 190
12.636053 55.645115 192
12.636091 55.64506 194
12.636131 55.645004 196
12.636174 55.64495 198
12.636213 55.644897 200
12.636248 55.644848 202
12.629981 55.657867 39
12.633974 55.64821 136
12.637092 55.64506 171A
12.636745 55.646076 165
12.630787 55.654675 65A
12.631024 55.654686 65B
12.631196 55.654694 65C
12.631393 55.654686 65D
12.631585 55.6547 65E
12.631752 55.6547 65F
12.632024 55.654705 65G
12.63218 55.654736 65H
12.632385 55.65469 65K
12.632576 55.65447 65L
12.632354 55.654434 65M
12.632151 55.654472 65N
12.631979 55.65446 65P
12.631773 55.65444 65R
12.631589 55.65445 65S
12.631397 55.654457 65T
12.63121 55.654453 65U
12.630996 55.654446 65V
12.630846 55.654438 65X
12.631019 55.65434 67A
12.631226 55.65436 67B
12.631367 55.65435 67C
12.631612 55.654358 67D
12.631801 55.654354 67E
12.631966 55.654366 67F
12.632177 55.654366 67G
12.6324 55.654346 67H
12.632636 55.654346 67K
12.632754 55.654083 67L
12.632483 55.65408 67M
12.632311 55.65409 67N
12.632153 55.65417 67P
12.631958 55.654087 67R
12.631774 55.654087 67S
12.631539 55.654076 67T
12.631384 55.65408 67U
12.631126 55.654087 67V
12.628886 55.657043 48A
12.628967 55.65692 48B
12.635837 55.646553 157
