12.592693 55.66396 94
12.590853 55.66431 58
12.591327 55.66427 62
12.590669 55.663807 54
12.591247 55.664055 64
12.590379 55.66409 50
12.591106 55.664288 60
12.590511 55.66394 52
12.590954 55.663864 66
12.591734 55.664146 74
12.591864 55.663975 76
12.592773 55.66426 100
12.593249 55.664207 104
12.591759 55.66422 72
12.592768 55.663933 96
12.591763 55.664246 70
12.593359 55.664204 118
12.591972 55.664303 78
12.593065 55.664227 102
12.593011 55.66397 112
12.592594 55.664047 90
12.592581 55.66398 98
12.592895 55.663918 116
12.593258 55.664055 106
12.593182 55.664024 108
12.592936 55.66395 114
12.593104 55.663998 110
12.592694 55.6641 92
