12.598643 55.66229 4
12.596566 55.662613 9
12.596246 55.662693 13
12.596171 55.662712 15
12.595957 55.662773 17
12.595768 55.662823 19
12.595583 55.66287 21
12.596458 55.662895 22
12.595373 55.662926 23
12.596239 55.66295 24
12.595411 55.66326 26
12.595014 55.663227 27
12.595337 55.663364 28
12.594936 55.663334 29
12.595247 55.6635 30
12.594867 55.663433 31
12.59518 55.663593 32
12.594793 55.663532 33
12.595098 55.663704 34
12.597009 55.6625 5
12.59679 55.662556 7
12.596341 55.662666 11
12.607036 55.63462 1
