12.627271 55.64981 3
12.627889 55.649532 6
12.628063 55.649982 7
12.628285 55.649612 8
12.628419 55.65007 9
12.628664 55.649555 10
12.628939 55.650043 11
12.629133 55.649784 12
12.629267 55.65018 13
12.629561 55.649864 14
12.629928 55.6499 16
12.630027 55.65027 17
12.630233 55.64996 18
12.631286 55.650135 22
12.63139 55.650562 23
12.631628 55.650196 24
12.632092 55.65024 26
12.632187 55.650635 27
12.63246 55.650322 28
12.63272 55.650585 29
12.633673 55.650723 33
12.633897 55.65078 35
12.634127 55.650787 37
12.63454 55.650692 39
12.635706 55.65045 40
12.635538 55.650826 41
12.635787 55.650745 43
12.636032 55.65077 45
12.627691 55.64934 4
12.627788 55.649834 5A
12.62773 55.64992 5B
12.629759 55.650204 15A
12.629722 55.650272 15B
12.631895 55.650524 25A
12.63185 55.65063 25B
12.626457 55.643784 6
