12.605476 55.660442 2
12.606386 55.661125 3
12.605899 55.66063 4
12.606675 55.661243 5
12.606286 55.66081 6
12.606856 55.661327 7
12.606614 55.660984 10
12.606783 55.66106 12
12.60694 55.66114 14
12.607461 55.66166 15
12.607038 55.66119 16
12.607844 55.661877 17
12.607242 55.66127 18
12.608018 55.66197 19
12.607725 55.661507 20
12.608138 55.662037 21
12.608042 55.661655 22
12.608263 55.662098 23
12.60819 55.66173 24
12.608375 55.662163 25
12.608514 55.662228 27
12.609264 55.661522 28
12.609047 55.662556 29
12.609137 55.661617 30
12.609179 55.662613 31
12.609027 55.661697 32
12.609479 55.66275 33
12.608907 55.6618 34
12.609794 55.6629 35
12.608771 55.66187 36
12.610492 55.663254 37
12.60873 55.661953 38
12.610644 55.663338 39
12.608868 55.662025 40
12.609005 55.6621 42
12.609184 55.662148 44
12.609285 55.66213 46A
12.609464 55.662098 46B
12.609635 55.662064 48A
12.609802 55.662037 48B
12.609675 55.662495 50
12.610909 55.66242 58A
12.61087 55.662506 60
12.610827 55.662605 62
12.61078 55.66269 64
12.61075 55.662777 66
12.610703 55.662933 68
12.610869 55.66299 70
12.61101 55.66303 72
12.611157 55.66308 74
12.611306 55.66311 76
12.61144 55.663136 78
12.611608 55.663155 80
12.611806 55.663162 82
12.611534 55.663544 84
12.61168 55.663574 86
12.61183 55.663616 88
12.611983 55.663647 90
12.6099825 55.662952 35
