12.590627 55.651493 3
12.589831 55.651516 4
12.590504 55.65136 5
12.589931 55.651375 6
12.59063 55.651196 7
12.589939 55.65117 8
12.590343 55.651 9
12.58978 55.651028 10
12.590399 55.650795 11
12.589795 55.650864 12
12.590174 55.650627 13A
12.590154 55.650566 13B
12.589752 55.65074 14
12.589976 55.649937 15
12.589587 55.65062 16
12.589873 55.649773 17
12.589554 55.650475 18
12.5898 55.64961 19
12.589522 55.650326 20
12.58991 55.649464 21
12.589498 55.650032 22
12.589829 55.649345 23
12.58942 55.64975 24
12.589301 55.649605 26
12.589352 55.649456 28
12.589325 55.649338 30
12.57271 55.688538 2
