12.622279 55.660015 4
12.622998 55.659946 5
12.622526 55.6599 6
12.623157 55.659843 7
12.622719 55.659794 8
12.623392 55.659756 9A
12.623428 55.659657 9B
12.622938 55.659637 10
12.622997 55.659584 10A
12.623526 55.659515 11
12.623051 55.65946 12
12.623888 55.65946 13
12.623256 55.65937 14
12.623791 55.659286 15
12.623364 55.659252 16
12.623997 55.65912 17
12.623509 55.65913 18
12.624138 55.659004 19
12.623813 55.658844 20
12.624281 55.658894 21
12.624067 55.658634 22A
12.624105 55.658592 22B
12.624136 55.658554 22C
12.624173 55.658512 24A
12.624207 55.65847 24B
12.624241 55.65843 24C
12.624684 55.658512 25
12.624283 55.65839 26A
12.624319 55.65835 26B
12.624356 55.658314 26C
12.624391 55.65827 26D
12.624816 55.65839 27
12.624428 55.658234 28A
12.624463 55.658195 28B
12.624503 55.658154 28C
12.624537 55.65811 28D
12.625002 55.658253 29
12.624582 55.657974 30
12.625217 55.658077 31
12.625191 55.657875 33
12.625126 55.657322 34
12.625445 55.657738 35
12.625219 55.657204 36
12.625313 55.6571 38
12.625736 55.657146 39
12.625398 55.656975 40A
12.625263 55.65682 40B
12.625923 55.657 41
12.625593 55.65677 42
12.626071 55.656826 43
12.625629 55.656616 44
12.626324 55.656742 45
12.625668 55.65648 46
12.626256 55.656517 47
12.62564 55.656338 48
12.626585 55.65642 49
12.625993 55.656178 50
12.626557 55.656265 51
12.626218 55.65599 52
12.579034 55.687553 2
