12.614363 55.65477 2
12.615039 55.65465 3
12.614475 55.654594 4
12.615222 55.65469 5
12.614693 55.65425 6
12.615404 55.65443 7
12.6148 55.654095 8
12.615255 55.654404 9
12.615025 55.653687 10
12.615095 55.654377 11
12.615081 55.65357 12
12.615398 55.653763 13
12.615146 55.653454 14
12.615465 55.653645 15
12.615503 55.653553 17
12.615553 55.653458 19
12.615211 55.653328 20
12.615595 55.65337 21
12.615376 55.653004 22
12.615778 55.653046 23
12.615829 55.652924 25
12.615924 55.652767 27
12.615978 55.652668 29
12.616037 55.652565 31
12.616102 55.65245 33
12.616278 55.652176 35
12.61633 55.652084 37
12.616387 55.65198 39
12.615839 55.65207 40A
12.615692 55.652046 40B
12.615556 55.652027 40C
12.615198 55.65197 40D
12.615046 55.651943 40E
12.614871 55.65192 40F
12.615974 55.651966 42
12.616023 55.651882 44
12.616075 55.65179 46
12.616228 55.651466 48
12.616661 55.651627 49
12.616284 55.651344 50
12.616724 55.65149 51
12.616717 55.65133 53
12.616852 55.650955 55
12.61662 55.650597 56
12.616954 55.65074 57
12.616659 55.65054 58
12.616937 55.650215 60
12.617626 55.65032 61
12.616991 55.650158 62
12.617768 55.649815 63
12.617152 55.649994 64
12.61721 55.64995 66
12.617863 55.649635 69
12.617426 55.64961 70
12.61746 55.64945 72
12.617487 55.649254 74
12.618135 55.64912 75
12.617849 55.648785 76
12.618211 55.648964 77
12.617963 55.64854 78
12.618017 55.64843 80
12.618421 55.64855 81
12.618074 55.64832 82
12.618487 55.64843 83
12.618127 55.648216 84
12.618552 55.64827 85
12.618181 55.648113 86
12.618667 55.64812 87
12.618277 55.647938 88A
12.61834 55.64781 88B
12.618972 55.647587 89
12.619013 55.647522 89A
12.618419 55.64768 90A
12.618479 55.647568 90B
12.61923 55.647358 91
12.618725 55.64718 92
12.619427 55.64692 93
12.618855 55.64703 94
12.61984 55.646645 95
12.618902 55.646828 96
12.619075 55.646706 98
12.62007 55.646168 99
12.619181 55.64655 100
12.620113 55.646038 101A
12.620137 55.646 101B
12.620225 55.64597 101C
12.620335 55.645836 103
12.619572 55.64607 104
12.620568 55.645454 105
12.61966 55.64593 106
12.620762 55.645496 107
12.619723 55.64585 108
12.620956 55.645542 109
12.619786 55.645725 110
12.621157 55.64558 111
12.619819 55.645657 112
12.619885 55.64553 114
12.61992 55.645466 116
12.621335 55.64412 117
12.619977 55.645332 118
12.621358 55.643963 119
12.62002 55.645256 120
12.621464 55.643795 121
12.621781 55.643394 125
12.620288 55.644703 126
12.621788 55.643234 127
12.620478 55.64459 128
12.621883 55.64309 129
12.620554 55.644466 130
12.620574 55.64429 132
12.622016 55.642677 133
12.620749 55.644173 134
12.622076 55.642532 135
12.620819 55.64406 136
12.622202 55.642406 137
12.620923 55.643944 138
12.622261 55.642258 139
12.621013 55.643806 140
12.622283 55.642117 141
12.622457 55.642017 143
12.621298 55.643265 144
12.622734 55.641632 145
12.622838 55.641495 145A
12.621318 55.64313 146
12.623025 55.6414 147
12.621457 55.64301 148
12.62286 55.641216 149
12.621191 55.642788 150
12.62294 55.641064 151
12.62164 55.642567 152
12.621631 55.642426 154
12.623287 55.640675 155
12.621644 55.642273 156
12.621827 55.64215 158
12.621774 55.641994 160
12.621992 55.641884 162
12.622234 55.641483 164
12.622343 55.64124 166
12.622442 55.6411 168
12.622495 55.64098 170
12.621594 55.642803 150B
12.617343 55.650272 61B
12.622475 55.641804 143A
12.615419 55.652008 40G
12.617398 55.64969 68
12.666949 55.59455 1
