12.614489 55.641647 8
12.614442 55.641785 10
12.614399 55.64191 12
12.613889 55.641457 14
12.613847 55.641567 16
12.613796 55.64171 18
12.611675 55.640697 19
12.613755 55.641834 20
12.610947 55.6406 21
12.613245 55.641376 22
12.610596 55.64058 23
12.613206 55.64149 24
12.610316 55.64053 25
12.613157 55.64163 26
12.609996 55.640488 27
12.613111 55.641754 28
12.609695 55.640484 29
12.612599 55.6413 30
12.609356 55.640438 31
12.612556 55.641415 32
12.609102 55.64036 33
12.612509 55.641552 34
12.608773 55.640316 35
12.612468 55.641678 36
12.611954 55.641224 38
12.611914 55.641342 40
12.611862 55.641476 42
12.61181 55.641598 44
12.611298 55.641148 46
12.611255 55.641262 48
12.611209 55.641396 50
12.611167 55.64152 52
12.610037 55.640846 54
12.60843 55.640293 37
12.608099 55.64026 39
12.614543 55.642113 4
12.612635 55.6418 36A
12.611967 55.641727 44A
12.611312 55.641644 52A
12.615148 55.64104 5
12.615167 55.640987 7
12.610316 55.64105 76
12.610186 55.641033 80
12.609979 55.641228 98
12.610035 55.64141 122
12.610232 55.64087 60
12.610499 55.640903 68
12.610309 55.641273 108
12.60997 55.641403 124
12.610433 55.640892 66
12.609916 55.64122 96
12.610449 55.641064 72
12.610046 55.64123 100
12.610234 55.641434 116
12.610177 55.641254 104
12.610112 55.641243 102
12.610241 55.641266 106
12.610376 55.641277 110
12.610166 55.641426 118
12.610381 55.641056 74
12.609931 55.641006 88
12.61036 55.640884 64
12.60999 55.64101 86
12.609832 55.641388 128
12.609789 55.641205 92
12.609902 55.641396 126
12.610098 55.64142 120
12.61036 55.64145 112
12.610569 55.640907 70
12.609849 55.64121 94
12.610297 55.64088 62
12.610252 55.641045 78
12.610103 55.640858 56
12.610164 55.64086 58
12.610054 55.64102 84
12.609858 55.640995 90
12.610122 55.641026 82
12.610294 55.64144 114
12.609006 55.622845 2
