12.592681 55.652367 3
12.592433 55.65252 5
12.59263 55.65291 6
12.592197 55.65253 7
12.592349 55.652878 8
12.591925 55.6525 9
12.592099 55.65287 10
12.591687 55.652504 11
12.591881 55.652905 12
12.591369 55.65255 13
12.591619 55.652893 14
12.590971 55.65256 15
12.591321 55.65286 16
12.590654 55.652554 17
12.591062 55.652863 18
12.590402 55.65257 19
12.590849 55.65287 20
12.590141 55.65254 21
12.590557 55.652832 22
12.58989 55.652557 23
12.59031 55.65284 24
12.589647 55.652554 25
12.590068 55.652966 26
12.589783 55.652813 28
12.639975 55.586548 1
