12.575545 55.66558 1
12.575752 55.6655 3
12.576723 55.66476 4
12.575941 55.665424 5
12.577266 55.664555 6
12.576755 55.665062 7
12.577482 55.66442 8
12.576898 55.66501 9
12.577025 55.664955 11
12.577162 55.6649 13
12.577739 55.664654 15
12.577948 55.664574 17
12.578779 55.663902 18
12.578086 55.664516 19
12.578979 55.66382 20
12.578229 55.66446 21
12.579687 55.663544 22
12.57837 55.664402 23
12.579874 55.66346 24
12.578495 55.66434 25
12.580025 55.6634 26
12.578635 55.664276 27
12.580175 55.663334 28
12.578792 55.664223 29
12.580326 55.66327 30
12.578928 55.66416 31
12.58047 55.66321 32
12.579068 55.6641 33
12.580613 55.66315 34
12.579216 55.66404 35
12.580803 55.66307 36
12.579414 55.66394 37
12.580897 55.66298 38
12.579907 55.663727 39
12.580107 55.663654 41
12.580253 55.663593 43
12.580475 55.6635 45
12.580598 55.663445 47
12.580735 55.66339 49
12.580867 55.663326 51
12.581021 55.66327 53
12.581151 55.663208 55
12.581288 55.66315 57
12.578007 55.66419 10
