12.593265 55.650864 1
12.592898 55.65061 2
12.593284 55.650906 3
12.592976 55.650597 4
12.5933 55.65095 5
12.593057 55.650585 6
12.593312 55.650997 7
12.593134 55.650574 8
12.593329 55.651043 9
12.593211 55.650566 10
12.593351 55.65109 11
12.593288 55.650555 12
12.593372 55.651134 13
12.593368 55.650543 14
12.593388 55.651173 15
12.59345 55.65053 16
12.593404 55.651222 17
12.593526 55.650524 18
12.593423 55.651268 19
12.593605 55.650517 20
12.593787 55.6508 21
12.593684 55.650505 22
12.593806 55.65084 23
12.593926 55.650524 24
12.593817 55.650887 25
12.594006 55.650513 26
12.593835 55.650932 27
12.59408 55.650505 28
12.593853 55.650978 29
12.594162 55.650494 30
12.593869 55.651024 31
12.594239 55.650482 32
12.593887 55.651066 33
12.594319 55.65047 34
12.593907 55.65111 35
12.594396 55.650463 36
12.59392 55.651157 37
12.594478 55.65045 38
12.59394 55.6512 39
12.594556 55.650444 40
12.594636 55.650433 42
12.594716 55.650425 44
12.509977 55.677986 1
