12.591989 55.638313 2
12.59202 55.63816 3
12.592101 55.638012 4
12.592141 55.63787 5
12.592167 55.637733 6
12.592273 55.637608 7
12.592253 55.637486 8
12.592223 55.637226 10
12.592324 55.637096 11
12.592333 55.63696 12
12.592358 55.636845 13
12.591802 55.63684 14
12.591785 55.63695 15
12.591751 55.63709 16
12.591736 55.637222 17
12.591725 55.637344 18
12.591695 55.637554 19
12.591674 55.637672 20
12.591765 55.637794 21
12.591656 55.637917 22
12.591663 55.638042 23
12.591609 55.638187 24
12.591616 55.638317 25
12.591545 55.63848 26
12.591283 55.63846 27
12.591297 55.638336 28
12.591285 55.638172 29
12.59131 55.63804 30
12.591288 55.6379 31
12.591403 55.637783 32
12.591198 55.637676 33
12.591304 55.63754 34
12.591316 55.6373 35
12.591439 55.63719 36
12.591457 55.63707 37
12.591426 55.636955 38
12.591504 55.63685 39
12.590887 55.636818 40
12.590853 55.636963 41
12.590856 55.637093 42
12.590808 55.6372 43
12.590839 55.637344 44
12.590879 55.637665 45
12.590873 55.63777 46
12.590854 55.63791 47
12.590836 55.63804 48
12.5908 55.63814 49
12.59078 55.638268 50
12.590722 55.638374 51
12.590771 55.6385 52
12.590821 55.63745 44A
12.59224 55.63736 9
