12.629608 55.666393 1
12.629651 55.666157 2
12.629814 55.66645 3
12.629787 55.666214 4
12.629941 55.666485 5
12.630186 55.666283 6
12.630144 55.666527 7
12.630421 55.66635 8
12.630334 55.666588 9
12.630626 55.666428 10
12.630552 55.66662 11
12.630926 55.66651 12
12.630711 55.66668 13
12.631133 55.666553 14
12.630913 55.66674 15
12.631497 55.666656 16
12.631137 55.6668 17
12.631717 55.66671 18
12.631307 55.66684 19
12.631888 55.666824 20
12.631507 55.666927 21
12.631798 55.66694 22
12.631144 55.66734 23
12.63172 55.667057 24
12.63081 55.6677 25
12.631587 55.667183 26
12.630646 55.66794 27
12.631475 55.667324 28
12.630542 55.668022 29
12.631369 55.66748 30
12.630318 55.667957 31
12.631261 55.66761 32
12.630163 55.667904 33
12.631151 55.66774 34
12.62996 55.66786 35
12.631023 55.667854 36
12.629768 55.667816 37
12.630914 55.668007 38
12.629561 55.667774 39
12.630788 55.66815 40
12.629374 55.66774 41
12.630689 55.66827 42
12.629233 55.66764 43
12.630346 55.668236 44
12.629016 55.667625 45
12.630148 55.668167 46
12.628825 55.667564 47
12.629842 55.668087 48
12.628608 55.66749 49
12.629612 55.668026 50
12.628462 55.667465 51
12.629337 55.667942 52
12.629407 55.66686 53
12.629088 55.667873 54
12.629487 55.66676 55
12.628836 55.66779 56
12.62855 55.667706 58
12.628287 55.66764 60
12.627909 55.667538 62
12.628004 55.66746 64
12.628081 55.66737 66
12.62816 55.667282 68
12.628239 55.6672 70
12.628321 55.66712 72
12.628742 55.66704 74
12.6289 55.666935 76
12.629021 55.666832 78
12.629217 55.66663 80
12.629346 55.666508 82
12.629196 55.666164 84
12.629242 55.66604 86
12.591711 55.621098 3
