12.58985 55.62929 100
12.58987 55.62966 101
12.590024 55.629253 102
12.590082 55.62965 103
12.590302 55.629204 104
12.590316 55.629597 105
12.590534 55.629265 106
12.591028 55.629288 110
12.59094 55.629536 111
12.591099 55.629482 113
12.590574 55.629604 107
12.590719 55.629253 108
12.590763 55.629543 109
12.589157 55.63072 11
12.591947 55.629456 117
12.591755 55.629494 115
12.589498 55.630695 11A
12.589136 55.63042 12
12.587873 55.62932 124
12.588085 55.62931 125
12.588326 55.62929 126
12.58851 55.629265 127
12.588769 55.62924 128
12.588949 55.629223 129
12.589835 55.630722 13
12.589151 55.629158 130
12.589376 55.62915 131
12.589619 55.629143 132
12.589337 55.63039 14
12.590059 55.630684 15
12.589541 55.63036 16
12.590272 55.630657 17
12.589892 55.63032 18
12.59009 55.63033 18A
12.590489 55.63066 19
12.588056 55.630524 2
12.590407 55.63037 20
12.590909 55.630627 23
12.590589 55.630272 22
12.590666 55.630634 21
12.590988 55.630215 26
12.590827 55.63027 24
12.591116 55.63057 25
12.59132 55.630547 27
12.591216 55.63021 28
12.591528 55.630547 29
12.588347 55.630867 3
12.591407 55.630196 30
12.59175 55.630505 31
12.59163 55.630127 32
12.591949 55.630478 33
12.591834 55.63016 34
12.592179 55.63048 35
12.592065 55.630104 36
12.588812 55.629932 52
12.589109 55.630272 53
12.592337 55.63046 37
12.592279 55.63009 38
12.592623 55.63044 39
12.58829 55.63049 4
12.592509 55.630062 40
12.592823 55.63042 41
12.592669 55.630062 42
12.588033 55.63039 43
12.588013 55.62996 44
12.588415 55.62993 48
12.588244 55.630306 45
12.588195 55.629967 46
12.588478 55.63032 47
12.588669 55.630302 49
12.588546 55.63087 5
12.588632 55.629936 50
12.58888 55.630264 51
12.589078 55.629883 54
12.589306 55.630245 55
12.589255 55.629852 56
12.589525 55.63017 57
12.589453 55.629868 58
12.589754 55.630203 59
12.588469 55.63044 6
12.589725 55.629856 60
12.589931 55.630177 61
12.589926 55.629787 62
12.590221 55.630108 63
12.59043 55.63006 63A
12.590056 55.629772 64
12.591 55.63005 65
12.590654 55.62987 66A
12.590464 55.629753 66B
12.590795 55.62969 66C
12.591165 55.63004 67
12.591347 55.629723 68
12.591375 55.63003 69
12.588724 55.630825 7
12.591561 55.629646 70
12.592006 55.62998 75
12.592188 55.629562 76
12.592236 55.629932 77
12.592388 55.629536 78
12.592466 55.62991 79
12.59161 55.63001 71
12.591739 55.629627 72
12.591816 55.630013 73
12.591998 55.629604 74
12.588711 55.63042 8
12.592598 55.62953 80
12.587907 55.62944 82
12.587982 55.629845 83
12.588129 55.629433 84
12.588226 55.629826 85
12.588335 55.629395 86
12.588378 55.629803 87
12.588579 55.629436 88
12.588596 55.629784 89
12.588974 55.630806 9
12.588817 55.62937 90
12.588815 55.629745 91
12.588953 55.629368 92
12.589067 55.629738 93
12.58922 55.629337 94
12.58924 55.629738 95
12.589418 55.629276 96
12.589472 55.62971 97
12.589634 55.62926 98
12.589643 55.62969 99
12.588144 55.630856 1
12.585843 55.621635 1
