12.591796 55.63067 49
12.590865 55.630775 43
12.588092 55.6313 1
12.591595 55.630993 23
12.588729 55.631264 5
12.590121 55.630848 38
12.588381 55.630985 27
12.589061 55.631226 7
12.589147 55.630928 32
12.592123 55.630745 51
12.590193 55.63111 14
12.591016 55.63078 44
12.589679 55.631172 11
12.591355 55.63073 46
12.589878 55.631153 12
12.589008 55.63094 31
12.588838 55.630966 30
12.590543 55.630795 41
12.591332 55.631016 21
12.589206 55.63121 8
12.58938 55.63119 9
12.590654 55.6311 17
12.591989 55.630653 50
12.590823 55.63107 18
12.591481 55.6307 47
12.588261 55.631287 2
12.59167 55.630684 48
12.589444 55.630886 34
12.588895 55.631237 6
12.590047 55.631138 13
12.588681 55.63095 29
12.589608 55.630863 35
12.590757 55.63077 42
12.590342 55.6311 15
12.588083 55.631046 25
12.590425 55.630806 40
12.589542 55.63119 10
12.591156 55.631035 20
12.588436 55.63128 3
12.58857 55.631268 4
12.591208 55.630737 45
12.589335 55.630924 33
12.591781 55.63098 24
12.590988 55.631058 19
12.588539 55.63099 28
12.590257 55.63083 39
12.589756 55.63088 36
12.59146 55.63099 22
12.590504 55.6311 16
12.589958 55.63086 37
12.523239 55.642857 114
