12.610519 55.67372 1
12.611035 55.674168 10
12.610867 55.674118 11
12.61064 55.67408 17
12.610801 55.674156 18
12.610689 55.67403 12
12.610527 55.67396 13
12.610308 55.67385 14
12.610231 55.673927 15
12.610461 55.674007 16
12.610992 55.674213 19
12.611129 55.674274 20
12.611273 55.67439 21
12.610683 55.673786 2
12.611141 55.674534 22
12.610912 55.67446 23
12.610577 55.674385 26
12.610351 55.674362 26A
12.610738 55.67446 27
12.610858 55.6745 28
12.61063 55.67436 25
12.610374 55.674217 25A
12.611006 55.674637 29
12.61082 55.67384 3
12.610825 55.67478 30
12.610674 55.67472 31
12.610438 55.674667 32
12.610311 55.67457 33
12.610748 55.674877 34
12.61104 55.67392 4
12.611165 55.674225 9
12.611207 55.673985 5
12.611333 55.67404 6
12.611488 55.6741 7
12.611308 55.674286 8
