12.598445 55.639305 1
12.597017 55.63932 10
12.596881 55.639256 11
12.59589 55.639305 17
12.595728 55.63931 18
12.596698 55.63935 12
12.596545 55.639324 13
12.59639 55.639317 14
12.596215 55.63932 15
12.59608 55.639297 16
12.595522 55.639317 19
12.595388 55.639328 20
12.595184 55.639328 21
12.598238 55.639336 2
12.595071 55.6393 22
12.594897 55.639317 23
12.594422 55.63933 26
12.59427 55.639336 27
12.594086 55.63934 28
12.594552 55.63933 25
12.593923 55.63933 29
12.598108 55.639324 3
12.593723 55.639328 30
12.593581 55.63928 31
12.593365 55.639347 32
12.593263 55.63929 33
12.593079 55.63932 34
12.592898 55.63933 35
12.592739 55.63929 36
12.59258 55.63927 37
12.592358 55.639343 38
12.592255 55.63925 39
12.597925 55.639343 4
12.597205 55.639217 9
12.597791 55.63933 5
12.597637 55.639267 6
12.597526 55.639187 7
12.59734 55.639286 8
12.592094 55.639313 40
