12.567003 55.655933 19
12.566837 55.655975 15
12.566676 55.656017 11
12.566754 55.655994 13
12.567086 55.655914 21
12.567167 55.65589 23
12.567249 55.655872 25
12.56733 55.655853 27
12.567408 55.65583 29
12.567492 55.65581 31
12.567574 55.655792 33
12.567657 55.65577 35
12.567625 55.655354 46
12.567698 55.65534 48
12.567781 55.65532 50
12.567855 55.6553 52
12.567933 55.655285 54
12.568007 55.655266 56
12.568075 55.65525 58
12.568182 55.655212 60
12.566511 55.65606 7
12.566594 55.656036 9
12.566614 55.655598 24
12.565845 55.655796 10
12.56616 55.65572 18
12.565925 55.655773 12
12.565998 55.655758 14
12.566069 55.65574 16
12.566445 55.65564 20
12.565583 55.65586 2
12.566525 55.65562 22
12.566697 55.655582 26
12.566779 55.655563 28
12.566848 55.65555 30
12.566917 55.655533 32
12.566983 55.655514 34
12.568037 55.65567 37
12.567056 55.655495 36
12.567121 55.655483 38
12.568341 55.655598 39
12.565647 55.65584 4
12.567185 55.655464 40
12.567249 55.65545 42
12.567312 55.655434 44
12.56571 55.65583 6
12.565778 55.65581 8
12.575397 55.590626 3
