12.614129 55.649235 2
12.614307 55.649498 3
12.6144 55.649303 4
12.614409 55.64951 5
12.614506 55.649323 6
12.614607 55.649536 7
12.614718 55.64935 8
12.614713 55.64955 9
12.614819 55.649364 10
12.61491 55.649582 11
12.615027 55.649395 12
12.615016 55.649597 13
12.615134 55.649406 14
12.615216 55.649624 15
12.615351 55.64944 16
12.61532 55.649635 17
12.615456 55.649456 18
12.615521 55.649666 19
12.615674 55.649483 20
12.615624 55.64968 21
12.615776 55.649498 22
12.615827 55.649708 23
12.615984 55.649525 24
12.615931 55.649727 25
12.616107 55.649544 26
12.616127 55.64975 27
12.616312 55.64957 28
12.616235 55.649765 29
12.616429 55.64959 30
12.616436 55.64979 31
12.616635 55.64961 32
12.616541 55.649815 33
12.616742 55.649624 34
12.61674 55.649837 35
12.616951 55.649654 36
12.616852 55.649857 37
12.617061 55.64967 38
12.61719 55.649918 39
12.61729 55.64967 40
12.673513 55.59301 1
