12.611189 55.654457 1
12.61117 55.654213 2
12.611355 55.654488 3
12.611381 55.65425 4
12.611511 55.65452 5
12.611528 55.65428 6
12.61168 55.65455 7
12.611712 55.65432 8
12.611879 55.65459 9
12.611898 55.654354 10
12.612407 55.6547 11
12.61259 55.65449 12
12.61266 55.654743 13
12.612845 55.65454 14
12.612828 55.654778 15
12.613092 55.65459 16
12.613061 55.654865 17
12.613294 55.65463 18
12.61331 55.654873 19
12.613453 55.65466 20
12.613635 55.655327 21A
12.613767 55.655342 21B
12.613617 55.654697 22
12.6139 55.655373 23A
12.614032 55.6554 23B
12.613777 55.65473 24
12.614203 55.655434 25A
12.614405 55.655376 25B
12.614005 55.654774 26
12.614468 55.655266 27A
12.614524 55.655167 27B
12.614178 55.6548 28
12.615144 55.655247 29
12.614733 55.654922 30
12.61543 55.6553 31
12.614874 55.65495 32
12.615523 55.65538 33
12.615025 55.654984 34
12.61547 55.655457 35
12.6152 55.655018 36
12.61542 55.65554 37
12.615722 55.655117 38
12.615373 55.65562 39
12.615904 55.65515 40
12.615406 55.655724 41
12.616075 55.65518 42
12.61555 55.65575 43
12.61623 55.655212 44
12.61573 55.65579 45
12.616385 55.65525 46
12.615868 55.65581 47
12.61662 55.6553 48
12.616043 55.65579 49
12.616805 55.65534 50
12.616101 55.655693 51
12.617016 55.655376 52
12.61616 55.655598 53
12.616216 55.655502 55
12.616392 55.655487 57
12.616603 55.655533 59
12.616906 55.655586 61
12.616985 55.6556 63
12.614138 55.655113 27C
12.614125 55.655148 27D
12.612645 55.630497 2
