12.601055 55.65696 2B
12.601186 55.65708 2C
12.60129 55.657207 2D
12.600659 55.65686 2E
12.601418 55.65733 4A
12.601549 55.657448 4B
12.601689 55.657566 4C
12.601827 55.65768 4D
12.599434 55.656925 5
12.601977 55.6578 6A
12.60214 55.657906 6B
12.602292 55.658016 6C
12.598504 55.657066 7
12.602336 55.658157 8A
12.602145 55.65824 8B
12.598983 55.657482 10
12.598538 55.657597 12
12.598357 55.657665 14
12.59816 55.65775 16
12.597833 55.657993 18
12.597726 55.657936 20
12.597925 55.65749 11
12.598604 55.657253 9
12.544045 55.690735 4
