12.587478 55.63672 4
12.587359 55.63678 6
12.587306 55.6368 8
12.587126 55.63676 10
12.587364 55.636818 12
12.587361 55.636868 14
12.58738 55.63692 16
12.587494 55.63707 18
12.587587 55.637062 20
12.587674 55.63704 22
12.587765 55.63703 24
12.587872 55.637035 26
12.587994 55.637012 28
12.586858 55.636715 30
12.586879 55.63678 32
12.586814 55.636868 34
12.586834 55.636917 36
12.586866 55.636974 38
12.586879 55.637028 40
12.587088 55.63714 42
12.587181 55.637142 44
12.587311 55.63714 46
12.586577 55.636795 48
12.586464 55.636814 50
12.586362 55.636818 52
12.586278 55.636883 54
12.586207 55.63687 56
12.586282 55.636913 58
12.586309 55.636963 60
12.586326 55.637016 62
12.586329 55.63707 64
12.586344 55.637123 66
12.586356 55.637173 68
12.586599 55.636887 70
12.586618 55.63694 72
12.58663 55.63699 74
12.586656 55.637062 76
12.586671 55.63714 78
12.58668 55.637196 80
12.586693 55.637245 82
12.585968 55.636898 84
12.585795 55.636925 86
12.585651 55.63694 88
12.58555 55.637016 90
12.58558 55.63707 92
12.586083 55.637203 94
12.585957 55.63722 96
12.585853 55.637222 98
12.585768 55.63723 100
12.585636 55.63725 102
12.585545 55.63726 104
12.585445 55.637264 106
12.585466 55.636925 108
12.585591 55.63691 110
12.585461 55.63684 112
12.585216 55.63689 114
12.585241 55.63698 116
12.585258 55.637028 118
12.585291 55.637077 120
12.585306 55.637135 122
12.585305 55.637188 124
12.585322 55.637234 126
12.585332 55.637283 128
12.576499 55.69228 3
