12.602703 55.65261 3
12.60312 55.652424 5A
12.603388 55.65252 5B
12.60313 55.652225 7
12.603361 55.652023 9
12.603617 55.651527 13
12.603568 55.651287 15
12.603765 55.651188 17
12.60384 55.651005 19
12.603849 55.65083 21
12.605058 55.64774 45
12.605153 55.647415 47
12.605288 55.647278 49
12.605279 55.647106 51
12.605444 55.646782 53
12.605627 55.646492 55
12.605705 55.64627 57
12.605525 55.6453 64
12.606239 55.645363 65
12.605514 55.645184 66
12.606233 55.64515 67
12.605506 55.645058 68
12.605498 55.644943 70
12.606211 55.64481 71
12.605807 55.644657 72
12.605798 55.644577 74
12.605827 55.64442 76
12.606587 55.64396 77
12.606125 55.643917 78
12.606642 55.643826 79
12.606685 55.643696 81
12.606826 55.643555 83
12.606342 55.643368 84
12.606837 55.643406 85
12.606873 55.64327 87
12.606626 55.64243 88
12.606902 55.643093 89A
12.606981 55.6431 89B
12.606697 55.642292 90
12.60648 55.642124 92
12.606826 55.641987 94
12.608221 55.64105 95
12.607135 55.64075 102
12.607355 55.640617 104
12.607344 55.64046 106
12.607393 55.64031 108
12.607492 55.640167 110
12.60758 55.64004 112
12.607653 55.63989 114
12.607716 55.639755 116
12.608359 55.639595 119
12.608413 55.639385 121
12.604892 55.648266 43
12.605036 55.646297 60
12.602197 55.65235 4
12.602173 55.652294 6
12.606403 55.645035 69
12.606014 55.645443 63
