12.620424 55.654903 1
12.619599 55.654133 4
12.619749 55.654163 6
12.619983 55.654213 8
12.620192 55.654243 10
12.620373 55.654285 12
12.62057 55.65432 14
12.620795 55.654366 16
12.621022 55.654404 18
12.621282 55.654446 18B
12.621315 55.654392 18C
12.621344 55.65434 18D
12.621588 55.654503 20
12.622928 55.654995 23
12.622047 55.65458 26
12.623159 55.655342 27
12.622272 55.654617 28
12.623626 55.655457 29
12.622472 55.65466 30
12.624191 55.655552 31
12.624499 55.655598 33
12.623166 55.654823 34
12.62489 55.65572 35
12.623367 55.654858 36A
12.623559 55.654892 36B
12.625537 55.655853 37
12.623974 55.654972 38
12.625802 55.655907 39
12.624466 55.65502 40A
12.624581 55.655045 40B
12.624875 55.655148 42
12.626737 55.655994 43
12.625177 55.655205 44
12.626954 55.656162 45
12.625864 55.655354 46
12.627261 55.656166 47
12.626194 55.655396 48
12.62658 55.655453 50
12.628154 55.656395 51
12.627154 55.655598 52
12.628416 55.65642 53
12.627502 55.65557 54
12.628735 55.6564 55
12.627896 55.655727 56
12.628497 55.655807 58
12.630171 55.6566 59
12.628846 55.655804 60
12.630479 55.656624 61
12.629244 55.655987 62
12.630932 55.656693 63
12.629758 55.656284 63B
12.629963 55.656075 64A
12.630205 55.65609 64B
12.631914 55.65678 65A
12.632161 55.656895 65B
12.630487 55.65615 66
12.632485 55.65697 67
12.63075 55.656197 68
12.632709 55.657013 69
12.630996 55.656227 70
12.633265 55.65704 71
12.631238 55.65626 72
12.633543 55.657085 73
12.632403 55.656418 74
12.633782 55.65724 75
12.632667 55.656452 76
12.632915 55.656487 78
12.633479 55.65656 80
12.634979 55.657288 81
12.633739 55.6566 82
12.634056 55.656662 84
12.635611 55.657383 85
12.63453 55.656677 86
12.634871 55.656734 88
12.635183 55.6568 90
12.636095 55.65716 91
12.635801 55.656834 92
12.636257 55.656883 94
12.619326 55.654083 2
12.622693 55.654713 32
12.622688 55.65453 32A
12.631704 55.656395 72A
12.623862 55.655224 29B
12.624001 55.65525 29C
12.634476 55.656963 77B
12.634626 55.656982 79B
12.621821 55.654537 24
12.635361 55.657303 83A
12.63532 55.65738 83B
12.620907 55.654385 18A
12.620696 55.65511 5
12.620906 55.65501 7
12.619985 55.65497 3
12.577098 55.692944 3
