12.616627 55.64691 2
12.617125 55.646816 3
12.616685 55.646748 4
12.616818 55.64654 6
12.617074 55.645847 8
12.617537 55.645912 9
12.617126 55.645706 10
12.617589 55.645775 11
12.617146 55.645535 12
12.617192 55.645435 14
12.617243 55.64533 16
12.617285 55.645233 18
12.617331 55.645123 20
12.617375 55.645027 22
12.61742 55.64492 24
12.61845 55.64426 25
12.617461 55.64483 26
12.618553 55.644085 27
12.618522 55.64391 29
12.618618 55.64376 31
12.618042 55.643967 32
12.618716 55.643616 33
12.618122 55.643818 34
12.619163 55.642864 35
12.619215 55.642723 37
12.618154 55.64361 38A
12.617983 55.643585 38B
12.619316 55.64259 39
12.61831 55.64343 40
12.619468 55.64245 41
12.618336 55.643295 42
12.619637 55.642323 43
12.619581 55.642178 45
12.618654 55.642727 46
12.61981 55.642048 47
12.618671 55.642582 48
12.619836 55.641895 49
12.618883 55.64248 50
12.619978 55.64177 51
12.618891 55.642323 52
12.619868 55.6416 53
12.619066 55.64221 54
12.61991 55.64146 55
12.619122 55.642056 56
12.619215 55.641926 58
12.620384 55.640858 59
12.619284 55.641785 60
12.620421 55.640728 61
12.619382 55.641647 62
12.620548 55.64059 63
12.619462 55.641525 64
12.620654 55.640472 65
12.61956 55.64137 66
12.619884 55.64076 70
12.619957 55.64062 72
12.620012 55.640507 74
12.62009 55.640335 76
