12.626446 55.651375 1
12.626652 55.65141 3
12.626547 55.65113 4
12.626823 55.651157 6
12.62713 55.65152 7
12.627062 55.651245 8
12.627473 55.65129 10
12.628059 55.65168 11
12.627771 55.651356 12
12.628237 55.65178 13
12.628478 55.65146 14
12.628474 55.651752 15
12.628661 55.651783 17
12.628829 55.65153 18
12.628863 55.651836 19
12.629153 55.65157 20
12.629085 55.65188 21
12.629476 55.65164 22
12.629313 55.651917 23
12.629701 55.651676 24
12.629535 55.65195 25
12.630272 55.651768 26
12.630599 55.651825 28
12.63088 55.65189 30
12.631187 55.651962 32
12.631526 55.65203 34
12.631825 55.65208 36
12.630108 55.652115 37
12.630447 55.6521 39
12.630754 55.652122 41
12.630901 55.652294 43
12.631231 55.65225 45
12.564665 55.679466 2
