12.615962 55.675873 2
12.615376 55.67581 3
12.615963 55.67595 4
12.615255 55.675907 5
12.615861 55.676086 6
12.615246 55.676 7
12.615808 55.676155 8
12.615125 55.67612 9
12.615716 55.67623 10
12.61505 55.676235 11
12.615631 55.676353 12
12.61499 55.676334 13
12.615525 55.676456 14
12.614888 55.676388 15
12.61545 55.676575 16
12.614774 55.676502 17
12.615378 55.676662 18
12.614491 55.67693 19
12.614362 55.677025 19A
12.615264 55.676765 20
12.614234 55.677143 21
12.615209 55.67685 22
12.6142 55.67721 23
12.615173 55.67695 24
12.61412 55.67731 25
12.615076 55.67706 26
12.614028 55.67741 27
12.614993 55.677147 28
12.613936 55.67752 29
12.614862 55.67728 30
12.613857 55.677647 31
12.614809 55.67738 32
12.613813 55.67773 33
12.614722 55.677486 34
12.614649 55.677586 36
12.614545 55.677692 38
12.614418 55.677807 40
12.61435 55.677906 42
12.614306 55.677982 44
12.614212 55.6781 46
12.595374 55.69046 1
