12.610861 55.65959 1
12.610927 55.659492 3
12.610987 55.65941 5
12.611265 55.659485 5A
12.610914 55.658943 6
12.611091 55.65927 7
12.611066 55.658707 8
12.611291 55.65846 10
12.611503 55.658157 12
12.611302 55.658897 13
12.611484 55.658936 13A
12.611526 55.658947 13B
12.611531 55.658016 14
12.611358 55.658813 15
12.611536 55.658844 15A
12.611586 55.65885 15B
12.611583 55.65793 16
12.611431 55.658684 17
12.611624 55.65872 17A
12.611672 55.658726 17B
12.61166 55.657818 18
12.611547 55.658607 19
12.611723 55.657726 20
12.61166 55.65848 21
12.611772 55.657635 22
12.611828 55.657547 24
12.612232 55.657593 27
12.612168 55.657036 32
12.612441 55.656616 34
12.612557 55.656498 36
12.612628 55.65639 38
12.612705 55.656044 42
12.612825 55.65585 44
12.613169 55.65597 45
12.613038 55.655514 46
12.61345 55.655525 47
12.613108 55.655407 48
12.613545 55.655373 49
12.613176 55.655277 50
12.61325 55.65518 52
12.613318 55.655075 54
12.613384 55.65497 56
12.611294 55.65908 11
12.611836 55.658173 25A
12.612256 55.65815 25B
12.610804 55.659084 2
12.611899 55.658325 25
12.636176 55.595913 2
