12.588871 55.641777 28
12.589482 55.641525 29A
12.589449 55.641426 29B
12.588946 55.641556 30
12.588836 55.640842 32
12.589399 55.640816 33
12.588822 55.64061 34
12.58941 55.640656 35
12.588758 55.639923 36
12.589384 55.640392 37
12.588737 55.639797 38
12.589277 55.64023 39
12.588718 55.639668 40
12.589272 55.639935 41
12.5887 55.63954 42
12.589232 55.63974 43
12.588681 55.639416 44
12.588299 55.63889 48A
12.587983 55.6389 48B
12.587678 55.638912 48C
12.589152 55.639084 49
12.587511 55.6387 50A
12.587481 55.63852 50B
12.587461 55.638363 50C
12.589352 55.639023 51
12.588576 55.63873 52A
12.588548 55.638557 52B
12.588531 55.6384 52C
12.589112 55.63881 53
12.588497 55.638035 54A
12.588487 55.63798 54B
12.588477 55.637936 56A
12.588473 55.63789 56B
12.589121 55.638607 57A
12.589178 55.638607 57B
12.588466 55.63784 58A
12.588461 55.63779 58B
12.58909 55.638367 59A
12.589388 55.638355 59B
12.588454 55.637745 60A
12.588447 55.637695 60B
12.589617 55.63834 61A
12.589847 55.63833 61B
12.590134 55.638313 61C
12.58844 55.63765 62A
12.588434 55.6376 62B
12.590304 55.638172 63A
12.590273 55.637997 63B
12.590254 55.637836 63C
12.588406 55.637505 64A
12.588403 55.63746 64B
12.588967 55.637875 65
12.58839 55.63741 66A
12.588385 55.637363 66B
12.588987 55.63767 67A
12.589293 55.637657 67B
12.588377 55.637318 68A
12.588369 55.637268 68B
12.589517 55.63765 69A
12.589755 55.63763 69B
12.590047 55.63762 69C
12.588365 55.63722 70A
12.588357 55.637173 70B
12.59021 55.637478 71A
12.590187 55.637314 71B
12.590159 55.637142 71C
12.588348 55.637127 72A
12.588343 55.637074 72B
12.588313 55.63698 74A
12.58831 55.636932 74B
12.588298 55.636887 76A
12.588296 55.636837 76B
12.588286 55.636787 78A
12.588282 55.63674 78B
12.589079 55.63707 79
12.588272 55.636692 80A
12.588268 55.636642 80B
12.588939 55.63675 81
12.58826 55.636593 82A
12.58826 55.636547 82B
12.588773 55.636604 83
12.588864 55.636112 87
12.588182 55.636295 88A
12.587965 55.63631 88B
12.587822 55.636337 88C
12.587436 55.63637 88D
12.587146 55.636436 88E
12.586878 55.636444 88F
12.58666 55.636482 88G
12.586404 55.636513 88H
12.586189 55.636505 88K
12.585934 55.636555 88L
12.585712 55.636566 88M
12.585507 55.636585 88N
12.585281 55.636597 88P
12.585111 55.636635 88Q
12.584829 55.63662 88R
12.5889 55.635914 89
12.588161 55.63611 90A
12.587954 55.636112 90B
12.587674 55.636105 90C
12.587423 55.636105 90D
12.587267 55.636196 90E
12.58698 55.63614 90F
12.586689 55.636147 90G
12.586488 55.636246 90H
12.586176 55.636284 90K
12.585747 55.636337 90L
12.585469 55.636322 90M
12.585247 55.636322 90N
12.584979 55.636414 90P
12.584803 55.636425 90Q
12.588953 55.63573 91
12.588129 55.635902 92A
12.587896 55.63591 92B
12.587626 55.635956 92C
12.587468 55.63598 92D
12.587248 55.635986 92E
12.586798 55.63604 92F
12.586607 55.63602 92G
12.586184 55.636044 92H
12.58593 55.636127 92K
12.585639 55.63615 92L
12.585417 55.636185 92M
12.585201 55.636143 92N
12.58498 55.636192 92P
12.584778 55.636215 92Q
12.58864 55.635582 93
12.588067 55.63564 94A
12.587804 55.63568 94B
12.587513 55.63567 94C
12.587251 55.63576 94D
12.587053 55.63572 94E
12.586803 55.635746 94F
12.586592 55.635803 94G
12.586371 55.635803 94H
12.586062 55.635834 94K
12.585842 55.635834 94L
12.585592 55.63587 94M
12.585379 55.635895 94N
12.585141 55.635956 94P
12.58488 55.635963 94Q
12.584682 55.63598 94R
12.588703 55.63544 95
12.588032 55.635456 96A
12.58784 55.63548 96B
12.587488 55.635483 96C
12.587202 55.63555 96D
12.586911 55.63557 96E
12.586593 55.635612 96F
12.586069 55.635662 96G
12.585729 55.635704 96H
12.585472 55.63572 96K
12.585167 55.63577 96L
12.584901 55.635788 96M
12.584607 55.635807 96N
12.588689 55.635296 97
12.587984 55.635216 98A
12.587776 55.63526 98B
12.587388 55.63528 98C
12.587062 55.635277 98D
12.586824 55.635353 98E
12.586521 55.635372 98F
12.586282 55.635326 98G
12.585897 55.635445 98H
12.585687 55.635464 98K
12.585405 55.635475 98L
12.58513 55.635498 98M
12.584852 55.63558 98N
12.584616 55.63555 98P
12.588563 55.635063 99
12.588043 55.635044 100A
12.587632 55.63509 100B
12.587325 55.635143 100C
12.587043 55.63515 100D
12.586728 55.635193 100E
12.586502 55.635212 100F
12.586236 55.635223 100G
12.585908 55.635277 100H
12.585644 55.635265 100K
12.585307 55.635338 100L
12.585072 55.63535 100M
12.584844 55.635384 100N
12.584546 55.635406 100P
12.588538 55.634567 101
12.587951 55.63485 102A
12.587548 55.63481 102B
12.587239 55.63489 102C
12.587018 55.63495 102D
12.586659 55.634903 102E
12.586407 55.63495 102F
12.586115 55.63498 102G
12.58581 55.63505 102H
12.585531 55.63506 102K
12.585246 55.635056 102L
12.585028 55.635113 102M
12.58475 55.635128 102N
12.584487 55.635197 102P
12.588834 55.63439 103
12.587911 55.634632 104A
12.587677 55.634663 104B
12.587382 55.634693 104C
12.587258 55.634727 104D
12.586939 55.63474 104E
12.586646 55.63479 104F
12.586402 55.634808 104G
12.586072 55.634842 104H
12.585681 55.63485 104K
12.585495 55.634872 104L
12.585217 55.6349 104M
12.584967 55.63492 104N
12.584613 55.63497 104P
12.584415 55.63498 104Q
12.588537 55.634254 105
12.58786 55.634457 106A
12.587659 55.634453 106B
12.587354 55.634453 106C
12.58688 55.634537 106D
12.586527 55.634556 106E
12.586282 55.634605 106F
12.586018 55.63461 106G
12.585706 55.634632 106H
12.585463 55.63462 106K
12.585228 55.6347 106L
12.584871 55.634743 106M
12.584581 55.634743 106N
12.584364 55.63475 106P
12.588514 55.634125 107
12.587919 55.634247 108
12.588631 55.633965 109
12.587896 55.63409 110
12.588776 55.633816 111
12.587868 55.633915 112
12.58846 55.633686 113
12.587842 55.633766 114
12.588318 55.6331 115
12.587813 55.6336 116
12.587797 55.633255 118
12.587763 55.633057 120
12.587678 55.632908 122
12.587685 55.63276 124
12.587704 55.632584 126
12.587602 55.63245 128
12.587655 55.63228 130
12.587512 55.632145 132
12.587515 55.632008 134
12.587543 55.631866 136
12.587438 55.631737 138
12.587454 55.631607 140
12.587154 55.63146 142
12.587468 55.631306 144
12.587488 55.63114 146
12.587382 55.63099 148
12.587349 55.63085 150
12.587311 55.630714 152
12.587284 55.63058 154
12.587295 55.630436 156
12.587313 55.6303 158
12.587235 55.630157 160
12.587338 55.629787 162
