12.589187 55.632313 11
12.589319 55.632286 13
12.589627 55.63226 15
12.589937 55.632286 17
12.590223 55.632294 19
12.591654 55.63209 29
12.588271 55.632305 3
12.591903 55.63201 31
12.592233 55.632053 33
12.588501 55.632042 2
12.590505 55.632248 21
12.590826 55.63213 23
12.591073 55.632122 25
12.591351 55.632137 27
12.592523 55.632027 35
12.592729 55.632023 37
12.592996 55.631893 41
12.592994 55.63156 43
12.592936 55.631386 45
12.592959 55.631157 47
12.588358 55.63247 5
12.59239 55.631096 51
12.59262 55.631474 52
12.592058 55.631058 53
12.592625 55.63131 54
12.591869 55.631145 55
12.59234 55.631336 56
12.591548 55.6312 57
12.592124 55.63135 58
12.591272 55.631187 59
12.591829 55.631397 60
12.591035 55.631245 61
12.591586 55.631416 62
12.590672 55.631252 63
12.591294 55.63142 64
12.590101 55.631252 65
12.59102 55.631474 66
12.589853 55.63129 67
12.590047 55.631542 68
12.589552 55.631367 69
12.588588 55.63238 7
12.589878 55.631565 70
12.589228 55.63134 71
12.589569 55.6316 72
12.589004 55.63142 73
12.589293 55.63163 74
12.588719 55.631447 75
12.589069 55.63164 76
12.588364 55.631428 77
12.588767 55.631657 78
12.588184 55.63147 79
12.588476 55.631695 80
12.588199 55.631706 81
12.588553 55.631866 82
12.58823 55.631874 83
12.588819 55.632374 9
12.592985 55.632084 39
12.592629 55.63105 49
12.587063 55.68022 1
