12.59723 55.665707 2
12.597542 55.665535 3
12.597127 55.665565 4
12.597434 55.665356 5
12.597068 55.665474 6
12.59701 55.665375 8
12.597043 55.664726 9
12.596888 55.665165 10
12.596995 55.664635 11
12.59655 55.664703 12
12.596537 55.664574 14
12.597249 55.66422 15
12.596674 55.66442 16
12.597312 55.664127 17
12.596888 55.66411 18
12.597383 55.66403 19
12.596967 55.663998 20
12.597474 55.663895 21
12.597057 55.663887 22
12.597563 55.663776 23
12.597131 55.663776 24
12.597861 55.663475 25
12.597208 55.663662 26
12.597994 55.66327 27
12.597531 55.663334 28
