12.58706 55.63365 4
12.587185 55.633404 5
12.584942 55.633907 10
12.586126 55.633465 11
12.584658 55.63393 12
12.585817 55.633423 13
12.584326 55.634 14
12.584405 55.634148 16
12.584465 55.634296 18
12.58435 55.63445 20
12.584509 55.634598 22
12.584455 55.633606 17A
12.58445 55.633575 17B
12.584444 55.633545 17C
12.584436 55.633514 17D
12.584389 55.633488 17E
12.584382 55.633457 17F
12.58438 55.6334 17G
12.584322 55.633385 17H
12.58428 55.633408 17I
12.584233 55.63339 17J
12.584195 55.63341 17K
12.584037 55.633396 17L
12.584047 55.633423 17M
12.584051 55.63345 17N
12.584063 55.633484 17O
12.584067 55.633514 17P
12.584075 55.63354 17Q
12.58426 55.633675 17R
12.584251 55.63364 17S
12.584242 55.633606 17T
12.584233 55.63357 17U
12.58423 55.633537 17V
12.584226 55.633507 17X
12.575481 55.681625 3
