12.581277 55.66524 2
12.581443 55.664986 3
12.581127 55.66512 4
12.581074 55.664707 5
12.580752 55.664852 6
12.580936 55.664604 7
12.580625 55.664745 8
12.58057 55.664314 9
12.580428 55.66422 11
12.580056 55.663933 13
12.579726 55.664062 14
12.579908 55.66381 15
12.57957 55.66395 16
12.579563 55.663536 17
12.579125 55.663692 18
12.579457 55.663464 19
12.57898 55.66358 20
12.579321 55.6634 21
12.578774 55.66348 22
12.579138 55.663307 23
12.578485 55.663345 24
12.57899 55.66324 25
12.578088 55.663254 26
12.578802 55.66316 27
12.577868 55.663185 28
12.577649 55.663124 30
12.577418 55.663082 32
12.577762 55.66288 33
12.577174 55.663055 34
12.577338 55.66279 35
