12.612377 55.65774 4
12.612533 55.657856 6
12.61265 55.657948 8
12.612812 55.658066 10
12.613191 55.657883 10A
12.613408 55.65793 10B
12.61288 55.658104 12
12.612524 55.658188 3
12.612379 55.658566 5
12.612352 55.658604 7
12.612326 55.658646 9
12.6123 55.658684 11
12.61207 55.658703 13
12.612041 55.65875 15
12.612018 55.658787 17
12.611989 55.65883 19
12.611964 55.658867 21
12.611941 55.658905 23
12.611918 55.658943 25
12.611891 55.65898 27
12.611865 55.659023 29
12.61184 55.65906 31
12.611812 55.6591 33
12.611785 55.65914 35
12.611761 55.65918 37
12.611736 55.659218 39
12.611713 55.65926 41
12.612196 55.659233 43
12.612219 55.659195 45
12.612246 55.659157 47
12.612274 55.659115 49
12.612298 55.659077 51
12.612327 55.659035 53
12.612348 55.658997 55
12.612376 55.65896 57
12.612402 55.65892 59
12.612429 55.65888 61
12.612455 55.65884 63
12.61248 55.658802 65
12.61262 55.658745 67
12.612649 55.658703 69
12.612672 55.658665 71
12.612699 55.658623 73
12.612727 55.658585 75
12.612749 55.658543 77
12.612777 55.65851 79
12.612805 55.658466 81
12.612832 55.65843 83
12.612855 55.65839 85
12.612882 55.658348 87
12.612909 55.658306 89
12.510308 55.656654 1
