12.625471 55.65501 4
12.626021 55.654938 5
12.625501 55.654846 6
12.626122 55.654785 7
12.626209 55.654625 9
12.62618 55.65385 10
12.626404 55.654522 11
12.626242 55.653767 12
12.626546 55.654423 13
12.626396 55.65355 14
12.626559 55.65425 15
12.626448 55.653477 16
12.626627 55.654125 17
12.6265 55.653404 18
12.626725 55.654015 19
12.626547 55.65334 20
12.626755 55.653877 21
12.626547 55.653282 22
12.626983 55.65379 23
12.626455 55.65326 24
12.627094 55.65368 25
12.626315 55.65323 26
12.627092 55.653545 27
12.626157 55.65319 28
12.627228 55.653442 29
12.626016 55.65316 30
12.625876 55.65313 32
12.625778 55.65312 34
12.625742 55.653168 36
12.625697 55.653233 38
12.625644 55.653305 40
12.625589 55.653378 42
12.625946 55.653454 44
12.626038 55.653496 46
12.626116 55.653477 48
12.626136 55.653446 50
12.626161 55.65341 52
12.626072 55.65336 54
12.625939 55.65336 56
12.625918 55.653393 58
12.625893 55.653427 60
12.625424 55.65384 62
12.625483 55.653847 64
12.625504 55.653812 66
12.625528 55.65378 68
12.625435 55.65372 70
12.625313 55.65373 72
12.625288 55.65376 74
12.625267 55.65379 76
12.625295 55.65383 78
12.625148 55.654 80
12.625097 55.65407 82
12.625047 55.654144 84
12.624991 55.654217 86
12.625517 55.654217 88
12.62558 55.65422 90
12.625603 55.654186 92
12.625623 55.65416 94
12.625536 55.6541 96
12.625408 55.654102 98
12.625383 55.654137 100
12.625366 55.654163 102
12.625395 55.65421 104
12.62509 55.65434 106
12.625218 55.654366 108
12.625365 55.6544 110
12.625504 55.654434 112
12.625642 55.654465 114
12.625733 55.654472 116
12.625777 55.65441 118
12.625828 55.65434 120
12.625883 55.654266 122
12.62594 55.654186 124
12.625996 55.654106 126
12.626052 55.65403 128
12.625631 55.654713 8A
12.625477 55.654682 8B
