12.616378 55.658253 2
12.616913 55.658184 3
12.616379 55.658108 4
12.617026 55.65804 5
12.616458 55.65798 6
12.61652 55.657845 8
12.618111 55.658268 11
12.616852 55.65771 12
12.617086 55.65775 14
12.617298 55.657845 16
12.617579 55.65785 18
12.619114 55.658436 19
12.618055 55.65793 20
12.619246 55.65856 21
12.618264 55.657997 22
12.619286 55.658512 23
12.618533 55.658062 24
12.618838 55.65808 26
12.619083 55.658142 28
12.619425 55.65823 30
12.619341 55.658524 25
12.619662 55.65818 28A
12.507139 55.668262 1
