12.600396 55.652115 2
12.601348 55.652283 2A
12.599838 55.65164 3
12.600461 55.65226 4
12.599773 55.65149 5
12.600525 55.652424 6
12.59972 55.651352 7
12.60058 55.65256 8
12.599127 55.651905 9
12.599622 55.652218 10
12.599071 55.651764 11
12.599682 55.652363 12
12.599006 55.6516 13
12.59975 55.652527 14
12.598347 55.65199 15
12.599804 55.652676 16
12.598286 55.651836 17
12.598849 55.65231 18
12.598233 55.651703 19
12.598904 55.65244 20
12.598039 55.652134 21
12.598972 55.65261 22
12.598096 55.652298 23
12.599031 55.652767 24
12.598347 55.652325 26
12.536914 55.7015 1
