12.609173 55.665462 2
12.60964 55.665398 3
12.609254 55.665333 4
12.609324 55.66521 6
12.609401 55.665096 8
12.609992 55.66484 9
12.609477 55.66497 10
12.609557 55.66484 12
12.609697 55.664658 14A
12.60966 55.66465 14B
12.609809 55.664505 16
12.609951 55.664337 18
12.610082 55.664185 20
12.609998 55.664093 22
12.610146 55.66392 24
12.610349 55.663883 26
12.610353 55.663757 28
12.610559 55.66356 30
12.610712 55.663494 32
12.609761 55.66522 5
12.6101 55.665295 7
12.610258 55.664547 13
12.610358 55.664436 15
12.610457 55.664326 17
12.610566 55.66421 19
12.610705 55.66407 21
12.610795 55.663967 23
12.610894 55.66386 25
12.611199 55.663727 27
12.611384 55.663773 29
12.61159 55.66382 31
12.611796 55.663868 33
