12.606648 55.659336 2
12.606788 55.6596 3
12.606947 55.659428 4
12.60698 55.659676 5
12.607057 55.65947 6
12.607173 55.65975 7
12.607238 55.659542 8
12.607705 55.659927 9
12.608287 55.660156 11
12.607857 55.659718 12
12.608492 55.660236 13
12.608052 55.659798 14
12.608613 55.660286 15
12.608463 55.659958 16
12.608693 55.66005 18
12.60928 55.660873 19
12.608941 55.66015 20
12.609471 55.660942 21
12.609928 55.66141 23
12.609329 55.66034 24
12.610249 55.661713 25
12.609426 55.660477 26
12.609545 55.6606 28
12.609706 55.660675 30
12.609837 55.660797 32
12.609951 55.660915 34
12.610063 55.66102 36
12.610168 55.66112 38
12.61047 55.66149 44
12.610593 55.661602 46
12.609012 55.660614 17A
12.609103 55.6607 17B
12.60916 55.660755 17C
12.607957 55.6269 2A
