12.605302 55.64932 21
12.605564 55.64912 22
12.605302 55.64933 23
12.605564 55.64909 24
12.605304 55.649364 25
12.605561 55.649055 26
12.605304 55.6494 27
12.605556 55.64902 28
12.605306 55.649433 29
12.605555 55.648983 30
12.605546 55.64887 36
12.60532 55.649574 37
12.60531 55.649467 31
12.605553 55.64895 32
12.605313 55.6495 33
12.605549 55.648907 34
12.605317 55.649536 35
12.605543 55.64883 38
12.605321 55.64961 39
12.605539 55.648796 40
12.605324 55.649643 41
12.605537 55.648766 42
12.605326 55.649673 43
12.605534 55.64874 44
12.605329 55.649708 45
12.605534 55.648727 46
12.605332 55.649734 47
12.605922 55.64911 48
12.605664 55.649326 49
12.605848 55.649113 50
12.605573 55.649334 51
12.60592 55.64903 52
12.605665 55.649426 53
12.605832 55.649025 54
12.605581 55.649433 55
12.605918 55.648926 56
12.605673 55.649525 57
12.605824 55.648895 58
12.605589 55.649563 59
12.605912 55.6488 60
12.605687 55.649628 61
12.60581 55.648796 62
12.605604 55.649654 63
12.605903 55.648716 64
12.605692 55.649708 65
12.606396 55.64876 66
12.606183 55.649647 67
12.607082 55.64912 68
12.607429 55.649284 69
12.577451 55.680565 1
