12.615315 55.654957 2
12.615808 55.65489 3A
12.615873 55.6548 3B
12.615377 55.654846 4
12.61595 55.654694 5
12.615474 55.654713 6
12.616 55.654613 7
12.615553 55.65461 8
12.616063 55.654526 9
12.615627 55.6545 10
12.616124 55.654438 11
12.615692 55.654427 12
12.616189 55.65433 13
12.615759 55.65432 14
12.616944 55.653236 15
12.61615 55.65378 16
12.617 55.65315 17
12.616209 55.65369 18
12.617053 55.653076 19
12.61628 55.653595 20
12.617111 55.652992 21
12.616621 55.65311 22
12.617175 55.65291 23
12.616687 55.653023 24
12.617233 55.652824 25
12.616749 55.65293 26
12.61728 55.65275 27
12.616807 55.652843 28
12.617341 55.652676 29
12.616869 55.652763 30
12.616928 55.652683 32
12.616991 55.652596 34
12.512292 55.682114 1
