12.628072 55.65552 4
12.628667 55.655437 5
12.628121 55.655354 6
12.628723 55.655285 7
12.628257 55.655212 8
12.628921 55.655136 9
12.628317 55.65503 10
12.628902 55.65501 11
12.628459 55.654922 12
12.629127 55.65491 13
12.628474 55.654797 14
12.62916 55.654728 15
12.628585 55.654648 16
12.629287 55.65459 17
12.628661 55.65453 18
12.629235 55.654453 19
12.628704 55.6544 20
12.629383 55.65434 21
12.628796 55.65428 22
12.629401 55.654205 23
12.628884 55.654152 24
12.629533 55.654095 25
12.629045 55.654022 26
12.62961 55.653976 27
12.629033 55.65381 28
12.629888 55.65391 29
