12.626763 55.65527 4
12.627267 55.65518 5
12.626832 55.655125 6
12.627401 55.655014 7
12.626966 55.65495 8
12.62754 55.65488 9
12.627061 55.654797 10
12.627652 55.654743 11
12.627162 55.654697 12
12.627804 55.654644 13
12.62718 55.65456 14
12.627886 55.6545 15
12.627277 55.654404 16
12.628104 55.654415 17
12.627428 55.654305 18
12.628111 55.654247 19
12.627516 55.65417 20
12.628053 55.654102 21
12.627623 55.654057 22
12.628158 55.65401 23
12.627618 55.65392 24
12.628268 55.653866 25
12.627778 55.653816 26
12.628393 55.653755 27
12.627771 55.65369 28
12.627833 55.65358 30
12.628034 55.653496 32
12.626667 55.65542 2A
12.626649 55.655388 2B
12.594123 55.631416 2
