12.620455 55.66105 2
12.620857 55.66105 3
12.620927 55.660934 5
12.621221 55.660587 7
12.620613 55.660694 8
12.621233 55.660477 9
12.621583 55.65999 11
12.620945 55.6602 12
12.621716 55.65986 13
12.620831 55.65991 14
12.621787 55.659786 15
12.620621 55.659863 16
12.622071 55.6597 17
12.620406 55.65981 18
12.622085 55.659542 19
12.620192 55.659763 20
12.622295 55.659466 21
12.619738 55.659573 22
12.622305 55.65928 23
12.621078 55.65988 24
12.62257 55.65922 25
12.621218 55.65983 26
12.622513 55.65907 27
12.621303 55.65971 28
12.622773 55.65894 29
12.621388 55.65959 30
12.621479 55.659473 32
12.621602 55.65934 34
12.621674 55.65924 36
12.622131 55.658962 38
12.622205 55.658745 40
12.620332 55.66093 4
12.620569 55.660835 6
