12.612046 55.66298 2
12.612232 55.663517 3
12.61211 55.662876 4
12.612303 55.66343 5
12.612181 55.662792 6
12.612248 55.6627 8
12.612479 55.663185 9
12.612312 55.662617 10
12.612575 55.66305 11
12.612379 55.662525 12
12.612675 55.662918 13
12.612454 55.662437 14
12.612683 55.662838 15
12.612513 55.662346 16
12.612581 55.66226 18
12.612652 55.662167 20
12.613148 55.662197 21
12.61271 55.66208 22
12.612767 55.661987 24
12.612842 55.6619 26
12.613219 55.661438 28
12.613817 55.66127 29
12.613296 55.661312 30
12.613868 55.661182 31
12.613372 55.6612 32
12.613939 55.66106 33
12.613592 55.660877 34
12.614026 55.660942 35
12.591064 55.613087 3
