12.588407 55.647453 27
12.588724 55.647892 30
12.588192 55.646584 56
12.590619 55.646996 57
12.589431 55.646664 68
12.591129 55.647606 7
12.590051 55.646652 74
12.588645 55.64664 60
12.590976 55.646988 61
12.588804 55.646637 62
12.589022 55.646637 64
12.589258 55.646656 66
12.590891 55.64763 9
12.590268 55.646664 76
12.590447 55.646683 78
12.591099 55.647938 8
12.590654 55.64666 80
12.5909 55.646694 82
12.587771 55.646572 54
12.588188 55.646862 33
12.591591 55.64793 4
12.589825 55.646988 49
12.589467 55.647934 22
12.588979 55.646904 41
12.589419 55.646942 45
12.590115 55.64792 16
12.588952 55.647907 28
12.587894 55.646862 50
12.588215 55.647053 31
12.58835 55.647892 34
12.589639 55.646667 70
12.590798 55.647938 10
12.589827 55.646637 72
12.588479 55.6466 58
12.588057 55.64774 38
12.59135 55.647923 6
12.588477 55.64734 29
12.589319 55.64792 24
12.587988 55.647152 46
12.588798 55.646935 39
12.587922 55.64732 44
12.588396 55.64687 35
12.589127 55.647907 26
12.59159 55.64763 3
12.591803 55.647606 1
12.5904 55.64762 13
12.588574 55.647903 32
12.588663 55.647724 21
12.590424 55.64793 14
12.590015 55.64699 51
12.591339 55.647636 5
12.587827 55.64674 52
12.588418 55.64755 25
12.588586 55.646908 37
12.58994 55.647926 18
12.588039 55.647583 40
12.589757 55.64776 17
12.589051 55.647736 19
12.589612 55.647926 20
12.58809 55.647896 36
12.587964 55.647453 42
12.590399 55.64699 55
12.590635 55.64766 11
12.591843 55.64793 2
12.590814 55.646984 59
12.590646 55.647903 12
12.589609 55.646935 47
12.588409 55.6477 23
12.590124 55.64764 15
12.589222 55.646935 43
12.587942 55.64699 48
12.590225 55.646957 53
12.602414 55.57192 12
