12.562475 55.652374 13
12.562642 55.65331 8
12.562401 55.653137 12
12.562159 55.65306 14
12.562337 55.652306 15
12.562083 55.65296 16
12.562228 55.652237 17
12.562199 55.652065 19
12.562045 55.65198 21
12.561793 55.651737 23
12.561691 55.651516 29
12.56199 55.651566 25
12.562913 55.653206 3
12.562691 55.653522 4
12.562682 55.65339 6
12.562596 55.652554 11
12.562624 55.652798 7
12.562684 55.65267 9
12.561934 55.65242 18
12.561709 55.651608 27
12.562594 55.65324 10
12.561301 55.65161 20
12.563398 55.653244 1
12.543291 55.69541 2
