12.588638 55.6445 2
12.589386 55.644558 3
12.588547 55.644352 4
12.58943 55.64438 5
12.588664 55.644196 6A
12.588319 55.644207 6B
12.58931 55.64422 7
12.58822 55.64407 8A
12.588455 55.64407 8B
12.589336 55.64402 9
12.58847 55.643936 10
12.589305 55.643845 11
12.588665 55.643772 12
12.589305 55.64367 13
12.589292 55.643238 15
12.589373 55.643005 17
12.589442 55.642803 19
12.588755 55.6428 20
12.589439 55.64265 21
12.588808 55.64266 22
12.589435 55.642464 23
12.589277 55.6423 25
12.588839 55.64232 26A
12.588847 55.64223 26B
12.588755 55.642506 24A
12.58862 55.642506 24B
12.588598 55.643044 18B
12.588788 55.64305 18A
12.502227 55.638012 1
