12.613515 55.65011 1
12.613864 55.649822 2A
12.614118 55.64989 2B
12.613622 55.650124 3
12.614225 55.649906 4
12.61386 55.65006 5
12.614421 55.64994 6
12.613972 55.650074 7
12.614529 55.649956 8
12.614165 55.650105 9
12.614718 55.649982 10
12.61427 55.650124 11
12.614829 55.65 12
12.614462 55.65015 13
12.615026 55.650024 14
12.614615 55.65017 15
12.615136 55.650043 16
12.61477 55.6502 17
12.615328 55.650074 18
12.614875 55.65021 19
12.615434 55.65009 20
12.615071 55.65024 21
12.615629 55.65012 22
12.615174 55.650253 23
12.615736 55.650135 24
12.615373 55.650288 25
12.615931 55.650166 26
12.615482 55.650303 27
12.61604 55.650185 28
12.615677 55.650333 29
12.616236 55.65021 30
12.615786 55.650345 31
12.616354 55.650227 32
12.61598 55.65038 33
12.616551 55.650253 34
12.616082 55.65039 35
12.616659 55.65027 36
12.616285 55.65043 37
12.616388 55.65044 39
12.64652 55.634834 1
