12.612492 55.65281 7
12.612697 55.652843 9
12.612901 55.65288 11
12.613075 55.65258 12
12.613114 55.652924 13
12.613191 55.6527 14
12.613327 55.65296 15
12.613362 55.65273 16
12.613529 55.652992 17
12.613549 55.65276 18
12.613742 55.653034 19
12.613742 55.6528 20
12.613947 55.653076 21
12.613964 55.652836 22
12.614151 55.653107 23
12.614128 55.652866 24
12.614365 55.653145 25
12.614308 55.6529 26
12.614576 55.65317 27
12.614584 55.65294 28
12.614783 55.653206 29
12.614811 55.652973 30
12.61505 55.653244 31
12.615002 55.653004 32
12.615714 55.653343 33
12.615227 55.653038 34
12.615919 55.653374 35
12.615838 55.653122 36
12.616066 55.653393 37
12.616002 55.65315 38
12.616203 55.653416 39
12.61616 55.653168 40
12.616331 55.65343 41
12.616345 55.653194 42
12.616501 55.653217 44
12.617191 55.653313 46
12.617369 55.653343 48
12.617553 55.653374 50
12.617736 55.653408 52
12.618225 55.65349 54
12.618451 55.653526 56
12.618608 55.65355 58
12.618759 55.653576 60
12.613258 55.652172 8
12.613877 55.651936 8A
12.618654 55.653893 45
12.618841 55.65384 47
12.61187 55.652443 2A
12.612473 55.652546 2B
12.612548 55.652565 2C
12.612768 55.652424 4
12.617029 55.65364 43B
12.617343 55.65369 43C
12.612876 55.652264 6A
12.612856 55.65229 6
