12.61071 55.65334 2
12.610684 55.653107 3
12.610491 55.65335 4
12.610455 55.653126 5
12.610283 55.653366 6
12.610254 55.653137 7
12.610068 55.653385 8
12.610005 55.653156 9
12.609853 55.6534 10
12.609775 55.653175 11
12.609642 55.653416 12
12.609639 55.653095 13
12.607711 55.653687 14
12.609254 55.65316 15
12.608967 55.65318 17
12.60867 55.6532 19
12.607837 55.65328 23
12.607453 55.6533 25
12.607138 55.653355 27
12.606347 55.65341 31
12.605979 55.653435 33
12.605608 55.653465 35
12.605929 55.653763 36
12.605314 55.653477 37
12.605006 55.653866 38
12.604807 55.653522 39
12.604656 55.653854 40
12.604508 55.653557 41
12.604329 55.65388 42
12.604278 55.65357 43
12.603993 55.65394 44
12.603617 55.65359 45
12.603678 55.653877 46
12.603322 55.6536 47
12.603293 55.65396 48
12.603318 55.654053 50
12.603344 55.654163 52
12.602188 55.65379 53
12.602516 55.65417 54
12.60198 55.65383 55
12.602324 55.65421 56
12.601797 55.65387 57
12.602115 55.654247 58
12.599945 55.654198 59A
12.600618 55.654057 59B
12.598615 55.654446 59C
12.598392 55.654175 59D
12.601084 55.65447 60
12.598972 55.65387 61
12.600753 55.654533 62
12.598559 55.65375 63
12.60053 55.654583 64
12.599334 55.65349 65
12.598837 55.653393 67A
12.598811 55.65333 67B
12.598786 55.65327 67C
12.598791 55.653137 67D
12.598685 55.653152 67E
12.598573 55.653164 67F
12.598458 55.65318 67G
12.59835 55.653194 67H
12.598238 55.653206 67K
12.59813 55.65322 67L
12.598032 55.653233 67M
12.597948 55.653282 67N
12.597972 55.65334 67P
12.597997 55.653404 67Q
12.598023 55.653465 67R
12.598043 55.653526 67S
12.598288 55.652576 71
12.597212 55.652676 73
12.596993 55.653114 75
12.597114 55.653057 77
12.596762 55.652985 79
12.596855 55.654427 85
12.597512 55.65421 87
12.597454 55.654057 89
12.597388 55.6539 91
12.59733 55.65375 93
12.597277 55.653614 95
12.596934 55.653553 97
12.596676 55.653584 99
12.596439 55.653614 101
12.596146 55.65365 103
12.595321 55.654457 105
12.595986 55.65427 107
12.595928 55.65412 109
12.59587 55.653973 111
12.595806 55.653797 113
12.595439 55.65358 115
12.595156 55.65361 117
12.59486 55.653652 119
12.594596 55.653687 121
12.594395 55.653812 123
12.594441 55.653942 125
12.594498 55.65409 127
12.594562 55.65424 129
12.594625 55.654415 131
12.601004 55.654026 57B
12.601289 55.653965 57C
12.602895 55.653595 49B
12.602912 55.653625 49A
12.602881 55.653534 49D
12.602893 55.653572 49C
12.588345 55.679146 1
