12.604535 55.64933 26
12.604871 55.64966 46
12.604538 55.64937 24
12.604546 55.649445 20
12.604874 55.64977 52
12.604869 55.649616 44
12.604548 55.64948 18
12.604554 55.649513 16
12.604569 55.64962 10
12.604546 55.649406 22
12.604875 55.64974 50
12.604861 55.649506 38
12.604854 55.649395 32
12.604857 55.649426 34
12.604852 55.649357 30
12.604585 55.649773 2
12.60487 55.649574 42
12.604873 55.649696 48
12.60456 55.649548 14
12.604852 55.649323 28
12.604859 55.649467 36
12.604577 55.649704 6
12.604564 55.649582 12
12.604863 55.649544 40
12.604581 55.649742 4
12.604574 55.64967 8
12.519823 55.678955 1
