12.613531 55.6663 2
12.614134 55.666103 3A
12.614217 55.665997 3B
12.613664 55.66617 4
12.614296 55.6659 5A
12.614349 55.665825 5B
12.614394 55.665752 5C
12.613752 55.66603 6
12.614348 55.66562 7
12.613847 55.6659 8
12.614814 55.665253 9
12.613988 55.66572 10
12.614711 55.665375 11
12.614176 55.665398 12
12.61461 55.66551 13
12.614237 55.66532 14
12.614325 55.665215 16
12.614394 55.665115 18
12.615351 55.664463 19
12.614459 55.665028 20
12.615429 55.66435 21
12.614534 55.664944 22
12.614752 55.66464 24
12.614844 55.66452 26
12.615869 55.663776 27
12.614953 55.664387 28
12.615954 55.663666 29
12.615058 55.66425 30
12.61604 55.66355 31
12.615149 55.66414 32
12.616126 55.66345 33
12.615344 55.663876 34
12.616196 55.663345 35
12.615425 55.66377 36
12.616393 55.663334 37
12.615533 55.663643 38
12.616533 55.663155 39
12.615638 55.66351 40
12.616416 55.663074 41
12.615719 55.663406 42
12.616506 55.662964 43
12.615953 55.663097 44
12.616581 55.66286 45
12.616033 55.663002 46
12.616662 55.66275 47
12.616128 55.66289 48
12.616742 55.662643 49
12.616188 55.66281 50
12.616273 55.662704 52
12.616351 55.6626 54
12.615463 55.664303 23
12.57027 55.670177 14
