12.601312 55.644207 15
12.600634 55.644398 16
12.601238 55.644066 17
12.600649 55.644234 18
12.601131 55.643883 19
12.600461 55.64407 20
12.601232 55.643757 21
12.600672 55.643906 22
12.601287 55.643593 23
12.600755 55.64374 24
12.601431 55.64345 25
12.600722 55.643585 26
12.601309 55.64327 27
12.60073 55.643414 28
12.601353 55.6431 29
12.600561 55.643246 30
12.601309 55.642895 31
12.600841 55.643105 32
12.601543 55.6422 33
12.600873 55.642864 34A
12.600882 55.642803 34B
12.601524 55.642086 35
12.601047 55.642193 36
12.601563 55.641953 37
12.601109 55.642044 38
12.601888 55.641785 39
12.601148 55.641884 40
12.601674 55.641632 41
12.601214 55.641758 42
12.601263 55.641617 46
12.60132 55.641445 48
12.601413 55.64242 31A
