12.600776 55.664616 2
12.601066 55.66468 4
12.601641 55.664806 6
12.601886 55.664856 8
12.602397 55.66497 10
12.602656 55.665024 12
12.603173 55.66514 14
12.603425 55.665195 16
12.60676 55.6658 32
12.606951 55.665836 34
12.607133 55.665874 36
12.606679 55.66634 37
12.609001 55.66627 38A
12.609199 55.666313 38B
12.609387 55.666355 38C
12.60958 55.666393 38D
12.608041 55.666622 39
12.608939 55.6668 41
12.610938 55.667225 43
12.611281 55.666885 44
12.611342 55.66761 45
12.611465 55.66692 46
12.612879 55.66767 47
12.613104 55.66771 49A
12.613154 55.667942 49B
12.613377 55.667774 49C
12.613514 55.667786 49D
12.613594 55.667828 49E
12.612854 55.66722 50
12.613846 55.66787 51
12.612972 55.667244 52
12.614237 55.667953 53
12.613195 55.667286 54
12.614933 55.668118 55
12.613466 55.66734 56
12.615543 55.668278 57
12.615811 55.66838 59
12.616377 55.668427 61
12.616768 55.668503 63
12.617313 55.66861 65
12.615395 55.667767 66
12.61564 55.667816 68
12.618359 55.668385 80
12.622502 55.66926 90
12.623385 55.669434 92
12.623451 55.669453 94
12.617941 55.668797 67
12.624383 55.67018 69
12.624913 55.67032 71A
12.623082 55.672676 71B
12.625272 55.670704 73
12.62261 55.669903 69B
12.613685 55.66739 58
12.613735 55.6674 60
12.614236 55.66837 55A
12.616905 55.66855 63C
12.61652 55.668465 61B
12.616749 55.6687 63B
12.616998 55.668724 63A
12.624179 55.670864 71
12.616194 55.668888 63D
12.612977 55.668118 49
12.609003 55.66666 41A
12.501872 55.68405 1A
