12.594602 55.648735 10
12.594995 55.64869 12
12.595433 55.648556 16
12.595484 55.648724 14
12.596138 55.65027 25
12.593391 55.648808 8
12.595453 55.650177 47
12.595322 55.649666 21A
12.595599 55.64985 51A
12.59558 55.649788 51B
12.595939 55.650234 61A
12.595359 55.65036 79
12.595516 55.649647 25A
12.595781 55.64999 57
12.595419 55.65039 77
12.595203 55.649734 33
12.595754 55.650208 65A
12.595264 55.650013 39D
12.595364 55.650032 41
12.595191 55.649837 39A
12.595908 55.65033 63
12.595665 55.649693 29A
12.595241 55.6498 37
12.595734 55.65016 65B
12.595957 55.650284 61B
12.595464 55.649662 23
12.595406 55.650223 45
12.595828 55.650047 59
12.59524 55.649956 39C
12.595362 55.649723 31A
12.595215 55.6499 39B
12.595308 55.650074 43A
12.595596 55.650253 71A
12.595662 55.65024 71B
12.595497 55.650387 75B
12.595818 55.64993 55B
12.595761 55.650112 67
12.595133 55.64972 35
12.595303 55.64973 31B
12.595599 55.64963 25B
12.595329 55.650135 43B
12.595407 55.649654 21B
12.595711 55.64966 27
12.595651 55.649757 53
12.595714 55.650307 73
12.595707 55.65008 69
12.595608 55.6497 29B
12.595793 55.649853 55A
12.595587 55.650375 75A
12.530461 55.602734 10
