12.574542 55.621983 21
12.574379 55.62169 23
12.574384 55.621098 31
12.572625 55.61993 48
12.572473 55.61935 50
12.572472 55.61899 56
12.571911 55.61841 60
12.572184 55.61842 62
12.572276 55.618317 64
12.572235 55.618114 66
12.572183 55.61787 68
12.572078 55.617744 70
12.573111 55.61801 71
12.571846 55.617588 72
12.571943 55.617424 74
12.572096 55.617283 76
12.572058 55.617126 78
12.572018 55.61694 80
12.572924 55.617252 81
12.571966 55.616707 82
12.572898 55.617104 83
12.571642 55.616566 84
12.572872 55.61698 85
12.571305 55.61655 86
12.572842 55.616833 87
12.572925 55.61667 89
12.573122 55.61668 91
12.573379 55.6167 93
12.573634 55.61672 95
12.573743 55.616867 97
12.573792 55.617004 99
12.573834 55.617146 101
12.572443 55.61884 58
12.573092 55.61775 75
12.572048 55.618412 60A
12.573304 55.618774 61
12.572316 55.618393 62A
12.572283 55.618214 64A
12.572185 55.617798 68A
12.571977 55.617657 70A
12.571821 55.61749 72A
12.571892 55.617455 72B
12.572099 55.617207 76A
12.573065 55.617622 77
12.572064 55.617027 78A
12.573031 55.617462 79
12.570952 55.616535 88
12.573005 55.61775 75A
12.573948 55.62239 22
12.57361 55.62031 55
12.575718 55.623886 1A
12.575641 55.62374 1B
12.57555 55.623573 5A
12.575454 55.6234 5B
12.573686 55.623924 10Y
12.573004 55.623043 14P
12.574007 55.622845 20P
12.57467 55.623604 8
12.57377 55.623566 12B
12.573753 55.623528 12C
12.57373 55.62349 12D
12.573896 55.623398 12E
12.573965 55.623383 12F
12.574567 55.623444 10A
12.574503 55.623455 10B
12.574435 55.62347 10C
12.574375 55.62348 10D
12.574135 55.623447 10E
12.574152 55.62349 10F
12.574141 55.623543 10G
12.574162 55.623573 10H
12.574212 55.62362 10K
12.574227 55.623653 10L
12.574246 55.623688 10M
12.574268 55.623722 10N
12.574016 55.62374 10P
12.573948 55.623753 10R
12.573876 55.62375 10S
12.573803 55.62376 10T
12.573552 55.623753 10U
12.573492 55.62376 10V
12.573426 55.62376 10W
12.573353 55.62377 10X
12.575246 55.623203 11A
12.575563 55.6232 11B
12.575666 55.623135 11C
12.574988 55.622833 17A
12.575108 55.622658 17B
12.573794 55.623608 12A
12.574053 55.62337 12G
12.574123 55.62336 12H
12.573735 55.623447 12K
12.573713 55.62341 12L
12.5737 55.623367 12M
12.573679 55.62333 12N
12.573641 55.62327 12P
12.57362 55.62323 12R
12.573638 55.623188 12S
12.573615 55.62315 12T
12.573604 55.623074 12U
12.573543 55.623085 12V
12.573477 55.623096 12W
12.573415 55.623108 12X
12.573343 55.623104 12Y
12.573276 55.62312 12Z
12.573428 55.6236 14A
12.573405 55.62356 14B
12.573384 55.623528 14C
12.573364 55.623493 14D
12.573307 55.623455 14E
12.573289 55.62342 14F
12.573262 55.62338 14G
12.573234 55.623333 14H
12.573181 55.623245 14K
12.573122 55.623257 14L
12.573053 55.62327 14M
12.57299 55.62328 14N
12.57399 55.623222 18A
12.573971 55.62319 18B
12.573953 55.62315 18C
12.573931 55.623116 18D
12.573879 55.62308 18E
12.57386 55.623043 18F
12.573839 55.62301 18G
12.573818 55.62297 18H
12.574493 55.623318 20A
12.574465 55.62328 20B
12.574408 55.623245 20C
12.574386 55.62321 20D
12.574384 55.62317 20E
12.574363 55.62313 20F
12.574344 55.623096 20G
12.574326 55.623062 20H
12.574289 55.62299 20K
12.574227 55.623005 20L
12.574153 55.623 20M
12.574088 55.623013 20N
12.575031 55.624065 2
12.574487 55.621445 27
12.574365 55.621513 25
12.574417 55.621235 29
12.574285 55.621105 33
12.57401 55.621082 35
12.573936 55.620945 37
12.57386 55.620815 39
12.574992 55.623978 4
12.573761 55.620617 41
12.573724 55.620464 43
12.573334 55.618404 63A
12.573408 55.6184 63B
12.573567 55.61839 63C
12.573623 55.618385 63D
12.57374 55.61838 63E
12.573797 55.61839 63F
12.573201 55.61839 63G
12.573184 55.61832 63H
12.57317 55.61826 63K
12.573145 55.61843 65
12.574569 55.62389 6A
12.574505 55.623898 6B
12.574437 55.623905 6C
12.574365 55.623917 6D
12.574306 55.623943 6E
12.57424 55.62395 6F
12.574109 55.623924 6G
12.574048 55.623936 6H
12.573977 55.623943 6K
12.573912 55.62395 6L
12.572271 55.61806 66A
12.57398 55.622776 20R
12.572998 55.62295 14R
12.572525 55.621998 26N
12.572457 55.62182 30P
12.572223 55.620667 42G
12.574006 55.617645 73A
12.572447 55.622005 26P
12.57214 55.62032 46L
12.573061 55.621243 36B
12.573755 55.617393 73F
12.572658 55.62129 36G
12.57214 55.62045 44L
12.571557 55.620396 46V
12.573121 55.621033 38B
12.572433 55.62041 44F
12.572505 55.620274 46E
12.571481 55.620537 44X
12.573132 55.621735 30C
12.571774 55.6205 44S
12.571922 55.620693 42M
12.572255 55.62184 30T
12.573194 55.621166 38A
12.572069 55.620678 42K
12.57283 55.620335 46
12.573199 55.621727 30B
12.5733 55.6219 26B
12.57163 55.620388 46U
12.573371 55.621437 34
12.572213 55.62031 46K
12.572432 55.62028 46F
12.572506 55.620403 44E
12.571484 55.620407 46X
12.572067 55.62046 44M
12.572729 55.621284 36F
12.571703 55.620377 46T
12.572835 55.621956 26H
12.572525 55.621807 30N
12.573696 55.62269 18P
12.572997 55.62175 30E
12.572277 55.61879 58A
12.572289 55.621338 36N
12.572322 55.621834 30S
12.573145 55.621918 26D
12.572862 55.621765 30G
12.572292 55.622025 28
12.573064 55.621742 30D
12.572602 55.620613 42B
12.571843 55.618855 58C
12.571776 55.62037 46S
12.573969 55.617554 73B
12.571627 55.620518 44U
12.571922 55.62035 46P
12.571849 55.620358 46R
12.57268 55.621975 26L
12.572951 55.620743 40A
12.571833 55.620705 42N
12.573938 55.617474 73C
12.572889 55.6206 40B
12.573378 55.621887 26A
12.572294 55.620655 42F
12.572797 55.620235 46A
12.572799 55.620365 44A
12.572445 55.620632 42D
12.572077 55.61882 58B
12.572476 55.619225 52
12.57258 55.62039 44D
12.572724 55.620247 46B
12.572726 55.620373 44B
12.572798 55.621265 36E
12.572187 55.621853 30U
12.57192 55.62048 44P
12.572651 55.620255 46C
12.572359 55.620293 46G
12.571701 55.620506 44T
12.572691 55.6206 42A
12.571554 55.620525 44V
12.571996 55.62069 42L
12.572519 55.62131 36K
12.572287 55.62043 44H
12.572653 55.620384 44C
12.573347 55.622692 16H
12.571746 55.620712 42P
12.572518 55.620625 42C
12.573068 55.621925 26E
12.572758 55.621967 26K
12.571994 55.62047 44N
12.571847 55.620487 44R
12.572592 55.6213 36H
12.57316 55.62142 36A
12.572434 55.621315 36L
12.573405 55.621716 30A
12.57237 55.622017 26R
12.572727 55.621784 30K
12.57239 55.621826 30R
12.572578 55.620262 46D
12.572367 55.620644 42E
12.573826 55.617386 73E
12.572913 55.62195 26G
12.57299 55.621937 26F
12.571412 55.620415 46Y
12.57236 55.620422 44G
12.572592 55.6218 30M
12.572602 55.621986 26M
12.572929 55.621758 30F
12.571675 55.62072 42R
12.572794 55.621777 30H
12.572483 55.61911 54
12.573934 55.617405 73D
12.572213 55.62044 44K
12.572946 55.621258 36C
12.571408 55.620544 44Y
12.571995 55.62034 46N
12.573426 55.621544 32
12.57266 55.62179 30L
12.573223 55.621906 26C
12.572147 55.620674 42H
12.572286 55.6203 46H
12.572877 55.621265 36D
12.573156 55.62285 16E
12.573456 55.62188 24
12.572068 55.62033 46M
12.572853 55.622818 16K
12.572226 55.621346 36P
12.572356 55.621323 36M
12.572775 55.622677 16N
12.573555 55.622807 18T
12.573722 55.62286 18M
12.572778 55.62257 16T
12.573951 55.622665 20S
12.57358 55.62007 57
12.573216 55.622818 16F
12.575134 55.62304 11D
12.573283 55.622963 16A
12.573574 55.62284 18U
12.57298 55.622498 16U
12.573685 55.622765 18N
12.573177 55.622883 16D
12.573531 55.622673 18S
12.573085 55.622536 16V
12.572906 55.62276 16M
12.573381 55.622528 16X
12.573685 55.622925 18K
12.572923 55.62279 16L
12.572725 55.62263 16S
12.573329 55.6229 16C
12.573236 55.622658 16G
12.573737 55.622894 18L
12.573504 55.61984 59
12.573584 55.62262 18R
12.57307 55.62271 16Z
12.572725 55.622738 16R
12.573348 55.622936 16B
12.573172 55.622746 16Y
12.572709 55.622704 16P
12.573316 55.622536 16W
