12.630469 55.657673 22
12.630668 55.657055 28
12.630852 55.65689 30
12.631014 55.656727 32
12.631411 55.656017 36
12.631492 55.65588 38
12.631594 55.655758 40
12.631681 55.65544 42
12.633155 55.653156 66
12.633108 55.65312 68A
12.633153 55.65305 68B
12.633194 55.653095 70A
12.63323 55.653027 70B
12.633199 55.65298 72A
12.633249 55.652893 72B
12.633281 55.65295 74A
12.633328 55.652878 74B
12.633691 55.65214 80
12.633859 55.652 82
12.633913 55.651867 84
12.633984 55.651703 86
12.634108 55.65153 88
12.634256 55.651382 90
12.634325 55.651115 92
12.634405 55.650974 94
12.63449 55.650845 96
12.633721 55.651875 84A
12.633477 55.65187 84B
12.63193 55.655167 41
12.632115 55.65495 43
12.573328 55.683083 1A
