12.61407 55.659958 2
12.613858 55.659916 4
12.613655 55.659874 6
12.612717 55.659332 7
12.613455 55.65983 8
12.612994 55.659718 12
12.612788 55.659676 14
12.612605 55.659634 16
12.613231 55.659245 5K
12.613426 55.659477 3E
12.613561 55.65956 3C
12.612812 55.65936 5D
12.613259 55.65936 3F
12.61312 55.659554 3B
12.612591 55.659157 9B
12.613608 55.659332 3K
12.612341 55.659325 9E
12.613426 55.659634 3A
12.612923 55.65919 5H
12.612863 55.6593 5F
12.612957 55.65953 5A
12.613063 55.659496 5C
12.612415 55.6592 9D
12.61257 55.659344 9A
12.613621 55.659454 3G
12.61316 55.659325 5G
12.61248 55.659073 9C
12.612733 55.65947 5B
12.613331 55.65926 3H
12.6131 55.659405 5E
12.613213 55.65949 3D
