12.566109 55.65397 16
12.564926 55.653126 17
12.566108 55.654026 18
12.564846 55.653152 19
12.566206 55.653427 1
12.566091 55.653812 10
12.564592 55.654438 101
12.564685 55.65441 103
12.564755 55.654392 105
12.566104 55.65392 14
12.565024 55.653088 15
12.564828 55.65435 107
12.56491 55.654324 109
12.565454 55.65301 11
12.565021 55.654217 111
12.565073 55.65417 113
12.565125 55.65413 115
12.565177 55.654083 117
12.565229 55.65404 119
12.566099 55.65387 12
12.565292 55.653996 121
12.56539 55.653904 123
12.565435 55.653854 125
12.565482 55.65381 127
12.565527 55.65376 129
12.565575 55.65288 13
12.565569 55.653713 131
12.565616 55.653667 133
12.567785 55.6534 2
12.566113 55.65408 20
12.564765 55.65318 21
12.566126 55.654133 22
12.564686 55.653202 23
12.564592 55.653233 25
12.565443 55.65347 26
12.564515 55.653263 27
12.564506 55.653564 28
12.565037 55.652866 29
12.563966 55.65371 36
12.564726 55.652973 37
12.564969 55.65289 31
12.563905 55.653614 32
12.564876 55.652916 33
12.563933 55.653656 34
12.564797 55.652943 35
12.564051 55.653816 38
12.56452 55.65303 39
12.567119 55.65372 4
12.564089 55.65386 40
12.564443 55.653053 41
12.564139 55.653908 42
12.564378 55.653076 43
12.56419 55.653942 44
12.564291 55.65312 45
12.56419 55.65399 46
12.564212 55.653145 47
12.56428 55.654106 48
12.564041 55.653214 49
12.565936 55.653362 5
12.564327 55.654156 50
12.563962 55.65324 51
12.564369 55.654198 52
12.563885 55.65328 53
12.564427 55.65423 54
12.5638 55.653313 55
12.564807 55.653988 56
12.565041 55.652645 57
12.565098 55.653736 58
12.564974 55.65267 59
12.566755 55.653812 6
12.564891 55.6527 61
12.564809 55.652725 63
12.564619 55.652775 65
12.564553 55.652798 67
12.56445 55.652824 69
12.565753 55.653294 7
12.56438 55.65285 71
12.564203 55.65291 73
12.564139 55.65293 75
12.564065 55.652954 77
12.563975 55.652992 79
12.566053 55.653767 8
12.563815 55.653053 81
12.563719 55.65308 83
12.563643 55.65311 85
12.565558 55.65315 9
12.563358 55.65386 91
12.563839 55.654312 93
12.563915 55.654423 95
12.563932 55.65464 97
12.564533 55.654438 99
12.563892 55.653553 30
12.566173 55.654198 24
12.567122 55.654034 6B
12.539208 55.692688 1
