12.611326 55.66174 1
12.610806 55.66164 2A
12.610497 55.661343 2B
12.611617 55.661736 3
12.610613 55.661213 4
12.611816 55.661602 5
12.610708 55.66112 6
12.611873 55.66146 7
12.610807 55.66102 8
12.611904 55.66139 9
12.610936 55.660892 10
12.611944 55.661297 11
12.611045 55.660778 12
12.611988 55.66119 13
12.611367 55.660458 14
12.612032 55.66106 15
12.611479 55.660343 16
12.612083 55.66095 17
12.611594 55.66022 18
12.612249 55.6606 19
12.612289 55.660492 21
12.612324 55.6604 23
12.611128 55.661053 8A
12.610612 55.639175 1
