12.634726 55.65638 5
12.634301 55.656227 6
12.634856 55.656242 7
12.634377 55.656116 8
12.635034 55.65611 9
12.634496 55.655975 10
12.634741 55.655556 14
12.635296 55.655544 15
12.634799 55.655437 16
12.635483 55.655415 17
12.634922 55.65525 18
12.635405 55.655247 19
12.635017 55.655083 20
12.635481 55.6551 21
12.635134 55.6549 22
12.635641 55.654926 23
12.635571 55.654713 24
12.636142 55.654736 26
12.636408 55.654743 27
12.635827 55.654736 25
12.636743 55.654743 28
12.637051 55.654736 29
12.637337 55.65475 30
12.637668 55.65473 31
12.637894 55.65474 32
12.637996 55.654526 33
12.637778 55.654526 34
12.637454 55.6545 35
12.636863 55.654484 37
12.637164 55.65448 36
12.636564 55.65439 45
12.636859 55.654385 46
12.636514 55.654484 38
12.636265 55.65448 39
12.635897 55.65449 40
12.635599 55.654476 41
12.635684 55.654373 42
12.6359 55.65438 43
12.636271 55.6544 44
12.633216 55.654465 87
12.633165 55.654716 88
12.633335 55.6547 89
12.637175 55.654377 47
12.63748 55.654392 48
12.63772 55.654385 49
12.638085 55.6544 50
12.63815 55.6542 51
12.637939 55.654205 52
12.637708 55.654163 53
12.637364 55.65416 54
12.637118 55.654152 55
12.636858 55.654137 56
12.636583 55.654125 57
12.636276 55.65414 58
12.635978 55.654156 59
12.635611 55.654125 60
12.635386 55.65414 61
12.635164 55.654205 62
12.635007 55.65416 63
12.634699 55.65416 64
12.634363 55.65415 65
12.634164 55.654118 66
12.633964 55.654137 67
12.63377 55.654133 68
12.633556 55.654106 69
12.633394 55.6541 70
12.63343 55.65434 71
12.633578 55.654366 72
12.633899 55.65436 73
12.634114 55.654377 74
12.634415 55.65437 75
12.634656 55.654377 76
12.634912 55.654366 77
12.635155 55.654446 78
12.634904 55.65448 79
12.634659 55.65446 80
12.634364 55.654472 81
12.634122 55.654484 82
12.633944 55.6545 83
12.633769 55.65451 84
12.634934 55.654724 96
12.635166 55.654728 97
12.633578 55.654488 85
12.633364 55.654457 86
12.633547 55.65471 90
12.633729 55.654728 91
12.633923 55.65472 92
12.634093 55.654724 93
12.634367 55.654724 94
12.634625 55.65472 95
12.556009 55.702892 30
12.535136 55.650112 1
