12.589601 55.647305 22
12.591178 55.647125 7
12.590973 55.64712 9
12.591175 55.647434 8
12.591825 55.64747 2
12.590979 55.647457 10
12.589753 55.647305 20
12.588995 55.6473 26
12.589367 55.64711 23
12.59061 55.647133 13
12.588759 55.647053 29
12.589618 55.647137 21
12.591429 55.647167 5
12.590592 55.647503 14
12.590188 55.64736 18
12.591551 55.64745 4
12.591396 55.64749 6
12.588984 55.647106 27
12.590322 55.647453 16
12.591602 55.647144 3
12.588557 55.64708 31
12.589983 55.647087 19
12.589203 55.64729 24
12.590777 55.647465 12
12.58871 55.64728 28
12.590785 55.647156 11
12.588442 55.647278 30
12.591803 55.647156 1
12.589199 55.647118 25
12.59043 55.647106 15
12.58836 55.647137 33
12.583499 55.568027 1
