12.583505 55.630234 3
12.586618 55.63023 4
12.583774 55.630123 5
12.584043 55.6301 7
12.584395 55.63012 9
12.585341 55.63041 10
12.58459 55.630016 11
12.58488 55.630413 12
12.584896 55.63001 13
12.585227 55.629974 15
12.584064 55.630608 16
12.585473 55.629948 17
12.583802 55.63059 18
12.585771 55.62983 19
12.58348 55.63053 20
12.586022 55.629894 21
12.583308 55.63072 22
12.586345 55.629856 23
12.583701 55.630856 24
12.583563 55.631046 26
12.586883 55.629803 27
12.58358 55.631226 28
12.587184 55.6299 29
12.587055 55.629486 31
12.586469 55.629555 35
12.586234 55.62956 37
12.585954 55.629627 39
12.585689 55.629684 41
12.585339 55.62965 43
12.585113 55.629665 45
12.584864 55.629677 47
12.584528 55.62973 49
12.584293 55.62975 51
12.58399 55.62978 53
12.583689 55.629807 55
12.583409 55.629845 57
12.583053 55.629818 59
12.582959 55.6296 61
12.583296 55.629498 63
12.583637 55.62943 65
12.583879 55.629448 67
12.584128 55.629436 69
12.584414 55.629383 71
12.584715 55.629326 73
12.584918 55.6293 75A
12.584909 55.629253 75B
12.585535 55.629272 77
12.585787 55.629257 79
12.586173 55.629208 81
12.586408 55.629185 83
12.586689 55.62917 85
12.58701 55.629086 87
12.587031 55.62886 91
12.58659 55.628857 93
12.586353 55.628895 95
12.586068 55.628902 97
12.585733 55.62894 99
12.585214 55.62899 103
12.585277 55.62874 105
12.584446 55.628666 107
12.584283 55.62879 109
12.584865 55.629025 111
12.584652 55.62903 113
12.584373 55.62909 115
12.584043 55.629078 117
12.583814 55.62912 119
12.58346 55.62915 121
12.58319 55.62915 123
12.58314 55.62883 125
12.583372 55.628834 127
12.583699 55.628784 129
12.583942 55.628757 131
12.582784 55.62893 133
12.582471 55.62884 135
12.582819 55.629112 137
12.582568 55.62918 139
12.586603 55.629845 25
12.586779 55.629505 33
12.587144 55.629353 89
12.585508 55.62894 101
12.583851 55.631664 30A
12.58389 55.631634 30B
12.583841 55.63161 30C
12.583878 55.63158 30D
12.583828 55.631554 30E
12.583874 55.631527 30F
12.583841 55.63146 30G
12.583794 55.631462 30H
12.58374 55.63146 30I
12.583687 55.631466 30J
12.583636 55.63147 30K
12.583581 55.63147 30L
12.583534 55.631477 30M
12.583558 55.631546 30N
12.583524 55.631577 30O
12.584033 55.63245 36A
12.583984 55.63245 36B
12.583934 55.632458 36C
12.583885 55.632458 36D
12.583832 55.63246 36E
12.583847 55.632534 36F
12.583809 55.632565 36G
12.583857 55.632587 36H
12.583821 55.63261 36I
12.583868 55.632633 36J
12.583839 55.632668 36K
12.584056 55.63275 36L
12.584013 55.632725 36M
12.584042 55.632694 36N
12.584001 55.632668 36O
12.58403 55.632637 36P
12.583989 55.63261 36Q
12.584299 55.63252 36R
12.584249 55.63252 36S
12.584196 55.632523 36T
12.584145 55.63253 36U
12.584089 55.632534 36V
12.584031 55.632534 36X
12.583567 55.631596 30P
12.583537 55.63163 30Q
12.583769 55.631824 30R
12.583718 55.631794 30S
12.583754 55.631763 30T
12.583707 55.63174 30U
12.583746 55.63171 30V
12.583699 55.631683 30X
12.583733 55.63165 30Y
12.583692 55.6316 30Z
12.583911 55.631783 32
12.584057 55.63212 34A
12.584022 55.632072 34B
12.584058 55.632046 34C
12.584012 55.632015 34D
12.584051 55.631992 34E
12.584002 55.63197 34F
12.583905 55.63199 34G
12.583854 55.63199 34H
12.583795 55.63199 34I
12.583744 55.631992 34J
12.583694 55.631996 34K
12.583713 55.632076 34L
12.583674 55.6321 34M
12.583726 55.632122 34N
12.583686 55.632153 34O
12.583738 55.63218 34P
12.5837 55.632214 34Q
12.583751 55.632236 34R
12.583952 55.632313 34S
12.583907 55.63229 34T
12.58394 55.63226 34U
12.583896 55.632233 34V
12.583927 55.6322 34X
12.583885 55.63217 34Y
12.583879 55.632126 34Z
12.58395 55.632812 38
12.584285 55.633133 40A
12.584313 55.633102 40B
12.584272 55.63308 40C
12.584302 55.63305 40D
12.58426 55.633022 40E
12.584292 55.632996 40F
12.584271 55.63292 40G
12.58422 55.632923 40H
12.584169 55.632923 40I
12.584118 55.63293 40J
12.584072 55.63294 40K
12.583965 55.632927 40L
12.583927 55.632954 40M
12.583976 55.632977 40N
12.583942 55.63301 40O
12.583991 55.633034 40P
12.583957 55.633064 40Q
12.58419 55.633224 40R
12.584146 55.633198 40S
12.584178 55.633167 40T
12.584135 55.63314 40U
12.584165 55.63311 40V
12.584121 55.633083 40X
12.584113 55.633034 40Y
12.572849 55.67679 1
12.518784 55.69692 1
