12.595295 55.641514 21
12.595006 55.641872 22
12.59336 55.64149 33
12.593099 55.641487 35
12.5926 55.641712 36
12.590969 55.64181 46A
12.590894 55.64191 46B
12.590839 55.64198 46C
12.590813 55.641373 49
12.590028 55.641743 52
12.598474 55.641582 1
12.590451 55.64166 50
12.5972 55.64194 10
12.596726 55.641563 11
12.596953 55.6418 12
12.596248 55.641533 13
12.596187 55.64178 16
12.59576 55.641544 17
12.595752 55.641876 18
12.59545 55.641945 20A
12.595288 55.64178 20B
12.595557 55.641537 19
12.598177 55.64182 2
12.594984 55.641525 23
12.594773 55.64186 24
12.594758 55.64152 25
12.594496 55.64191 26
12.594518 55.641525 27
12.594304 55.641514 29
12.593337 55.641853 30
12.593096 55.641838 32
12.592857 55.641846 34
12.592852 55.641483 37
12.592298 55.64171 38
12.592626 55.64148 39
12.597966 55.641396 3A
12.597899 55.641575 3B
12.597965 55.64192 4
12.592036 55.64172 40
12.592294 55.64149 41
12.592031 55.64144 43
12.591801 55.64148 45
12.590706 55.641674 48
12.597495 55.64157 5
12.597685 55.641903 6
12.589798 55.64164 54
12.59723 55.641563 7
12.597468 55.641903 8
12.596956 55.641575 9
12.595565 55.631905 3
