12.610647 55.642162 14
12.61087 55.6426 24
12.611877 55.64271 52
12.612289 55.64276 62
12.612365 55.642773 64
12.612565 55.642796 70
12.612986 55.642742 74
12.613005 55.64267 78
12.613032 55.6426 82
12.613057 55.64254 86
12.613094 55.64243 92
12.613126 55.642353 96
12.613185 55.64287 110
12.613298 55.642883 112
12.613413 55.6429 114
12.613497 55.64291 116
12.613587 55.64292 118
12.613671 55.64293 120
12.613753 55.64294 122
12.613988 55.642967 124
12.614107 55.64298 126
12.61422 55.642994 128
12.614334 55.643005 130
12.614437 55.643017 132
12.614517 55.643024 134
12.611079 55.64243 18A
12.612175 55.64243 72A
12.611813 55.642708 50
12.610731 55.64194 10
12.610689 55.642056 12
12.610605 55.64228 16
12.610567 55.642384 18
12.610723 55.642586 20
12.610803 55.642593 22
12.610945 55.64261 26
12.611017 55.642616 28
12.611089 55.642628 30
12.611152 55.64263 32
12.611214 55.64264 34
12.611286 55.642647 36
12.611428 55.642662 38
12.611493 55.64267 40
12.611559 55.642677 42
12.611632 55.642685 44
12.611694 55.642693 46
12.611756 55.6427 48
12.612149 55.642746 58
12.610825 55.641685 6
12.611943 55.64272 54
12.612088 55.64274 56
12.612634 55.642803 72
12.612999 55.642708 76
12.612219 55.642757 60
12.612433 55.64278 66
12.612498 55.642788 68
12.613021 55.64263 80
12.613044 55.64257 84
12.613069 55.642506 88
12.613083 55.642467 90
12.613109 55.64239 94
12.63962 55.583363 1
