12.594989 55.66245 2A
12.595116 55.66224 2C
12.596872 55.661224 8
12.595709 55.662712 13
12.596184 55.66006 14B
12.595625 55.66263 15
12.596677 55.66039 16
12.595503 55.66255 17
12.595796 55.662365 21
12.596003 55.662487 23
12.596424 55.661312 24A
12.596096 55.661255 24B
12.595797 55.661053 26A
12.595736 55.66104 26B
12.595179 55.661022 28B
12.594848 55.6606 34
12.595258 55.66068 36
12.595557 55.66022 38A
12.595662 55.660065 38B
12.595726 55.65993 38C
12.595093 55.66013 40A
12.597582 55.661587 41
12.594422 55.660244 42
12.594939 55.65951 44
12.597867 55.661297 45
12.595859 55.65976 46
12.598395 55.660915 49
12.598569 55.660793 51
12.598799 55.660633 53
12.599273 55.660297 57
12.599753 55.660233 59
12.601573 55.65898 77
12.602462 55.65855 83
12.602627 55.658455 85
12.603272 55.65829 89A
12.60348 55.65812 91
12.605016 55.657436 107
12.605217 55.657364 111
12.597478 55.660473 10A
12.597232 55.660423 10B
12.596481 55.662117 31
12.593937 55.660637 42A
12.602707 55.658657 83A
12.598195 55.660625 12
12.595484 55.662163 2E
12.59527 55.66264 9
12.597033 55.660744 10
12.605089 55.657467 109
12.605382 55.6573 113
12.596605 55.660145 14A
12.596497 55.660656 20
12.596167 55.660866 22
12.595924 55.6605 18
12.595583 55.662476 19
12.594587 55.6627 2
12.596229 55.662373 25
12.596116 55.662205 27
12.595338 55.66095 28A
12.594522 55.663013 3
12.594882 55.660984 30
12.594234 55.660877 32
12.595168 55.659946 40B
12.597664 55.661446 43
12.598021 55.661186 47
12.595811 55.662006 4A
12.596209 55.661797 4B
12.595223 55.661533 4C
12.594658 55.66295 5
12.597011 55.661488 6
12.600452 55.65916 52
12.600701 55.659058 54
12.599213 55.660427 55
12.600924 55.65896 56
12.600717 55.65933 73
12.601004 55.659218 75
12.601846 55.658867 79
12.600148 55.659695 67
12.60049 55.659687 69
12.604215 55.6574 80
12.602729 55.65839 87
12.603285 55.65818 89B
12.603337 55.658188 89C
12.603586 55.65806 93
12.603686 55.658047 93B
12.603758 55.658005 95
12.595681 55.661324 26C
12.595606 55.661633 4D
12.594183 55.659683 42B
12.603309 55.65815 89
12.596942 55.65997 50
12.597305 55.660675 10C
