12.621408 55.66155 1
12.621535 55.661816 3
12.62159 55.661938 4
12.621917 55.66169 6
12.621976 55.661816 7
12.623027 55.661747 11
12.62309 55.66188 12
12.62316 55.662014 13
12.623213 55.662136 14
12.623277 55.662266 15
12.62238 55.662655 17
12.621871 55.6627 20
12.621917 55.662804 21
12.621348 55.662483 22
12.621396 55.66259 23
12.62151 55.662827 25
12.621571 55.66296 26
12.621628 55.66308 27
12.621672 55.663174 28
12.620735 55.66247 29
12.620785 55.662582 30
12.62084 55.662704 31
12.620896 55.662823 32
12.620959 55.66295 33
12.621019 55.663067 34
12.620309 55.6625 35
12.620356 55.662598 36
12.620408 55.662704 37
12.620461 55.66281 38
12.619711 55.662487 40
12.61976 55.662594 41
12.619814 55.6627 42
12.619876 55.662827 43
12.619278 55.66248 44
12.619334 55.662598 45
12.619394 55.662727 46
12.619403 55.662865 47
12.621873 55.66159 5
12.622966 55.661606 10
12.622854 55.66248 16
12.621772 55.662487 18
12.621824 55.6626 19
12.621467 55.661674 2
12.621324 55.66243 22A
12.621456 55.662712 24
12.620512 55.662926 39
12.622034 55.661922 8
12.62255 55.661846 9
12.555257 55.679565 1
