12.597714 55.666435 1
12.597588 55.66683 2
12.597399 55.66629 3
12.596788 55.66581 5
12.596675 55.665653 7
12.596478 55.66532 11
12.595944 55.6658 12
12.595659 55.665817 14
12.595949 55.664757 15
12.595528 55.665695 16
12.595425 55.664463 17
12.595476 55.665527 18
12.59526 55.6644 19
12.59506 55.66433 21
12.595432 55.66497 22
12.594812 55.664696 28
12.594916 55.664288 21A
12.596095 55.66487 13
12.595597 55.66511 20
12.597904 55.666496 1A
12.594722 55.66423 23
12.595323 55.6649 24
12.595105 55.664783 26
12.596979 55.666573 4
12.5968 55.666477 6
12.596655 55.66639 8
12.596605 55.665524 9
12.597299 55.666256 3A
12.580201 55.680996 1
