12.622468 55.65032 13
12.622108 55.650017 14
12.622615 55.650192 15
12.622164 55.64992 16
12.62267 55.650085 19
12.622701 55.650036 21
12.622727 55.649986 23
12.622472 55.649384 26
12.622784 55.64988 27
12.622567 55.649193 28
12.622618 55.649048 30
12.622961 55.649715 31
12.622989 55.649662 33
12.622814 55.648746 34
12.623044 55.64956 37
12.623068 55.64951 39
12.623103 55.64946 41
12.623134 55.649406 43
12.62313 55.64928 45
12.623178 55.64899 49
12.623292 55.64884 51
12.622361 55.650494 11A
12.622512 55.650517 11B
12.621849 55.650475 10
12.622641 55.65014 17
12.62222 55.64982 18
12.621474 55.651287 2
12.622367 55.649563 24
12.622755 55.649933 25
12.622932 55.64977 29
12.621996 55.651222 3
12.622692 55.6489 32
12.623016 55.649612 35
12.621544 55.65116 4
12.623095 55.649117 47
12.62161 55.651043 6
12.621733 55.65068 8
12.622251 55.650677 9A
12.622438 55.650707 9B
