12.630218 55.66537 3
12.630794 55.665516 9
12.632047 55.665787 21
12.631497 55.665325 22
12.631892 55.66593 23
12.631726 55.665344 24
12.631246 55.665768 31
12.632536 55.665485 34
12.630523 55.66557 37
12.632427 55.66574 38
12.631199 55.66606 54
12.631005 55.665985 56
12.630182 55.665768 64
12.629955 55.665718 66
12.630448 55.66543 5
12.631588 55.666157 50
12.630154 55.665443 1
12.630182 55.665108 10
12.631002 55.66556 11
12.630436 55.66514 12
12.63134 55.66564 13
12.630683 55.66519 14
12.631534 55.66567 15
12.630905 55.665222 16
12.631701 55.66573 17
12.631321 55.665287 20
12.631114 55.665245 18
12.631882 55.665737 19
12.629613 55.665615 2
12.631728 55.665897 25
12.631899 55.665367 26
12.631573 55.665848 27
12.632055 55.665417 28
12.631442 55.6658 29
12.632226 55.66542 30
12.632376 55.66545 32
12.63091 55.665653 33
12.630731 55.66564 35
12.632685 55.665504 36
12.63037 55.6655 39
12.629725 55.665462 4
12.632351 55.665874 40
12.632257 55.66598 42
12.632181 55.666077 44
12.632065 55.66619 46
12.631875 55.666214 48
12.63077 55.665943 58
12.629854 55.665367 6
12.631364 55.666092 52
12.6306 55.665897 60
12.630379 55.66584 62
12.630625 55.66547 7
12.629939 55.66525 8
12.61433 55.684086 1
