12.603545 55.651726 51
12.610143 55.651783 12A
12.610698 55.651424 5
12.604382 55.65215 50
12.610365 55.651794 10
12.609778 55.651466 11
12.61009 55.65179 12
12.609548 55.651474 13
12.609822 55.651768 14
12.609543 55.65183 16
12.60904 55.651745 20
12.608779 55.651417 21
12.608796 55.65178 22
12.609284 55.65176 18
12.611622 55.651623 2
12.608529 55.651512 23
12.608564 55.651855 24
12.608283 55.651524 25
12.608327 55.6519 26
12.607811 55.651524 27
12.608071 55.651794 28
12.60756 55.65153 29
12.610939 55.651417 3
12.607839 55.651814 30
12.607329 55.65156 31
12.607596 55.651863 32
12.607051 55.65155 33
12.607354 55.651897 34
12.607079 55.65199 36
12.605527 55.65172 39
12.611195 55.651695 4
12.606011 55.652058 40
12.605293 55.651726 41
12.605646 55.652092 42
12.605033 55.651726 43
12.605312 55.652092 44
12.604777 55.651745 45
12.605009 55.65212 46
12.604458 55.651768 47
12.604682 55.652126 48
12.603875 55.65177 49
12.610901 55.65174 6
12.610374 55.65144 7
12.610639 55.651756 8
12.610113 55.651447 9
12.55978 55.69546 1
