12.579648 55.66813 14
12.579335 55.667896 18
12.579227 55.667816 20
12.579116 55.667732 22
12.578964 55.667618 24
12.578329 55.667137 26
12.578725 55.667 29
12.57817 55.66701 28
12.580715 55.668476 3
12.580669 55.668438 5
12.58006 55.667953 15
12.579973 55.66789 17
12.579775 55.667736 19
12.579558 55.667576 21
12.580478 55.668285 7
12.580247 55.668583 10
12.58012 55.668476 12
12.579472 55.667995 16
12.579376 55.667435 23
12.580549 55.668804 4
12.580443 55.668728 6
12.580343 55.66865 8
12.578831 55.66708 25
12.630556 55.642372 1
