12.585867 55.659416 8
12.585852 55.659855 10
12.585491 55.659935 5
12.585957 55.66012 12
12.586236 55.660114 14
12.586892 55.660183 16
12.585421 55.66039 17
12.58722 55.660564 20
12.587321 55.660706 22
12.587443 55.660873 24
12.587524 55.660984 26
12.587457 55.661064 28
12.587186 55.661106 30
12.586247 55.66108 32
12.586382 55.661297 34
12.586115 55.66135 36
12.58582 55.661415 38
12.585471 55.661476 40
12.585256 55.6615 42
12.585085 55.66149 44
12.585684 55.661232 157
12.58562 55.66124 159
12.585553 55.661247 161
12.58548 55.66126 163
12.585367 55.661293 165
12.585291 55.6613 167
12.585223 55.66131 169
12.585152 55.661316 171
12.585083 55.661324 173
12.585018 55.66133 175
12.584948 55.66134 177
12.584878 55.661343 179
12.585298 55.660378 19
12.585459 55.660908 101
12.585392 55.66092 103
12.585458 55.661095 133
12.585322 55.6611 135
12.585254 55.661106 137
12.585179 55.66111 139
12.585119 55.661118 141
12.585047 55.661125 143
12.584975 55.661133 145
12.584909 55.66114 147
12.584836 55.661148 149
12.585491 55.660385 15
12.585901 55.66121 151
12.585824 55.66122 153
12.585753 55.66123 155
12.58523 55.660946 105
12.585157 55.660957 107
12.585084 55.660965 109
12.585016 55.660973 111
12.584953 55.660976 113
12.584879 55.660988 115
12.584809 55.66099 117
12.585942 55.661037 119
12.585873 55.66105 121
12.585802 55.661057 123
12.58573 55.661064 125
12.585661 55.66107 127
12.585593 55.66108 129
12.585561 55.660378 13
12.585521 55.661087 131
12.585232 55.660385 21
12.585157 55.660397 23
12.585087 55.660408 25
12.585015 55.660408 27
12.584947 55.66042 29
12.584878 55.660427 31
12.584816 55.660435 33
12.585758 55.66052 35
12.585689 55.66053 37
12.585622 55.660538 39
12.585547 55.66054 41
12.585477 55.660553 43
12.585336 55.66057 45
12.585268 55.660576 47
12.5852 55.660587 49
12.58513 55.660595 51
12.585061 55.660603 53
12.584988 55.66061 55
12.584923 55.66062 57
12.584851 55.660625 59
12.58478 55.660637 61
12.585822 55.6607 63
12.585751 55.660713 65
12.585686 55.66072 67
12.585612 55.66073 69
12.585535 55.66074 71
12.585269 55.66074 73
12.585201 55.66075 75
12.585129 55.66076 77
12.585063 55.660767 79
12.58499 55.66077 81
12.584922 55.66078 83
12.584855 55.66079 85
12.58478 55.6608 87
12.585877 55.660866 89
12.585713 55.660362 9
12.585804 55.660873 91
12.585735 55.66088 93
12.585668 55.660885 95
12.585598 55.660892 97
12.585521 55.6609 99
12.585631 55.66037 11
