12.591607 55.646572 1
12.591346 55.646545 2
12.591142 55.646557 3
12.590893 55.64656 4
12.590645 55.64657 5
12.590399 55.64656 6
12.590215 55.64652 7
12.589967 55.64651 8
12.589694 55.646515 9
12.589411 55.64651 10
12.589131 55.6465 11
12.588913 55.64648 12
12.588691 55.646477 13
12.588391 55.646477 14
12.588166 55.64648 15
12.587958 55.646446 16
12.587708 55.646442 17
12.587696 55.64624 18
12.588037 55.646168 19
12.588237 55.646206 20
12.588462 55.6462 21
12.588698 55.64621 22
12.588943 55.646183 23
12.589229 55.646248 24
12.58952 55.64629 25
12.589841 55.646255 26
12.590004 55.64624 27
12.590272 55.646236 28
12.590535 55.646294 29
12.59085 55.6463 30
12.591076 55.646297 31
12.591281 55.646263 32
12.5916 55.646275 33
12.555563 55.652504 20
