12.610955 55.652443 3
12.604324 55.65298 43
12.603455 55.653255 54
12.610744 55.65246 5
12.606617 55.652813 29
12.610031 55.6528 10
12.609796 55.65282 12
12.609829 55.652573 13
12.60959 55.652897 14
12.609484 55.6526 15
12.609132 55.65262 17
12.609225 55.652927 20
12.608584 55.652645 21
12.608817 55.65265 19
12.611012 55.652725 2
12.608244 55.65268 23
12.608742 55.652977 24
12.607947 55.6527 25
12.608159 55.652996 26
12.607677 55.652775 27
12.607059 55.653095 30
12.606267 55.652836 31
12.606667 55.653126 32
12.605913 55.652863 33
12.605615 55.652878 35
12.605857 55.653206 38
12.60497 55.652943 39
12.610769 55.65275 4
12.605563 55.653236 40
12.604702 55.652966 41
12.605297 55.653248 42
12.604984 55.653233 44
12.60467 55.65329 46
12.603695 55.65303 47
12.604371 55.653275 48
12.602915 55.653336 58
12.603076 55.653328 56
12.610533 55.65276 6
12.610451 55.65248 7
12.610277 55.652786 8
12.65103 55.58955 1
