12.609489 55.64951 4
12.609497 55.649353 8
12.609975 55.649193 11
12.60949 55.6492 12
12.609489 55.649136 14
12.60998 55.649048 15
12.609491 55.64905 16
12.60998 55.648983 17
12.609487 55.648987 18
12.609977 55.64891 19
12.609489 55.648926 20
12.609965 55.64875 21
12.609487 55.648777 24
12.60949 55.648712 26
12.609491 55.648647 28
12.609631 55.648556 32
12.609724 55.64852 34
12.609979 55.649426 5
12.609493 55.649284 10
12.609979 55.649124 13
12.609489 55.648865 22
12.609488 55.649597 2
12.609982 55.6495 3
12.609539 55.648594 30
12.609814 55.648483 36
12.609493 55.649437 6
12.609978 55.649353 7
12.609974 55.64927 9
12.514295 55.69556 1
