12.636606 55.649845 7
12.636723 55.64973 9
12.636837 55.649624 11
12.636489 55.64962 13
12.636174 55.649555 15
12.636513 55.649475 17
12.636717 55.64951 19
12.636965 55.649494 21
12.637014 55.649364 23
12.636865 55.649315 25
12.636611 55.649284 27
12.636396 55.649323 29
12.636461 55.649208 31
12.636941 55.649204 33
12.637195 55.64922 35
12.636611 55.64903 39
12.636794 55.649055 41
12.637031 55.64906 43
12.637352 55.648907 47
12.637128 55.648888 49
12.636866 55.648872 51
12.636668 55.64887 53
12.63644 55.648846 55
12.636473 55.64878 57
12.636776 55.6488 59
12.637007 55.648823 61
12.637259 55.648804 63
12.637538 55.648823 65
12.637571 55.648712 67
12.637384 55.648678 69
12.637141 55.64865 71
12.636931 55.648636 73
12.636721 55.64865 75
12.636826 55.648563 77
12.63701 55.648575 79
12.637202 55.64859 81
12.637386 55.64859 83
12.637631 55.648613 85
12.637834 55.648445 87
12.637608 55.648396 89
12.637409 55.648365 91
12.637547 55.648273 93
12.637681 55.64831 95
12.637935 55.648335 97
12.638106 55.648098 99
12.637837 55.64809 101
12.637663 55.648132 103
12.637725 55.648045 105
12.63779 55.647972 107
12.637956 55.648033 109
12.638131 55.648045 111
12.638271 55.647873 113
12.637827 55.647827 115
12.637539 55.64783 117
12.637202 55.647774 119
12.637031 55.647957 121
12.637197 55.647984 123
12.637387 55.647995 125
12.637296 55.648052 127
12.637116 55.64804 129
12.636958 55.648033 131
12.636768 55.648254 133
12.636918 55.64829 135
12.637141 55.648308 137
12.637163 55.64836 139
12.636891 55.648388 141
12.63727 55.649082 45
