12.621225 55.65705 1
12.62141 55.65677 2
12.622828 55.657433 11
12.623376 55.657154 14
12.623362 55.657436 15
12.623653 55.65723 16
12.624131 55.65734 18
12.62392 55.65758 19
12.624415 55.657402 20
12.62425 55.65768 21
12.624983 55.6575 24
12.621862 55.6572 5
12.622778 55.65706 10
12.623068 55.657112 12
12.623044 55.65754 13
12.623573 55.65761 17
12.624716 55.657467 22
12.621544 55.657078 3
12.621732 55.656822 4
12.622065 55.6569 6
12.622133 55.657204 7
12.622339 55.656948 8
12.622551 55.657383 9
12.587651 55.621037 1
