12.591563 55.651035 9
12.591716 55.65085 11
12.590853 55.650852 12
12.59172 55.650707 13
12.591026 55.650707 14
12.590883 55.65054 16
12.591358 55.650467 17
12.591336 55.650307 19
12.590562 55.64957 22
12.591278 55.649742 23
12.590632 55.649384 24
12.591287 55.64957 25
12.591212 55.649387 27
12.59171 55.651318 5
12.591026 55.65104 10
12.591593 55.650597 15
12.590744 55.64974 20
12.591439 55.65178 2
12.591755 55.651463 3
12.591222 55.651478 4
12.591208 55.65134 6
12.591634 55.651154 7
12.596398 55.672176 1
