12.584178 55.66598 11
12.581186 55.667965 12
12.584011 55.665848 13
12.581243 55.668217 14
12.580933 55.66823 14A
12.581333 55.668064 14B
12.580684 55.668156 16
12.584328 55.666252 17
12.583774 55.666492 21
12.583518 55.666595 23
12.583078 55.666344 25
12.582895 55.666203 27
12.583509 55.66604 29
12.583136 55.666744 29A
12.583052 55.666798 31
12.582914 55.666855 33
12.582656 55.666965 35
12.582543 55.666943 37
12.582369 55.666916 39
12.582201 55.66679 41
12.582069 55.66669 43
12.581901 55.66657 45
12.582442 55.666405 47
12.581608 55.666817 51
12.581763 55.666927 53
12.582007 55.66724 57
12.581824 55.667316 59
12.581636 55.667397 61
12.580813 55.667744 65
12.580547 55.66786 67
12.580267 55.667976 69
12.585018 55.66597 5
12.582144 55.66769 10
12.584539 55.6657 15
12.584025 55.666386 19
12.585214 55.665886 3
12.58194 55.667065 55
12.583952 55.667213 6
12.581415 55.667492 63
12.584759 55.666077 7
12.583228 55.66744 8
12.584525 55.66618 9
12.581455 55.666702 49
