12.617814 55.640945 5
12.618697 55.64122 11
12.619036 55.641193 13
12.619454 55.640965 14
12.620266 55.641434 21
12.620718 55.641212 22A
12.62166 55.641422 26
12.621504 55.641685 29
12.617391 55.640575 2
12.618925 55.640865 10
12.619187 55.64091 12
12.619296 55.641254 15
12.619697 55.641026 16
12.62042 55.641163 20
12.620154 55.641094 18
12.620941 55.64125 22B
12.620541 55.641502 23
12.621404 55.64135 24
12.620756 55.641605 25
12.621237 55.641644 27
12.621947 55.64147 28
12.617686 55.640923 3
12.62174 55.641758 31
12.617614 55.64061 4A
12.618046 55.641037 7
12.618239 55.640743 6
12.6185 55.64076 8
12.618273 55.6411 9
12.617739 55.640427 4C
12.617702 55.6405 4B
12.562537 55.657288 1
