12.600807 55.641407 32
12.601325 55.641132 37
12.60107 55.64111 39
12.599912 55.641026 47
12.605251 55.64179 12
12.60644 55.641582 5
12.606951 55.64162 1
12.60562 55.641502 11
12.605342 55.641502 13
12.604986 55.641796 14
12.6051 55.641476 15
12.604809 55.64145 17
12.60411 55.64137 21
12.603357 55.64164 22
12.604365 55.64139 19
12.603841 55.641247 23
12.603537 55.641327 25
12.602104 55.641502 26
12.603212 55.64132 27
12.601754 55.641495 28
12.602997 55.641285 29
12.60674 55.641514 3
12.602166 55.641224 31
12.601894 55.64117 33
12.600489 55.641304 34
12.601631 55.641167 35
12.599955 55.641327 36
12.599584 55.64124 38
12.606491 55.64192 4
12.600799 55.640953 41
12.60047 55.641026 43
12.600224 55.64106 45
12.599664 55.641006 49
12.606169 55.64156 7
12.606204 55.641914 6
12.605894 55.641537 9
12.599407 55.640858 51B
12.599391 55.64091 51A
12.672208 55.594326 2
