12.608039 55.658188 1
12.608764 55.658478 9
12.608974 55.658623 11
12.609887 55.658653 12A
12.609372 55.658875 15
12.61004 55.659134 16
12.610186 55.65926 16A
12.610314 55.659367 16B
12.609612 55.659115 17
12.60982 55.659294 19A
12.609942 55.659405 21
12.609864 55.65951 21A
12.609721 55.659504 21B
12.610004 55.65953 23
12.611038 55.65976 24
12.611186 55.659756 26A
12.61157 55.659878 26B
12.611704 55.659904 26C
12.610477 55.659794 29
12.610731 55.659946 31
12.610933 55.660007 33
12.611134 55.660072 35
12.611982 55.660255 39
12.613147 55.66022 44
12.613328 55.660255 46
12.61328 55.66049 47B
12.613493 55.66029 48
12.614701 55.66079 55C
12.614708 55.660545 56
12.614943 55.66083 57
12.61547 55.661118 61
12.616255 55.660748 66
12.617419 55.66086 72
12.619546 55.661102 92
12.619763 55.66113 94
12.619906 55.661133 96
12.627235 55.661747 141
12.627807 55.661846 143
12.627976 55.66248 145
12.629423 55.661774 148
12.630419 55.661926 152
12.616314 55.661053 69
12.619008 55.661324 85
12.625596 55.661682 121
12.625938 55.661694 123
12.625507 55.660725 130H
12.626236 55.66119 138D
12.627985 55.661495 142C
12.627055 55.661427 142F
12.627379 55.660885 142K
12.627517 55.66063 142L
12.628013 55.660477 144A
12.62789 55.660652 144B
12.627849 55.66089 144C
12.628169 55.660927 144D
12.628449 55.660927 144E
12.62854 55.660755 144F
12.628652 55.660606 144G
12.609602 55.659416 19B
12.630768 55.66196 156
12.63095 55.66197 158
12.631159 55.662006 160
12.631334 55.661976 162
12.629667 55.661804 148A
12.629913 55.66183 148B
12.630173 55.661865 148C
12.63022 55.66183 150A
12.630221 55.661766 150B
12.630218 55.661705 150C
12.630218 55.661644 150D
12.609437 55.65851 10
12.620957 55.661205 102
12.621179 55.66122 104
12.621401 55.66124 106
12.621661 55.66126 108
12.609651 55.658077 10B
12.622537 55.661304 110
12.622798 55.66132 112
12.623032 55.661327 114
12.623121 55.661327 114A
12.623631 55.66135 116
12.623837 55.661358 118
12.624024 55.661366 120
12.62424 55.661377 122
12.624484 55.66139 124
12.625361 55.661407 126A
12.62522 55.661377 126B
12.625126 55.66119 128
12.626525 55.66185 129
12.609159 55.658783 13
12.625212 55.661186 130A
12.625255 55.661125 130B
12.625306 55.66106 130C
12.625358 55.660995 130D
12.625405 55.660934 130E
12.625454 55.66087 130F
12.625504 55.66081 130G
12.626372 55.662163 131
12.625614 55.66058 132A
12.625675 55.66058 132B
12.625733 55.66058 132C
12.625801 55.660583 132D
12.625861 55.660583 132E
12.625921 55.660583 132F
12.626152 55.660545 132G
12.625658 55.661407 134A
12.625812 55.661377 134B
12.626032 55.661392 136
12.626223 55.661354 138
12.626323 55.661194 138C
12.626143 55.66119 138E
12.626045 55.661186 138F
12.62595 55.661186 138G
12.625864 55.661186 138H
12.625777 55.661186 138K
12.625698 55.661182 138L
12.625618 55.661182 138M
12.625743 55.66098 138N
12.625793 55.660995 138P
12.625841 55.660984 138R
12.626004 55.660988 138S
12.62606 55.661003 138T
12.626109 55.660988 138U
12.626281 55.66099 138V
12.626334 55.661003 138X
12.626385 55.66099 138Y
12.609883 55.65898 14
12.625898 55.660786 140A
12.625947 55.66077 140B
12.625997 55.66079 140C
12.62615 55.660793 140D
12.626205 55.660774 140E
12.626255 55.660793 140F
12.626417 55.660793 140G
12.62647 55.660774 140H
12.626521 55.660797 140K
12.626384 55.660564 140L
12.626451 55.66056 140M
12.626534 55.660564 140N
12.626617 55.660564 140P
12.626697 55.660564 140R
12.626561 55.66142 140S
12.628193 55.66118 142A
12.628058 55.66135 142B
12.627701 55.661514 142D
12.627362 55.661465 142E
12.627221 55.66117 142G
12.627712 55.66114 142H
12.627642 55.660378 142M
12.628699 55.66168 146
12.631376 55.66171 154
12.608336 55.658054 2
12.610451 55.659485 20
12.609729 55.65922 19
12.610884 55.65971 22
12.611806 55.659927 26D
12.610394 55.659718 27
12.611928 55.659798 28
12.610573 55.65983 29A
12.608318 55.658268 3
12.612334 55.660057 30
12.611355 55.660145 37
12.612645 55.66012 38
12.608646 55.658115 4
12.61281 55.660152 40
12.612619 55.66038 41
12.612996 55.66019 42
12.612937 55.660416 47
12.613105 55.66045 47A
12.613472 55.660534 49
12.614918 55.660583 58
12.615563 55.66099 59
12.613666 55.66032 50
12.61368 55.66057 51
12.614377 55.660473 52
12.614192 55.66079 53
12.614551 55.660507 54
12.614512 55.66074 55A
12.614634 55.660778 55B
12.61721 55.660835 70
12.617608 55.660873 74
12.609358 55.65795 6
12.615111 55.660625 60
12.615707 55.6607 62
12.615395 55.661232 63
12.615976 55.660725 64
12.61629 55.66111 67
12.616986 55.660812 68
12.609495 55.65763 6B
12.609121 55.658356 8
12.618248 55.66097 82
12.618455 55.660988 84
12.618674 55.66101 86
12.618849 55.66103 88
12.618986 55.661045 90
12.627655 55.66271 151
12.627855 55.662655 149
12.609966 55.65894 14A
12.61004 55.658966 14B
12.626908 55.662853 157
12.626896 55.663017 159
12.609796 55.657825 8B
12.609688 55.658375 10A
12.630248 55.661644 150D
12.610131 55.65837 12E
12.610097 55.658413 12D
12.610181 55.658657 14C
12.610386 55.658367 14D
12.609759 55.658752 12
12.610062 55.658455 12C
12.631099 55.662006 158A
12.627331 55.662693 153
12.609113 55.657703 6A
12.62698 55.66269 155
12.627922 55.662567 147
12.540424 55.69609 2
