12.584816 55.661655 7
12.582813 55.659855 8
12.58856 55.657738 13
12.588972 55.65596 21
12.585714 55.645195 25
12.583218 55.64122 30
12.583713 55.638714 31
12.584221 55.63986 35
12.583579 55.638393 37A
12.583637 55.638428 37B
12.583839 55.6384 37C
12.584047 55.638374 37D
12.584277 55.638348 37E
12.584497 55.638317 37F
12.583396 55.63774 41
12.582939 55.6367 49
12.582364 55.63487 55
12.583188 55.63483 55A
12.582254 55.635002 55B
12.582305 55.63514 55C
12.58236 55.635265 55D
12.58247 55.63536 55E
12.582427 55.63544 55F
12.582247 55.634438 57A
12.582702 55.634464 57B
12.583049 55.63432 57C
12.582018 55.63438 57D
12.581979 55.634296 57G
12.582056 55.634308 57H
12.582141 55.63432 57K
12.582236 55.63433 57L
12.582322 55.634346 57M
12.582415 55.634357 57N
12.581914 55.63399 59A
12.582623 55.634068 59B
12.583191 55.633793 59C
12.581876 55.633938 59D
12.58268 55.63397 59E
12.58159 55.633114 61A
12.581623 55.6332 61B
12.581654 55.63328 61C
12.581681 55.63335 61D
12.581938 55.63341 61E
12.582128 55.63339 61F
12.581533 55.632854 63A
12.581703 55.632835 63B
12.581895 55.632812 63C
12.582089 55.63279 63D
12.582294 55.632767 63E
12.582478 55.63274 63F
12.582656 55.632717 63G
12.580257 55.633034 68
12.582567 55.6333 69
12.580081 55.63242 70
12.580045 55.632294 74
12.581043 55.631752 75
12.579269 55.63043 86
12.579131 55.63004 88
12.579381 55.629097 89
12.578488 55.629684 90
12.57894 55.628506 91
12.57842 55.629433 92
12.577831 55.629734 94
12.577047 55.629803 96
12.576849 55.62981 98
12.575601 55.61939 99
12.576309 55.629864 100
12.578638 55.62882 102M
12.577882 55.627472 106
12.574943 55.61988 188
12.574928 55.619843 190
12.580115 55.633232 66
12.577879 55.627384 108
12.577883 55.627262 110
12.577848 55.627174 112
12.577781 55.627037 114
12.577727 55.62694 116
12.577557 55.626644 118
12.588044 55.66744 1
12.586287 55.666874 2
12.587983 55.667328 3
12.585951 55.66611 4
12.585813 55.665142 5B
12.576485 55.62409 130
12.583818 55.6428 28
12.57578 55.624157 132
12.575484 55.61738 220
12.589196 55.65627 21A
12.587001 55.6569 19
12.582916 55.6381 39
12.581176 55.632248 73
12.57855 55.62941 102A
12.578658 55.6294 102B
12.578849 55.629307 102C
12.578772 55.629124 102D
12.578311 55.628994 102E
12.578132 55.62901 102F
12.579509 55.629314 87
12.582784 55.63582 53
12.580925 55.63462 54
12.580889 55.634502 56
12.580841 55.634396 58
12.579451 55.629353 85
12.574809 55.618023 218
12.580947 55.634697 52
12.577221 55.625717 124
12.581757 55.636654 44
12.583246 55.63707 45
12.581512 55.63607 46B
12.587758 55.666195 5
12.580783 55.634274 60
12.581561 55.636173 46A
12.581465 55.63596 46C
12.574488 55.618683 202
12.574535 55.618786 200
12.574865 55.61968 192
12.581098 55.635056 50
12.577281 55.625862 122
12.581338 55.635677 48
12.584205 55.637573 43
12.583522 55.637905 41A
12.585001 55.662815 7B
12.582871 55.639664 36
12.577482 55.627495 104
12.580693 55.634113 62
12.576869 55.61762 224
