12.612717 55.66611 2
12.613209 55.66604 3
12.613345 55.66584 7
12.61341 55.665768 9
12.613477 55.665688 11
12.613182 55.66552 12
12.613557 55.66559 13
12.613406 55.664993 14
12.613751 55.66534 15
12.614068 55.664368 16
12.61385 55.665215 17
12.614154 55.664257 18
12.613927 55.665108 19
12.613988 55.665024 21
12.61436 55.663998 22
12.614622 55.663647 24
12.614165 55.664806 25
12.614731 55.66351 26
12.614805 55.663406 28
12.614419 55.66449 29
12.614521 55.664368 31
12.614617 55.664234 33
12.615269 55.66282 34
12.614715 55.664116 35
12.614984 55.66374 37
12.615256 55.66261 38
12.615088 55.66362 39
12.615182 55.66349 41
12.615291 55.663364 43
12.615571 55.662994 45
12.616537 55.66137 46
12.61662 55.661247 48
12.615711 55.662807 49
12.615791 55.6627 51
12.615967 55.662476 55
12.616674 55.66217 61
12.617433 55.661682 69
12.6176 55.66159 71
12.617795 55.66146 73
12.613275 55.66594 5
12.613075 55.665657 10
12.614262 55.664116 20
12.614078 55.664913 23
12.61491 55.66327 30
12.615198 55.662914 32
12.615354 55.6627 36
12.612811 55.66599 4
12.615637 55.6629 47
12.616696 55.661133 50
12.615887 55.662582 53
12.612893 55.66588 6
12.612991 55.665764 8
12.615989 55.662422 57
12.617183 55.661747 67
12.653729 55.628845 1
