14.971246 55.210632 11
14.971014 55.211166 2
14.971333 55.211266 3
14.970969 55.211025 4
14.971268 55.211212 5
14.971287 55.211227 5A
14.971263 55.2112 5B
14.971188 55.211082 7
14.97119 55.210903 9
14.704218 55.11036 2
14.971246 55.210632 11
14.971014 55.211166 2
14.971333 55.211266 3
14.970969 55.211025 4
14.971268 55.211212 5
14.971287 55.211227 5A
14.971263 55.2112 5B
14.971188 55.211082 7
14.97119 55.210903 9
14.704218 55.11036 2
14.971246 55.210632 11
14.971014 55.211166 2
14.971333 55.211266 3
14.970969 55.211025 4
14.971268 55.211212 5
14.971287 55.211227 5A
14.971263 55.2112 5B
14.971188 55.211082 7
14.97119 55.210903 9
14.704218 55.11036 2
14.971246 55.210632 11
14.971014 55.211166 2
14.971333 55.211266 3
14.970969 55.211025 4
14.971268 55.211212 5
14.971287 55.211227 5A
14.971263 55.2112 5B
14.971188 55.211082 7
14.97119 55.210903 9
14.704218 55.11036 2
14.971246 55.210632 11
14.971014 55.211166 2
14.971333 55.211266 3
14.970969 55.211025 4
14.971268 55.211212 5
14.971287 55.211227 5A
14.971263 55.2112 5B
14.971188 55.211082 7
14.97119 55.210903 9
14.704218 55.11036 2
14.971246 55.210632 11
14.971014 55.211166 2
14.971333 55.211266 3
14.970969 55.211025 4
14.971268 55.211212 5
14.971287 55.211227 5A
14.971263 55.2112 5B
14.971188 55.211082 7
14.97119 55.210903 9
14.704218 55.11036 2
