14.877719 55.233356 20
14.877468 55.233288 10
14.877449 55.23334 12
14.877404 55.233402 14
14.877524 55.233402 16
14.877624 55.23338 18
14.87751 55.233185 2
14.877772 55.23333 22
14.877721 55.234783 3
14.877404 55.23321 4
14.877641 55.233208 6
14.877662 55.233253 8
15.057028 55.022797 2
14.877719 55.233356 20
14.877468 55.233288 10
14.877449 55.23334 12
14.877404 55.233402 14
14.877524 55.233402 16
14.877624 55.23338 18
14.87751 55.233185 2
14.877772 55.23333 22
14.877721 55.234783 3
14.877404 55.23321 4
14.877641 55.233208 6
14.877662 55.233253 8
15.057028 55.022797 2
14.877719 55.233356 20
14.877468 55.233288 10
14.877449 55.23334 12
14.877404 55.233402 14
14.877524 55.233402 16
14.877624 55.23338 18
14.87751 55.233185 2
14.877772 55.23333 22
14.877721 55.234783 3
14.877404 55.23321 4
14.877641 55.233208 6
14.877662 55.233253 8
15.057028 55.022797 2
14.877719 55.233356 20
14.877468 55.233288 10
14.877449 55.23334 12
14.877404 55.233402 14
14.877524 55.233402 16
14.877624 55.23338 18
14.87751 55.233185 2
14.877772 55.23333 22
14.877721 55.234783 3
14.877404 55.23321 4
14.877641 55.233208 6
14.877662 55.233253 8
15.057028 55.022797 2
14.877719 55.233356 20
14.877468 55.233288 10
14.877449 55.23334 12
14.877404 55.233402 14
14.877524 55.233402 16
14.877624 55.23338 18
14.87751 55.233185 2
14.877772 55.23333 22
14.877721 55.234783 3
14.877404 55.23321 4
14.877641 55.233208 6
14.877662 55.233253 8
15.057028 55.022797 2
14.877719 55.233356 20
14.877468 55.233288 10
14.877449 55.23334 12
14.877404 55.233402 14
14.877524 55.233402 16
14.877624 55.23338 18
14.87751 55.233185 2
14.877772 55.23333 22
14.877721 55.234783 3
14.877404 55.23321 4
14.877641 55.233208 6
14.877662 55.233253 8
15.057028 55.022797 2
