14.967707 55.16596 10
14.967898 55.16666 11
14.968271 55.165943 12
14.969211 55.16745 13
14.968028 55.16623 14
14.970382 55.167995 15
14.968254 55.16634 16
14.971426 55.168846 17
14.968889 55.166462 18
14.969659 55.166477 18A
14.97348 55.169853 19
14.965377 55.165585 1A
14.965983 55.165554 1B
14.966381 55.165344 2
14.976601 55.171688 23
14.969484 55.16709 24
14.976902 55.1719 25
14.971899 55.175743 21
14.972452 55.17573 21B
14.969327 55.16697 22
14.969742 55.16717 26
14.980778 55.176292 27
14.969907 55.167427 28
14.966204 55.16558 3
14.971607 55.167507 30
14.986874 55.17896 31
14.978699 55.171402 32
14.989552 55.187366 33
14.989684 55.174828 34
14.99075 55.176624 36
14.966897 55.165634 4
15.004044 55.179405 40
15.008621 55.17927 40A
14.98965 55.17947 44
14.990111 55.185776 46
14.966318 55.165646 5
14.967242 55.165833 6
14.966392 55.165825 7
14.967405 55.165928 8
14.984603 55.178185 29
15.000225 55.180443 42
14.967081 55.16621 9
14.965442 55.16494 2A
14.988754 55.192287 33A
15.005361 55.178307 38
14.927566 55.074608 4
