14.974221 55.209908 1
14.974723 55.20996 10
14.974736 55.210587 11
14.975132 55.20972 12
14.974475 55.210724 13
14.974908 55.210045 14
14.974686 55.209465 4
14.974269 55.210835 15
14.975132 55.21014 16
14.974009 55.21089 17
14.975352 55.209835 18
14.973682 55.210976 19
14.974993 55.20919 2
14.975911 55.20957 24
14.973403 55.21104 21
14.975788 55.2098 26
14.975568 55.209663 26B
14.975844 55.210068 28
14.97585 55.21026 30
14.975754 55.21044 32
14.975499 55.210606 34
14.975324 55.21077 36
14.975147 55.211033 38
14.974285 55.211323 40
14.973865 55.21123 42
14.973889 55.211407 44
14.9735 55.211395 46
14.974554 55.210133 5
14.973477 55.211266 50
14.972851 55.211056 54
14.972562 55.211227 56
14.972774 55.210743 58
14.974414 55.209568 6
14.972777 55.210415 60
14.974702 55.210365 7
14.974651 55.209747 8
14.975037 55.210495 9
14.974468 55.209938 1V
14.801913 55.274464 1
