14.976276 55.20758 23
14.975768 55.207706 28
14.974488 55.20734 91
14.975078 55.20729 63
14.976384 55.20739 32
14.974331 55.207188 97
14.974502 55.207138 88
14.974884 55.20752 79
14.97549 55.20738 50
14.975307 55.207268 1
14.97551 55.207333 49
14.97494 55.207222 74
14.974331 55.207405 101
14.976325 55.207428 33
14.97499 55.207123 72
14.975541 55.20728 48
14.974493 55.207394 92
14.974884 55.20758 80
14.9756 55.207733 30
14.974577 55.20693 84
14.975111 55.207764 71
14.974528 55.207035 86
14.975579 55.207478 46
14.975074 55.207657 69
14.975686 55.207317 43
14.974593 55.206875 83
14.975684 55.20772 29
14.975206 55.207073 59
14.975138 55.207176 61
14.975094 55.207233 62
14.97565 55.207375 44
14.976353 55.20754 22
14.975873 55.20769 27
14.975976 55.20768 26
14.975422 55.207794 57
14.974883 55.20736 76
14.974879 55.207474 78
14.975732 55.20758 39
14.974346 55.20713 96
14.975814 55.207577 38
14.974962 55.20717 73
14.975417 55.207626 54
14.975422 55.20758 53
14.976092 55.20754 36
14.976449 55.207348 31
14.974326 55.207294 99
14.975394 55.20769 55
14.975441 55.207466 51
14.974345 55.20746 102
14.975432 55.207523 52
14.975576 55.207237 47
14.975411 55.207745 56
14.974326 55.20735 100
14.976161 55.207504 35
14.975909 55.207577 37
14.974928 55.207264 75
14.97433 55.20724 98
14.974885 55.20741 77
14.975059 55.20734 64
14.97577 55.207226 41
14.974914 55.207684 82
14.975721 55.207275 42
14.97517 55.207127 60
14.976491 55.207466 20
14.975241 55.207027 58
14.975053 55.20754 67
14.974517 55.20708 87
14.974512 55.207462 93
14.975094 55.20771 70
14.975807 55.207172 40
14.974595 55.207558 95
14.974482 55.207283 90
14.975059 55.207478 66
14.976201 55.207615 24
14.976556 55.207424 19
14.974547 55.206985 85
14.974901 55.207634 81
14.976615 55.207382 18
14.97561 55.207428 45
14.976072 55.207645 25
14.975065 55.207596 68
14.975048 55.207424 65
14.976428 55.207504 21
14.974553 55.207516 94
14.974489 55.20719 89
14.976276 55.20758 23
14.975768 55.207706 28
14.974488 55.20734 91
14.975078 55.20729 63
14.976384 55.20739 32
14.974331 55.207188 97
14.974502 55.207138 88
14.974884 55.20752 79
14.97549 55.20738 50
14.975307 55.207268 1
14.97551 55.207333 49
14.97494 55.207222 74
14.974331 55.207405 101
14.976325 55.207428 33
14.97499 55.207123 72
14.975541 55.20728 48
14.974493 55.207394 92
14.974884 55.20758 80
14.9756 55.207733 30
14.974577 55.20693 84
14.975111 55.207764 71
14.974528 55.207035 86
14.975579 55.207478 46
14.975074 55.207657 69
14.975686 55.207317 43
14.974593 55.206875 83
14.975684 55.20772 29
14.975206 55.207073 59
14.975138 55.207176 61
14.975094 55.207233 62
14.97565 55.207375 44
14.976353 55.20754 22
14.975873 55.20769 27
14.975976 55.20768 26
14.975422 55.207794 57
14.974883 55.20736 76
14.974879 55.207474 78
14.975732 55.20758 39
14.974346 55.20713 96
14.975814 55.207577 38
14.974962 55.20717 73
14.975417 55.207626 54
14.975422 55.20758 53
14.976092 55.20754 36
14.976449 55.207348 31
14.974326 55.207294 99
14.975394 55.20769 55
14.975441 55.207466 51
14.974345 55.20746 102
14.975432 55.207523 52
14.975576 55.207237 47
14.975411 55.207745 56
14.974326 55.20735 100
14.976161 55.207504 35
14.975909 55.207577 37
14.974928 55.207264 75
14.97433 55.20724 98
14.974885 55.20741 77
14.975059 55.20734 64
14.97577 55.207226 41
14.974914 55.207684 82
14.975721 55.207275 42
14.97517 55.207127 60
14.976491 55.207466 20
14.975241 55.207027 58
14.975053 55.20754 67
14.974517 55.20708 87
14.974512 55.207462 93
14.975094 55.20771 70
14.975807 55.207172 40
14.974595 55.207558 95
14.974482 55.207283 90
14.975059 55.207478 66
14.976201 55.207615 24
14.976556 55.207424 19
14.974547 55.206985 85
14.974901 55.207634 81
14.976615 55.207382 18
14.97561 55.207428 45
14.976072 55.207645 25
14.975065 55.207596 68
14.975048 55.207424 65
14.976428 55.207504 21
14.974553 55.207516 94
14.974489 55.20719 89
14.976276 55.20758 23
14.975768 55.207706 28
14.974488 55.20734 91
14.975078 55.20729 63
14.976384 55.20739 32
14.974331 55.207188 97
14.974502 55.207138 88
14.974884 55.20752 79
14.97549 55.20738 50
14.975307 55.207268 1
14.97551 55.207333 49
14.97494 55.207222 74
14.974331 55.207405 101
14.976325 55.207428 33
14.97499 55.207123 72
14.975541 55.20728 48
14.974493 55.207394 92
14.974884 55.20758 80
14.9756 55.207733 30
14.974577 55.20693 84
14.975111 55.207764 71
14.974528 55.207035 86
14.975579 55.207478 46
14.975074 55.207657 69
14.975686 55.207317 43
14.974593 55.206875 83
14.975684 55.20772 29
14.975206 55.207073 59
14.975138 55.207176 61
14.975094 55.207233 62
14.97565 55.207375 44
14.976353 55.20754 22
14.975873 55.20769 27
14.975976 55.20768 26
14.975422 55.207794 57
14.974883 55.20736 76
14.974879 55.207474 78
14.975732 55.20758 39
14.974346 55.20713 96
14.975814 55.207577 38
14.974962 55.20717 73
14.975417 55.207626 54
14.975422 55.20758 53
14.976092 55.20754 36
14.976449 55.207348 31
14.974326 55.207294 99
14.975394 55.20769 55
14.975441 55.207466 51
14.974345 55.20746 102
14.975432 55.207523 52
14.975576 55.207237 47
14.975411 55.207745 56
14.974326 55.20735 100
14.976161 55.207504 35
14.975909 55.207577 37
14.974928 55.207264 75
14.97433 55.20724 98
14.974885 55.20741 77
14.975059 55.20734 64
14.97577 55.207226 41
14.974914 55.207684 82
14.975721 55.207275 42
14.97517 55.207127 60
14.976491 55.207466 20
14.975241 55.207027 58
14.975053 55.20754 67
14.974517 55.20708 87
14.974512 55.207462 93
14.975094 55.20771 70
14.975807 55.207172 40
14.974595 55.207558 95
14.974482 55.207283 90
14.975059 55.207478 66
14.976201 55.207615 24
14.976556 55.207424 19
14.974547 55.206985 85
14.974901 55.207634 81
14.976615 55.207382 18
14.97561 55.207428 45
14.976072 55.207645 25
14.975065 55.207596 68
14.975048 55.207424 65
14.976428 55.207504 21
14.974553 55.207516 94
14.974489 55.20719 89
14.976276 55.20758 23
14.975768 55.207706 28
14.974488 55.20734 91
14.975078 55.20729 63
14.976384 55.20739 32
14.974331 55.207188 97
14.974502 55.207138 88
14.974884 55.20752 79
14.97549 55.20738 50
14.975307 55.207268 1
14.97551 55.207333 49
14.97494 55.207222 74
14.974331 55.207405 101
14.976325 55.207428 33
14.97499 55.207123 72
14.975541 55.20728 48
14.974493 55.207394 92
14.974884 55.20758 80
14.9756 55.207733 30
14.974577 55.20693 84
14.975111 55.207764 71
14.974528 55.207035 86
14.975579 55.207478 46
14.975074 55.207657 69
14.975686 55.207317 43
14.974593 55.206875 83
14.975684 55.20772 29
14.975206 55.207073 59
14.975138 55.207176 61
14.975094 55.207233 62
14.97565 55.207375 44
14.976353 55.20754 22
14.975873 55.20769 27
14.975976 55.20768 26
14.975422 55.207794 57
14.974883 55.20736 76
14.974879 55.207474 78
14.975732 55.20758 39
14.974346 55.20713 96
14.975814 55.207577 38
14.974962 55.20717 73
14.975417 55.207626 54
14.975422 55.20758 53
14.976092 55.20754 36
14.976449 55.207348 31
14.974326 55.207294 99
14.975394 55.20769 55
14.975441 55.207466 51
14.974345 55.20746 102
14.975432 55.207523 52
14.975576 55.207237 47
14.975411 55.207745 56
14.974326 55.20735 100
14.976161 55.207504 35
14.975909 55.207577 37
14.974928 55.207264 75
14.97433 55.20724 98
14.974885 55.20741 77
14.975059 55.20734 64
14.97577 55.207226 41
14.974914 55.207684 82
14.975721 55.207275 42
14.97517 55.207127 60
14.976491 55.207466 20
14.975241 55.207027 58
14.975053 55.20754 67
14.974517 55.20708 87
14.974512 55.207462 93
14.975094 55.20771 70
14.975807 55.207172 40
14.974595 55.207558 95
14.974482 55.207283 90
14.975059 55.207478 66
14.976201 55.207615 24
14.976556 55.207424 19
14.974547 55.206985 85
14.974901 55.207634 81
14.976615 55.207382 18
14.97561 55.207428 45
14.976072 55.207645 25
14.975065 55.207596 68
14.975048 55.207424 65
14.976428 55.207504 21
14.974553 55.207516 94
14.974489 55.20719 89
14.976276 55.20758 23
14.975768 55.207706 28
14.974488 55.20734 91
14.975078 55.20729 63
14.976384 55.20739 32
14.974331 55.207188 97
14.974502 55.207138 88
14.974884 55.20752 79
14.97549 55.20738 50
14.975307 55.207268 1
14.97551 55.207333 49
14.97494 55.207222 74
14.974331 55.207405 101
14.976325 55.207428 33
14.97499 55.207123 72
14.975541 55.20728 48
14.974493 55.207394 92
14.974884 55.20758 80
14.9756 55.207733 30
14.974577 55.20693 84
14.975111 55.207764 71
14.974528 55.207035 86
14.975579 55.207478 46
14.975074 55.207657 69
14.975686 55.207317 43
14.974593 55.206875 83
14.975684 55.20772 29
14.975206 55.207073 59
14.975138 55.207176 61
14.975094 55.207233 62
14.97565 55.207375 44
14.976353 55.20754 22
14.975873 55.20769 27
14.975976 55.20768 26
14.975422 55.207794 57
14.974883 55.20736 76
14.974879 55.207474 78
14.975732 55.20758 39
14.974346 55.20713 96
14.975814 55.207577 38
14.974962 55.20717 73
14.975417 55.207626 54
14.975422 55.20758 53
14.976092 55.20754 36
14.976449 55.207348 31
14.974326 55.207294 99
14.975394 55.20769 55
14.975441 55.207466 51
14.974345 55.20746 102
14.975432 55.207523 52
14.975576 55.207237 47
14.975411 55.207745 56
14.974326 55.20735 100
14.976161 55.207504 35
14.975909 55.207577 37
14.974928 55.207264 75
14.97433 55.20724 98
14.974885 55.20741 77
14.975059 55.20734 64
14.97577 55.207226 41
14.974914 55.207684 82
14.975721 55.207275 42
14.97517 55.207127 60
14.976491 55.207466 20
14.975241 55.207027 58
14.975053 55.20754 67
14.974517 55.20708 87
14.974512 55.207462 93
14.975094 55.20771 70
14.975807 55.207172 40
14.974595 55.207558 95
14.974482 55.207283 90
14.975059 55.207478 66
14.976201 55.207615 24
14.976556 55.207424 19
14.974547 55.206985 85
14.974901 55.207634 81
14.976615 55.207382 18
14.97561 55.207428 45
14.976072 55.207645 25
14.975065 55.207596 68
14.975048 55.207424 65
14.976428 55.207504 21
14.974553 55.207516 94
14.974489 55.20719 89
14.976276 55.20758 23
14.975768 55.207706 28
14.974488 55.20734 91
14.975078 55.20729 63
14.976384 55.20739 32
14.974331 55.207188 97
14.974502 55.207138 88
14.974884 55.20752 79
14.97549 55.20738 50
14.975307 55.207268 1
14.97551 55.207333 49
14.97494 55.207222 74
14.974331 55.207405 101
14.976325 55.207428 33
14.97499 55.207123 72
14.975541 55.20728 48
14.974493 55.207394 92
14.974884 55.20758 80
14.9756 55.207733 30
14.974577 55.20693 84
14.975111 55.207764 71
14.974528 55.207035 86
14.975579 55.207478 46
14.975074 55.207657 69
14.975686 55.207317 43
14.974593 55.206875 83
14.975684 55.20772 29
14.975206 55.207073 59
14.975138 55.207176 61
14.975094 55.207233 62
14.97565 55.207375 44
14.976353 55.20754 22
14.975873 55.20769 27
14.975976 55.20768 26
14.975422 55.207794 57
14.974883 55.20736 76
14.974879 55.207474 78
14.975732 55.20758 39
14.974346 55.20713 96
14.975814 55.207577 38
14.974962 55.20717 73
14.975417 55.207626 54
14.975422 55.20758 53
14.976092 55.20754 36
14.976449 55.207348 31
14.974326 55.207294 99
14.975394 55.20769 55
14.975441 55.207466 51
14.974345 55.20746 102
14.975432 55.207523 52
14.975576 55.207237 47
14.975411 55.207745 56
14.974326 55.20735 100
14.976161 55.207504 35
14.975909 55.207577 37
14.974928 55.207264 75
14.97433 55.20724 98
14.974885 55.20741 77
14.975059 55.20734 64
14.97577 55.207226 41
14.974914 55.207684 82
14.975721 55.207275 42
14.97517 55.207127 60
14.976491 55.207466 20
14.975241 55.207027 58
14.975053 55.20754 67
14.974517 55.20708 87
14.974512 55.207462 93
14.975094 55.20771 70
14.975807 55.207172 40
14.974595 55.207558 95
14.974482 55.207283 90
14.975059 55.207478 66
14.976201 55.207615 24
14.976556 55.207424 19
14.974547 55.206985 85
14.974901 55.207634 81
14.976615 55.207382 18
14.97561 55.207428 45
14.976072 55.207645 25
14.975065 55.207596 68
14.975048 55.207424 65
14.976428 55.207504 21
14.974553 55.207516 94
14.974489 55.20719 89
