14.970349 55.21057 20
14.96963 55.211685 1
14.96962 55.210907 10
14.970193 55.21081 11
14.969337 55.210426 12
14.969643 55.21056 12B
14.970287 55.210907 13
14.969972 55.210556 14
14.969535 55.211308 4
14.970375 55.211094 15
14.97019 55.210194 16
14.970529 55.210953 17
14.970465 55.21089 17A
14.97053 55.21087 17B
14.97047 55.210377 18
14.97033 55.21066 19
14.969842 55.21204 2
14.970503 55.210583 22
14.969282 55.212242 2A
14.969361 55.211468 2C
14.969584 55.211533 3
14.969867 55.21153 5
14.969551 55.2112 6
14.969878 55.210716 7
14.969546 55.211075 8
14.970061 55.21071 9
14.719808 55.147434 1
