14.967674 55.21386 4
14.967387 55.213963 2
14.967686 55.213985 3
14.967926 55.213825 6
14.802492 55.277355 1
14.967674 55.21386 4
14.967387 55.213963 2
14.967686 55.213985 3
14.967926 55.213825 6
14.802492 55.277355 1
14.967674 55.21386 4
14.967387 55.213963 2
14.967686 55.213985 3
14.967926 55.213825 6
14.802492 55.277355 1
14.967674 55.21386 4
14.967387 55.213963 2
14.967686 55.213985 3
14.967926 55.213825 6
14.802492 55.277355 1
14.967674 55.21386 4
14.967387 55.213963 2
14.967686 55.213985 3
14.967926 55.213825 6
14.802492 55.277355 1
14.967674 55.21386 4
14.967387 55.213963 2
14.967686 55.213985 3
14.967926 55.213825 6
14.802492 55.277355 1
