14.950731 55.159496 2
14.959665 55.156277 3
14.95359 55.15766 6
15.011144 55.10728 1
14.950731 55.159496 2
14.959665 55.156277 3
14.95359 55.15766 6
15.011144 55.10728 1
14.950731 55.159496 2
14.959665 55.156277 3
14.95359 55.15766 6
15.011144 55.10728 1
14.950731 55.159496 2
14.959665 55.156277 3
14.95359 55.15766 6
15.011144 55.10728 1
14.950731 55.159496 2
14.959665 55.156277 3
14.95359 55.15766 6
15.011144 55.10728 1
14.950731 55.159496 2
14.959665 55.156277 3
14.95359 55.15766 6
15.011144 55.10728 1
