14.97123 55.209557 1
14.97183 55.21025 10
14.972264 55.210472 12
14.971653 55.209778 2
14.972235 55.210575 14
14.971361 55.20982 4
14.972543 55.21063 16
14.971192 55.20972 5
14.971344 55.20995 6
14.971452 55.21037 7
14.971507 55.210083 8
14.971789 55.2108 9
14.97123 55.209557 1
14.97183 55.21025 10
14.972264 55.210472 12
14.971653 55.209778 2
14.972235 55.210575 14
14.971361 55.20982 4
14.972543 55.21063 16
14.971192 55.20972 5
14.971344 55.20995 6
14.971452 55.21037 7
14.971507 55.210083 8
14.971789 55.2108 9
14.97123 55.209557 1
14.97183 55.21025 10
14.972264 55.210472 12
14.971653 55.209778 2
14.972235 55.210575 14
14.971361 55.20982 4
14.972543 55.21063 16
14.971192 55.20972 5
14.971344 55.20995 6
14.971452 55.21037 7
14.971507 55.210083 8
14.971789 55.2108 9
14.97123 55.209557 1
14.97183 55.21025 10
14.972264 55.210472 12
14.971653 55.209778 2
14.972235 55.210575 14
14.971361 55.20982 4
14.972543 55.21063 16
14.971192 55.20972 5
14.971344 55.20995 6
14.971452 55.21037 7
14.971507 55.210083 8
14.971789 55.2108 9
14.97123 55.209557 1
14.97183 55.21025 10
14.972264 55.210472 12
14.971653 55.209778 2
14.972235 55.210575 14
14.971361 55.20982 4
14.972543 55.21063 16
14.971192 55.20972 5
14.971344 55.20995 6
14.971452 55.21037 7
14.971507 55.210083 8
14.971789 55.2108 9
14.97123 55.209557 1
14.97183 55.21025 10
14.972264 55.210472 12
14.971653 55.209778 2
14.972235 55.210575 14
14.971361 55.20982 4
14.972543 55.21063 16
14.971192 55.20972 5
14.971344 55.20995 6
14.971452 55.21037 7
14.971507 55.210083 8
14.971789 55.2108 9
