14.896745 55.21509 10
14.902027 55.21883 11
14.908746 55.217205 12
14.893777 55.21442 2
14.905572 55.217854 13
14.894368 55.21424 4
14.910045 55.21911 15
14.912083 55.216312 16
14.910213 55.21845 17
14.914499 55.216415 19
14.916458 55.21577 23
14.918438 55.215908 25
14.915293 55.216255 21
14.894228 55.214626 3
14.894521 55.21455 5
14.894842 55.214058 6
14.911554 55.217056 14
14.895053 55.214355 9
15.131131 55.06443 1
14.896745 55.21509 10
14.902027 55.21883 11
14.908746 55.217205 12
14.893777 55.21442 2
14.905572 55.217854 13
14.894368 55.21424 4
14.910045 55.21911 15
14.912083 55.216312 16
14.910213 55.21845 17
14.914499 55.216415 19
14.916458 55.21577 23
14.918438 55.215908 25
14.915293 55.216255 21
14.894228 55.214626 3
14.894521 55.21455 5
14.894842 55.214058 6
14.911554 55.217056 14
14.895053 55.214355 9
15.131131 55.06443 1
14.896745 55.21509 10
14.902027 55.21883 11
14.908746 55.217205 12
14.893777 55.21442 2
14.905572 55.217854 13
14.894368 55.21424 4
14.910045 55.21911 15
14.912083 55.216312 16
14.910213 55.21845 17
14.914499 55.216415 19
14.916458 55.21577 23
14.918438 55.215908 25
14.915293 55.216255 21
14.894228 55.214626 3
14.894521 55.21455 5
14.894842 55.214058 6
14.911554 55.217056 14
14.895053 55.214355 9
15.131131 55.06443 1
14.896745 55.21509 10
14.902027 55.21883 11
14.908746 55.217205 12
14.893777 55.21442 2
14.905572 55.217854 13
14.894368 55.21424 4
14.910045 55.21911 15
14.912083 55.216312 16
14.910213 55.21845 17
14.914499 55.216415 19
14.916458 55.21577 23
14.918438 55.215908 25
14.915293 55.216255 21
14.894228 55.214626 3
14.894521 55.21455 5
14.894842 55.214058 6
14.911554 55.217056 14
14.895053 55.214355 9
15.131131 55.06443 1
14.896745 55.21509 10
14.902027 55.21883 11
14.908746 55.217205 12
14.893777 55.21442 2
14.905572 55.217854 13
14.894368 55.21424 4
14.910045 55.21911 15
14.912083 55.216312 16
14.910213 55.21845 17
14.914499 55.216415 19
14.916458 55.21577 23
14.918438 55.215908 25
14.915293 55.216255 21
14.894228 55.214626 3
14.894521 55.21455 5
14.894842 55.214058 6
14.911554 55.217056 14
14.895053 55.214355 9
15.131131 55.06443 1
14.896745 55.21509 10
14.902027 55.21883 11
14.908746 55.217205 12
14.893777 55.21442 2
14.905572 55.217854 13
14.894368 55.21424 4
14.910045 55.21911 15
14.912083 55.216312 16
14.910213 55.21845 17
14.914499 55.216415 19
14.916458 55.21577 23
14.918438 55.215908 25
14.915293 55.216255 21
14.894228 55.214626 3
14.894521 55.21455 5
14.894842 55.214058 6
14.911554 55.217056 14
14.895053 55.214355 9
15.131131 55.06443 1
