14.847729 55.228622 1
14.845892 55.229362 2
14.846627 55.22916 3
14.844399 55.22664 5
14.840039 55.226337 6
14.847729 55.228622 1
14.845892 55.229362 2
14.846627 55.22916 3
14.844399 55.22664 5
14.840039 55.226337 6
14.847729 55.228622 1
14.845892 55.229362 2
14.846627 55.22916 3
14.844399 55.22664 5
14.840039 55.226337 6
14.847729 55.228622 1
14.845892 55.229362 2
14.846627 55.22916 3
14.844399 55.22664 5
14.840039 55.226337 6
14.847729 55.228622 1
14.845892 55.229362 2
14.846627 55.22916 3
14.844399 55.22664 5
14.840039 55.226337 6
14.847729 55.228622 1
14.845892 55.229362 2
14.846627 55.22916 3
14.844399 55.22664 5
14.840039 55.226337 6
