14.968604 55.21343 10
14.968631 55.21314 11
14.968401 55.213318 12
14.969295 55.21305 2
14.968478 55.21317 13
14.968233 55.213356 14
14.969208 55.213192 4
14.968413 55.21318 15
14.968062 55.21341 16
14.968284 55.213223 17
14.967879 55.21346 18
14.968086 55.21328 19
14.967703 55.2134 23
14.967522 55.21369 24
14.967602 55.21343 25
14.967714 55.21351 20
14.967864 55.21335 21
14.967677 55.213657 22
14.967306 55.21362 26
14.96738 55.21349 27
14.967194 55.21373 28
14.967254 55.213524 29
14.968852 55.21256 3
14.966997 55.2138 30
14.966998 55.213535 31
14.96692 55.21392 32
14.966873 55.213634 33
14.966628 55.213844 34
14.966594 55.21372 35
14.96863 55.212715 5
14.967944 55.21262 5A
14.969036 55.21331 6
14.969034 55.21301 7
14.96873 55.21323 8
14.968811 55.21308 9
