14.970218 55.209637 10
14.969539 55.2083 11
14.970638 55.210075 2
14.969358 55.207916 13
14.969851 55.209145 14
14.970449 55.210125 4
14.969663 55.208878 16
14.969492 55.2077 17
14.969256 55.20863 18
14.969327 55.207535 19
14.968724 55.207367 23
14.969278 55.208424 20
14.969137 55.207344 21
14.96893 55.208138 22
14.968127 55.207535 26
14.968278 55.20727 28
14.970455 55.20966 3
14.96996 55.208916 5
14.970199 55.208717 5B
14.970402 55.209988 6
14.969813 55.208595 7
14.968813 55.207825 24
14.970352 55.20979 8
14.969747 55.20851 9
14.712933 55.10236 1
14.970218 55.209637 10
14.969539 55.2083 11
14.970638 55.210075 2
14.969358 55.207916 13
14.969851 55.209145 14
14.970449 55.210125 4
14.969663 55.208878 16
14.969492 55.2077 17
14.969256 55.20863 18
14.969327 55.207535 19
14.968724 55.207367 23
14.969278 55.208424 20
14.969137 55.207344 21
14.96893 55.208138 22
14.968127 55.207535 26
14.968278 55.20727 28
14.970455 55.20966 3
14.96996 55.208916 5
14.970199 55.208717 5B
14.970402 55.209988 6
14.969813 55.208595 7
14.968813 55.207825 24
14.970352 55.20979 8
14.969747 55.20851 9
14.712933 55.10236 1
14.970218 55.209637 10
14.969539 55.2083 11
14.970638 55.210075 2
14.969358 55.207916 13
14.969851 55.209145 14
14.970449 55.210125 4
14.969663 55.208878 16
14.969492 55.2077 17
14.969256 55.20863 18
14.969327 55.207535 19
14.968724 55.207367 23
14.969278 55.208424 20
14.969137 55.207344 21
14.96893 55.208138 22
14.968127 55.207535 26
14.968278 55.20727 28
14.970455 55.20966 3
14.96996 55.208916 5
14.970199 55.208717 5B
14.970402 55.209988 6
14.969813 55.208595 7
14.968813 55.207825 24
14.970352 55.20979 8
14.969747 55.20851 9
14.712933 55.10236 1
14.970218 55.209637 10
14.969539 55.2083 11
14.970638 55.210075 2
14.969358 55.207916 13
14.969851 55.209145 14
14.970449 55.210125 4
14.969663 55.208878 16
14.969492 55.2077 17
14.969256 55.20863 18
14.969327 55.207535 19
14.968724 55.207367 23
14.969278 55.208424 20
14.969137 55.207344 21
14.96893 55.208138 22
14.968127 55.207535 26
14.968278 55.20727 28
14.970455 55.20966 3
14.96996 55.208916 5
14.970199 55.208717 5B
14.970402 55.209988 6
14.969813 55.208595 7
14.968813 55.207825 24
14.970352 55.20979 8
14.969747 55.20851 9
14.712933 55.10236 1
14.970218 55.209637 10
14.969539 55.2083 11
14.970638 55.210075 2
14.969358 55.207916 13
14.969851 55.209145 14
14.970449 55.210125 4
14.969663 55.208878 16
14.969492 55.2077 17
14.969256 55.20863 18
14.969327 55.207535 19
14.968724 55.207367 23
14.969278 55.208424 20
14.969137 55.207344 21
14.96893 55.208138 22
14.968127 55.207535 26
14.968278 55.20727 28
14.970455 55.20966 3
14.96996 55.208916 5
14.970199 55.208717 5B
14.970402 55.209988 6
14.969813 55.208595 7
14.968813 55.207825 24
14.970352 55.20979 8
14.969747 55.20851 9
14.712933 55.10236 1
14.970218 55.209637 10
14.969539 55.2083 11
14.970638 55.210075 2
14.969358 55.207916 13
14.969851 55.209145 14
14.970449 55.210125 4
14.969663 55.208878 16
14.969492 55.2077 17
14.969256 55.20863 18
14.969327 55.207535 19
14.968724 55.207367 23
14.969278 55.208424 20
14.969137 55.207344 21
14.96893 55.208138 22
14.968127 55.207535 26
14.968278 55.20727 28
14.970455 55.20966 3
14.96996 55.208916 5
14.970199 55.208717 5B
14.970402 55.209988 6
14.969813 55.208595 7
14.968813 55.207825 24
14.970352 55.20979 8
14.969747 55.20851 9
14.712933 55.10236 1
