14.979388 55.203125 1
14.980263 55.20393 10
14.979899 55.20372 11
14.9805 55.20382 12
14.979729 55.203053 2
14.979559 55.203865 13
14.980671 55.203922 14
14.98006 55.203304 4
14.979292 55.20406 15
14.980883 55.204113 16
14.979792 55.20409 17
14.980386 55.20425 18
14.979917 55.20431 19
14.980397 55.205074 24
14.980047 55.20446 25
14.980662 55.204548 20
14.978752 55.204086 21
14.980439 55.204815 22
14.980269 55.20527 26
14.979986 55.20461 27
14.979303 55.206303 28
14.979583 55.20553 29
14.979176 55.20337 3
14.979008 55.20607 30
14.97931 55.205677 31
14.978669 55.206272 32
14.979143 55.205795 33
14.978325 55.206608 34
14.978742 55.205975 35
14.979414 55.207176 36A
14.978604 55.207474 36B
14.978445 55.20591 37
14.975895 55.207966 38
14.977969 55.206543 39
14.97757 55.206547 39A
14.977735 55.206287 39B
14.977231 55.206207 39C
14.977059 55.206417 39D
14.976822 55.20714 47
14.974889 55.20796 47A
14.97625 55.208927 48
14.974472 55.208763 49
14.975456 55.208263 40
14.977244 55.206745 41
14.977604 55.20688 43
14.977162 55.20698 45
14.975744 55.20876 46
14.979146 55.20354 5
14.976123 55.20937 50
14.974111 55.20888 51
14.973926 55.209064 51A
14.975119 55.208977 52
14.973743 55.20931 53
14.973582 55.209003 55
14.974312 55.209183 56
14.980312 55.20341 6
14.97964 55.203255 7
14.980357 55.20356 8
14.979772 55.203594 9
14.979388 55.203125 1
14.980263 55.20393 10
14.979899 55.20372 11
14.9805 55.20382 12
14.979729 55.203053 2
14.979559 55.203865 13
14.980671 55.203922 14
14.98006 55.203304 4
14.979292 55.20406 15
14.980883 55.204113 16
14.979792 55.20409 17
14.980386 55.20425 18
14.979917 55.20431 19
14.980397 55.205074 24
14.980047 55.20446 25
14.980662 55.204548 20
14.978752 55.204086 21
14.980439 55.204815 22
14.980269 55.20527 26
14.979986 55.20461 27
14.979303 55.206303 28
14.979583 55.20553 29
14.979176 55.20337 3
14.979008 55.20607 30
14.97931 55.205677 31
14.978669 55.206272 32
14.979143 55.205795 33
14.978325 55.206608 34
14.978742 55.205975 35
14.979414 55.207176 36A
14.978604 55.207474 36B
14.978445 55.20591 37
14.975895 55.207966 38
14.977969 55.206543 39
14.97757 55.206547 39A
14.977735 55.206287 39B
14.977231 55.206207 39C
14.977059 55.206417 39D
14.976822 55.20714 47
14.974889 55.20796 47A
14.97625 55.208927 48
14.974472 55.208763 49
14.975456 55.208263 40
14.977244 55.206745 41
14.977604 55.20688 43
14.977162 55.20698 45
14.975744 55.20876 46
14.979146 55.20354 5
14.976123 55.20937 50
14.974111 55.20888 51
14.973926 55.209064 51A
14.975119 55.208977 52
14.973743 55.20931 53
14.973582 55.209003 55
14.974312 55.209183 56
14.980312 55.20341 6
14.97964 55.203255 7
14.980357 55.20356 8
14.979772 55.203594 9
14.979388 55.203125 1
14.980263 55.20393 10
14.979899 55.20372 11
14.9805 55.20382 12
14.979729 55.203053 2
14.979559 55.203865 13
14.980671 55.203922 14
14.98006 55.203304 4
14.979292 55.20406 15
14.980883 55.204113 16
14.979792 55.20409 17
14.980386 55.20425 18
14.979917 55.20431 19
14.980397 55.205074 24
14.980047 55.20446 25
14.980662 55.204548 20
14.978752 55.204086 21
14.980439 55.204815 22
14.980269 55.20527 26
14.979986 55.20461 27
14.979303 55.206303 28
14.979583 55.20553 29
14.979176 55.20337 3
14.979008 55.20607 30
14.97931 55.205677 31
14.978669 55.206272 32
14.979143 55.205795 33
14.978325 55.206608 34
14.978742 55.205975 35
14.979414 55.207176 36A
14.978604 55.207474 36B
14.978445 55.20591 37
14.975895 55.207966 38
14.977969 55.206543 39
14.97757 55.206547 39A
14.977735 55.206287 39B
14.977231 55.206207 39C
14.977059 55.206417 39D
14.976822 55.20714 47
14.974889 55.20796 47A
14.97625 55.208927 48
14.974472 55.208763 49
14.975456 55.208263 40
14.977244 55.206745 41
14.977604 55.20688 43
14.977162 55.20698 45
14.975744 55.20876 46
14.979146 55.20354 5
14.976123 55.20937 50
14.974111 55.20888 51
14.973926 55.209064 51A
14.975119 55.208977 52
14.973743 55.20931 53
14.973582 55.209003 55
14.974312 55.209183 56
14.980312 55.20341 6
14.97964 55.203255 7
14.980357 55.20356 8
14.979772 55.203594 9
14.979388 55.203125 1
14.980263 55.20393 10
14.979899 55.20372 11
14.9805 55.20382 12
14.979729 55.203053 2
14.979559 55.203865 13
14.980671 55.203922 14
14.98006 55.203304 4
14.979292 55.20406 15
14.980883 55.204113 16
14.979792 55.20409 17
14.980386 55.20425 18
14.979917 55.20431 19
14.980397 55.205074 24
14.980047 55.20446 25
14.980662 55.204548 20
14.978752 55.204086 21
14.980439 55.204815 22
14.980269 55.20527 26
14.979986 55.20461 27
14.979303 55.206303 28
14.979583 55.20553 29
14.979176 55.20337 3
14.979008 55.20607 30
14.97931 55.205677 31
14.978669 55.206272 32
14.979143 55.205795 33
14.978325 55.206608 34
14.978742 55.205975 35
14.979414 55.207176 36A
14.978604 55.207474 36B
14.978445 55.20591 37
14.975895 55.207966 38
14.977969 55.206543 39
14.97757 55.206547 39A
14.977735 55.206287 39B
14.977231 55.206207 39C
14.977059 55.206417 39D
14.976822 55.20714 47
14.974889 55.20796 47A
14.97625 55.208927 48
14.974472 55.208763 49
14.975456 55.208263 40
14.977244 55.206745 41
14.977604 55.20688 43
14.977162 55.20698 45
14.975744 55.20876 46
14.979146 55.20354 5
14.976123 55.20937 50
14.974111 55.20888 51
14.973926 55.209064 51A
14.975119 55.208977 52
14.973743 55.20931 53
14.973582 55.209003 55
14.974312 55.209183 56
14.980312 55.20341 6
14.97964 55.203255 7
14.980357 55.20356 8
14.979772 55.203594 9
14.979388 55.203125 1
14.980263 55.20393 10
14.979899 55.20372 11
14.9805 55.20382 12
14.979729 55.203053 2
14.979559 55.203865 13
14.980671 55.203922 14
14.98006 55.203304 4
14.979292 55.20406 15
14.980883 55.204113 16
14.979792 55.20409 17
14.980386 55.20425 18
14.979917 55.20431 19
14.980397 55.205074 24
14.980047 55.20446 25
14.980662 55.204548 20
14.978752 55.204086 21
14.980439 55.204815 22
14.980269 55.20527 26
14.979986 55.20461 27
14.979303 55.206303 28
14.979583 55.20553 29
14.979176 55.20337 3
14.979008 55.20607 30
14.97931 55.205677 31
14.978669 55.206272 32
14.979143 55.205795 33
14.978325 55.206608 34
14.978742 55.205975 35
14.979414 55.207176 36A
14.978604 55.207474 36B
14.978445 55.20591 37
14.975895 55.207966 38
14.977969 55.206543 39
14.97757 55.206547 39A
14.977735 55.206287 39B
14.977231 55.206207 39C
14.977059 55.206417 39D
14.976822 55.20714 47
14.974889 55.20796 47A
14.97625 55.208927 48
14.974472 55.208763 49
14.975456 55.208263 40
14.977244 55.206745 41
14.977604 55.20688 43
14.977162 55.20698 45
14.975744 55.20876 46
14.979146 55.20354 5
14.976123 55.20937 50
14.974111 55.20888 51
14.973926 55.209064 51A
14.975119 55.208977 52
14.973743 55.20931 53
14.973582 55.209003 55
14.974312 55.209183 56
14.980312 55.20341 6
14.97964 55.203255 7
14.980357 55.20356 8
14.979772 55.203594 9
14.979388 55.203125 1
14.980263 55.20393 10
14.979899 55.20372 11
14.9805 55.20382 12
14.979729 55.203053 2
14.979559 55.203865 13
14.980671 55.203922 14
14.98006 55.203304 4
14.979292 55.20406 15
14.980883 55.204113 16
14.979792 55.20409 17
14.980386 55.20425 18
14.979917 55.20431 19
14.980397 55.205074 24
14.980047 55.20446 25
14.980662 55.204548 20
14.978752 55.204086 21
14.980439 55.204815 22
14.980269 55.20527 26
14.979986 55.20461 27
14.979303 55.206303 28
14.979583 55.20553 29
14.979176 55.20337 3
14.979008 55.20607 30
14.97931 55.205677 31
14.978669 55.206272 32
14.979143 55.205795 33
14.978325 55.206608 34
14.978742 55.205975 35
14.979414 55.207176 36A
14.978604 55.207474 36B
14.978445 55.20591 37
14.975895 55.207966 38
14.977969 55.206543 39
14.97757 55.206547 39A
14.977735 55.206287 39B
14.977231 55.206207 39C
14.977059 55.206417 39D
14.976822 55.20714 47
14.974889 55.20796 47A
14.97625 55.208927 48
14.974472 55.208763 49
14.975456 55.208263 40
14.977244 55.206745 41
14.977604 55.20688 43
14.977162 55.20698 45
14.975744 55.20876 46
14.979146 55.20354 5
14.976123 55.20937 50
14.974111 55.20888 51
14.973926 55.209064 51A
14.975119 55.208977 52
14.973743 55.20931 53
14.973582 55.209003 55
14.974312 55.209183 56
14.980312 55.20341 6
14.97964 55.203255 7
14.980357 55.20356 8
14.979772 55.203594 9
