14.972165 55.208282 1
14.971982 55.207195 10
14.972577 55.20769 11A
14.973282 55.207966 11B
14.971866 55.207096 12
14.97213 55.207916 2
14.972716 55.2075 13
14.971842 55.206966 14
14.972292 55.20767 4
14.973272 55.207413 15
14.972062 55.20505 16
14.974885 55.204777 16A
14.973104 55.207054 17
14.977798 55.20107 18
14.973187 55.20693 19
14.975055 55.206142 23
14.979548 55.20194 25A
14.976768 55.20211 25M
14.967152 55.197235 20
14.96818 55.195477 20B
14.982614 55.199238 22
14.98889 55.192966 26
14.98958 55.192547 28
14.982706 55.19977 29
15.002771 55.186554 30
14.984138 55.198807 31
15.004894 55.185543 32
14.986082 55.19685 33
15.006006 55.18478 34
15.010365 55.182186 36
14.985466 55.196465 37
15.011003 55.18145 38
14.986448 55.195827 39
14.987835 55.194504 39A
14.997904 55.18928 47
15.01285 55.17997 48
15.005073 55.186054 49
15.011663 55.18101 40
14.990719 55.192566 41
15.01201 55.180584 42
14.994375 55.19084 43
15.012277 55.18016 44
14.996833 55.18968 45
15.012487 55.18025 46
14.972324 55.208008 5
15.013209 55.179703 50
15.013808 55.17968 52
15.014907 55.179497 54
15.015645 55.17926 56
14.972363 55.207527 6
14.972416 55.207912 7
14.979205 55.20255 25
14.978879 55.195393 24
14.983352 55.20025 27
14.972193 55.207314 8
14.9725 55.207787 9
14.976254 55.204964 23C
14.972636 55.19983 16D
14.996459 55.19007 43B
15.106658 55.036804 1
14.972165 55.208282 1
14.971982 55.207195 10
14.972577 55.20769 11A
14.973282 55.207966 11B
14.971866 55.207096 12
14.97213 55.207916 2
14.972716 55.2075 13
14.971842 55.206966 14
14.972292 55.20767 4
14.973272 55.207413 15
14.972062 55.20505 16
14.974885 55.204777 16A
14.973104 55.207054 17
14.977798 55.20107 18
14.973187 55.20693 19
14.975055 55.206142 23
14.979548 55.20194 25A
14.976768 55.20211 25M
14.967152 55.197235 20
14.96818 55.195477 20B
14.982614 55.199238 22
14.98889 55.192966 26
14.98958 55.192547 28
14.982706 55.19977 29
15.002771 55.186554 30
14.984138 55.198807 31
15.004894 55.185543 32
14.986082 55.19685 33
15.006006 55.18478 34
15.010365 55.182186 36
14.985466 55.196465 37
15.011003 55.18145 38
14.986448 55.195827 39
14.987835 55.194504 39A
14.997904 55.18928 47
15.01285 55.17997 48
15.005073 55.186054 49
15.011663 55.18101 40
14.990719 55.192566 41
15.01201 55.180584 42
14.994375 55.19084 43
15.012277 55.18016 44
14.996833 55.18968 45
15.012487 55.18025 46
14.972324 55.208008 5
15.013209 55.179703 50
15.013808 55.17968 52
15.014907 55.179497 54
15.015645 55.17926 56
14.972363 55.207527 6
14.972416 55.207912 7
14.979205 55.20255 25
14.978879 55.195393 24
14.983352 55.20025 27
14.972193 55.207314 8
14.9725 55.207787 9
14.976254 55.204964 23C
14.972636 55.19983 16D
14.996459 55.19007 43B
15.106658 55.036804 1
14.972165 55.208282 1
14.971982 55.207195 10
14.972577 55.20769 11A
14.973282 55.207966 11B
14.971866 55.207096 12
14.97213 55.207916 2
14.972716 55.2075 13
14.971842 55.206966 14
14.972292 55.20767 4
14.973272 55.207413 15
14.972062 55.20505 16
14.974885 55.204777 16A
14.973104 55.207054 17
14.977798 55.20107 18
14.973187 55.20693 19
14.975055 55.206142 23
14.979548 55.20194 25A
14.976768 55.20211 25M
14.967152 55.197235 20
14.96818 55.195477 20B
14.982614 55.199238 22
14.98889 55.192966 26
14.98958 55.192547 28
14.982706 55.19977 29
15.002771 55.186554 30
14.984138 55.198807 31
15.004894 55.185543 32
14.986082 55.19685 33
15.006006 55.18478 34
15.010365 55.182186 36
14.985466 55.196465 37
15.011003 55.18145 38
14.986448 55.195827 39
14.987835 55.194504 39A
14.997904 55.18928 47
15.01285 55.17997 48
15.005073 55.186054 49
15.011663 55.18101 40
14.990719 55.192566 41
15.01201 55.180584 42
14.994375 55.19084 43
15.012277 55.18016 44
14.996833 55.18968 45
15.012487 55.18025 46
14.972324 55.208008 5
15.013209 55.179703 50
15.013808 55.17968 52
15.014907 55.179497 54
15.015645 55.17926 56
14.972363 55.207527 6
14.972416 55.207912 7
14.979205 55.20255 25
14.978879 55.195393 24
14.983352 55.20025 27
14.972193 55.207314 8
14.9725 55.207787 9
14.976254 55.204964 23C
14.972636 55.19983 16D
14.996459 55.19007 43B
15.106658 55.036804 1
14.972165 55.208282 1
14.971982 55.207195 10
14.972577 55.20769 11A
14.973282 55.207966 11B
14.971866 55.207096 12
14.97213 55.207916 2
14.972716 55.2075 13
14.971842 55.206966 14
14.972292 55.20767 4
14.973272 55.207413 15
14.972062 55.20505 16
14.974885 55.204777 16A
14.973104 55.207054 17
14.977798 55.20107 18
14.973187 55.20693 19
14.975055 55.206142 23
14.979548 55.20194 25A
14.976768 55.20211 25M
14.967152 55.197235 20
14.96818 55.195477 20B
14.982614 55.199238 22
14.98889 55.192966 26
14.98958 55.192547 28
14.982706 55.19977 29
15.002771 55.186554 30
14.984138 55.198807 31
15.004894 55.185543 32
14.986082 55.19685 33
15.006006 55.18478 34
15.010365 55.182186 36
14.985466 55.196465 37
15.011003 55.18145 38
14.986448 55.195827 39
14.987835 55.194504 39A
14.997904 55.18928 47
15.01285 55.17997 48
15.005073 55.186054 49
15.011663 55.18101 40
14.990719 55.192566 41
15.01201 55.180584 42
14.994375 55.19084 43
15.012277 55.18016 44
14.996833 55.18968 45
15.012487 55.18025 46
14.972324 55.208008 5
15.013209 55.179703 50
15.013808 55.17968 52
15.014907 55.179497 54
15.015645 55.17926 56
14.972363 55.207527 6
14.972416 55.207912 7
14.979205 55.20255 25
14.978879 55.195393 24
14.983352 55.20025 27
14.972193 55.207314 8
14.9725 55.207787 9
14.976254 55.204964 23C
14.972636 55.19983 16D
14.996459 55.19007 43B
15.106658 55.036804 1
14.972165 55.208282 1
14.971982 55.207195 10
14.972577 55.20769 11A
14.973282 55.207966 11B
14.971866 55.207096 12
14.97213 55.207916 2
14.972716 55.2075 13
14.971842 55.206966 14
14.972292 55.20767 4
14.973272 55.207413 15
14.972062 55.20505 16
14.974885 55.204777 16A
14.973104 55.207054 17
14.977798 55.20107 18
14.973187 55.20693 19
14.975055 55.206142 23
14.979548 55.20194 25A
14.976768 55.20211 25M
14.967152 55.197235 20
14.96818 55.195477 20B
14.982614 55.199238 22
14.98889 55.192966 26
14.98958 55.192547 28
14.982706 55.19977 29
15.002771 55.186554 30
14.984138 55.198807 31
15.004894 55.185543 32
14.986082 55.19685 33
15.006006 55.18478 34
15.010365 55.182186 36
14.985466 55.196465 37
15.011003 55.18145 38
14.986448 55.195827 39
14.987835 55.194504 39A
14.997904 55.18928 47
15.01285 55.17997 48
15.005073 55.186054 49
15.011663 55.18101 40
14.990719 55.192566 41
15.01201 55.180584 42
14.994375 55.19084 43
15.012277 55.18016 44
14.996833 55.18968 45
15.012487 55.18025 46
14.972324 55.208008 5
15.013209 55.179703 50
15.013808 55.17968 52
15.014907 55.179497 54
15.015645 55.17926 56
14.972363 55.207527 6
14.972416 55.207912 7
14.979205 55.20255 25
14.978879 55.195393 24
14.983352 55.20025 27
14.972193 55.207314 8
14.9725 55.207787 9
14.976254 55.204964 23C
14.972636 55.19983 16D
14.996459 55.19007 43B
15.106658 55.036804 1
14.972165 55.208282 1
14.971982 55.207195 10
14.972577 55.20769 11A
14.973282 55.207966 11B
14.971866 55.207096 12
14.97213 55.207916 2
14.972716 55.2075 13
14.971842 55.206966 14
14.972292 55.20767 4
14.973272 55.207413 15
14.972062 55.20505 16
14.974885 55.204777 16A
14.973104 55.207054 17
14.977798 55.20107 18
14.973187 55.20693 19
14.975055 55.206142 23
14.979548 55.20194 25A
14.976768 55.20211 25M
14.967152 55.197235 20
14.96818 55.195477 20B
14.982614 55.199238 22
14.98889 55.192966 26
14.98958 55.192547 28
14.982706 55.19977 29
15.002771 55.186554 30
14.984138 55.198807 31
15.004894 55.185543 32
14.986082 55.19685 33
15.006006 55.18478 34
15.010365 55.182186 36
14.985466 55.196465 37
15.011003 55.18145 38
14.986448 55.195827 39
14.987835 55.194504 39A
14.997904 55.18928 47
15.01285 55.17997 48
15.005073 55.186054 49
15.011663 55.18101 40
14.990719 55.192566 41
15.01201 55.180584 42
14.994375 55.19084 43
15.012277 55.18016 44
14.996833 55.18968 45
15.012487 55.18025 46
14.972324 55.208008 5
15.013209 55.179703 50
15.013808 55.17968 52
15.014907 55.179497 54
15.015645 55.17926 56
14.972363 55.207527 6
14.972416 55.207912 7
14.979205 55.20255 25
14.978879 55.195393 24
14.983352 55.20025 27
14.972193 55.207314 8
14.9725 55.207787 9
14.976254 55.204964 23C
14.972636 55.19983 16D
14.996459 55.19007 43B
15.106658 55.036804 1
