14.978806 55.205544 2
14.97847 55.20562 4
14.977788 55.205383 3
14.978512 55.205345 6
14.978244 55.205482 8
14.69296 55.10355 1
14.978806 55.205544 2
14.97847 55.20562 4
14.977788 55.205383 3
14.978512 55.205345 6
14.978244 55.205482 8
14.69296 55.10355 1
14.978806 55.205544 2
14.97847 55.20562 4
14.977788 55.205383 3
14.978512 55.205345 6
14.978244 55.205482 8
14.69296 55.10355 1
14.978806 55.205544 2
14.97847 55.20562 4
14.977788 55.205383 3
14.978512 55.205345 6
14.978244 55.205482 8
14.69296 55.10355 1
14.978806 55.205544 2
14.97847 55.20562 4
14.977788 55.205383 3
14.978512 55.205345 6
14.978244 55.205482 8
14.69296 55.10355 1
14.978806 55.205544 2
14.97847 55.20562 4
14.977788 55.205383 3
14.978512 55.205345 6
14.978244 55.205482 8
14.69296 55.10355 1
