14.961828 55.166492 10
14.962514 55.16515 2
14.962344 55.165443 4
14.961977 55.165443 3
14.962007 55.16598 6
14.961846 55.16576 7
14.961522 55.166363 9
14.76211 55.139553 1
14.961828 55.166492 10
14.962514 55.16515 2
14.962344 55.165443 4
14.961977 55.165443 3
14.962007 55.16598 6
14.961846 55.16576 7
14.961522 55.166363 9
14.76211 55.139553 1
14.961828 55.166492 10
14.962514 55.16515 2
14.962344 55.165443 4
14.961977 55.165443 3
14.962007 55.16598 6
14.961846 55.16576 7
14.961522 55.166363 9
14.76211 55.139553 1
14.961828 55.166492 10
14.962514 55.16515 2
14.962344 55.165443 4
14.961977 55.165443 3
14.962007 55.16598 6
14.961846 55.16576 7
14.961522 55.166363 9
14.76211 55.139553 1
14.961828 55.166492 10
14.962514 55.16515 2
14.962344 55.165443 4
14.961977 55.165443 3
14.962007 55.16598 6
14.961846 55.16576 7
14.961522 55.166363 9
14.76211 55.139553 1
14.961828 55.166492 10
14.962514 55.16515 2
14.962344 55.165443 4
14.961977 55.165443 3
14.962007 55.16598 6
14.961846 55.16576 7
14.961522 55.166363 9
14.76211 55.139553 1
