14.924635 55.2175 10
14.918015 55.212303 3
14.924424 55.20894 4
14.924506 55.21285 6
14.924421 55.215336 8
14.922576 55.21084 2
14.921334 55.21919 11
14.924635 55.2175 10
14.918015 55.212303 3
14.924424 55.20894 4
14.924506 55.21285 6
14.924421 55.215336 8
14.922576 55.21084 2
14.921334 55.21919 11
14.924635 55.2175 10
14.918015 55.212303 3
14.924424 55.20894 4
14.924506 55.21285 6
14.924421 55.215336 8
14.922576 55.21084 2
14.921334 55.21919 11
14.924635 55.2175 10
14.918015 55.212303 3
14.924424 55.20894 4
14.924506 55.21285 6
14.924421 55.215336 8
14.922576 55.21084 2
14.921334 55.21919 11
14.924635 55.2175 10
14.918015 55.212303 3
14.924424 55.20894 4
14.924506 55.21285 6
14.924421 55.215336 8
14.922576 55.21084 2
14.921334 55.21919 11
14.924635 55.2175 10
14.918015 55.212303 3
14.924424 55.20894 4
14.924506 55.21285 6
14.924421 55.215336 8
14.922576 55.21084 2
14.921334 55.21919 11
