14.845021 55.23006 16A
14.846929 55.229546 18
14.846734 55.23009 23
14.861453 55.222572 24
14.857033 55.2213 24B
14.84689 55.22991 25
14.84974 55.2287 20
14.845904 55.230442 21
14.852385 55.22751 22
14.865923 55.22116 26
14.85569 55.232853 27
14.875692 55.21628 28
14.861133 55.232437 29
14.885521 55.21501 30
14.864217 55.22831 31
14.887387 55.21371 32
14.889753 55.213234 32A
14.865312 55.225048 33
14.889856 55.213146 34
14.890136 55.21284 36
14.882855 55.21862 37
14.883695 55.215958 39
14.891106 55.21259 46
14.890397 55.213345 47
14.891668 55.21244 48
14.890959 55.21311 49
14.884142 55.21588 41
14.885183 55.218895 43
14.886706 55.220108 43B
14.890675 55.212376 44
14.888225 55.21657 45
14.891044 55.212055 50
14.892221 55.21256 51
14.891423 55.211998 52
14.892924 55.212326 53
14.892647 55.21234 53A
14.892997 55.212234 53B
14.891999 55.2123 54
14.893386 55.211956 55
14.873416 55.20597 46V
14.890596 55.21283 38
14.845021 55.23006 16A
14.846929 55.229546 18
14.846734 55.23009 23
14.861453 55.222572 24
14.857033 55.2213 24B
14.84689 55.22991 25
14.84974 55.2287 20
14.845904 55.230442 21
14.852385 55.22751 22
14.865923 55.22116 26
14.85569 55.232853 27
14.875692 55.21628 28
14.861133 55.232437 29
14.885521 55.21501 30
14.864217 55.22831 31
14.887387 55.21371 32
14.889753 55.213234 32A
14.865312 55.225048 33
14.889856 55.213146 34
14.890136 55.21284 36
14.882855 55.21862 37
14.883695 55.215958 39
14.891106 55.21259 46
14.890397 55.213345 47
14.891668 55.21244 48
14.890959 55.21311 49
14.884142 55.21588 41
14.885183 55.218895 43
14.886706 55.220108 43B
14.890675 55.212376 44
14.888225 55.21657 45
14.891044 55.212055 50
14.892221 55.21256 51
14.891423 55.211998 52
14.892924 55.212326 53
14.892647 55.21234 53A
14.892997 55.212234 53B
14.891999 55.2123 54
14.893386 55.211956 55
14.873416 55.20597 46V
14.890596 55.21283 38
14.845021 55.23006 16A
14.846929 55.229546 18
14.846734 55.23009 23
14.861453 55.222572 24
14.857033 55.2213 24B
14.84689 55.22991 25
14.84974 55.2287 20
14.845904 55.230442 21
14.852385 55.22751 22
14.865923 55.22116 26
14.85569 55.232853 27
14.875692 55.21628 28
14.861133 55.232437 29
14.885521 55.21501 30
14.864217 55.22831 31
14.887387 55.21371 32
14.889753 55.213234 32A
14.865312 55.225048 33
14.889856 55.213146 34
14.890136 55.21284 36
14.882855 55.21862 37
14.883695 55.215958 39
14.891106 55.21259 46
14.890397 55.213345 47
14.891668 55.21244 48
14.890959 55.21311 49
14.884142 55.21588 41
14.885183 55.218895 43
14.886706 55.220108 43B
14.890675 55.212376 44
14.888225 55.21657 45
14.891044 55.212055 50
14.892221 55.21256 51
14.891423 55.211998 52
14.892924 55.212326 53
14.892647 55.21234 53A
14.892997 55.212234 53B
14.891999 55.2123 54
14.893386 55.211956 55
14.873416 55.20597 46V
14.890596 55.21283 38
14.845021 55.23006 16A
14.846929 55.229546 18
14.846734 55.23009 23
14.861453 55.222572 24
14.857033 55.2213 24B
14.84689 55.22991 25
14.84974 55.2287 20
14.845904 55.230442 21
14.852385 55.22751 22
14.865923 55.22116 26
14.85569 55.232853 27
14.875692 55.21628 28
14.861133 55.232437 29
14.885521 55.21501 30
14.864217 55.22831 31
14.887387 55.21371 32
14.889753 55.213234 32A
14.865312 55.225048 33
14.889856 55.213146 34
14.890136 55.21284 36
14.882855 55.21862 37
14.883695 55.215958 39
14.891106 55.21259 46
14.890397 55.213345 47
14.891668 55.21244 48
14.890959 55.21311 49
14.884142 55.21588 41
14.885183 55.218895 43
14.886706 55.220108 43B
14.890675 55.212376 44
14.888225 55.21657 45
14.891044 55.212055 50
14.892221 55.21256 51
14.891423 55.211998 52
14.892924 55.212326 53
14.892647 55.21234 53A
14.892997 55.212234 53B
14.891999 55.2123 54
14.893386 55.211956 55
14.873416 55.20597 46V
14.890596 55.21283 38
14.845021 55.23006 16A
14.846929 55.229546 18
14.846734 55.23009 23
14.861453 55.222572 24
14.857033 55.2213 24B
14.84689 55.22991 25
14.84974 55.2287 20
14.845904 55.230442 21
14.852385 55.22751 22
14.865923 55.22116 26
14.85569 55.232853 27
14.875692 55.21628 28
14.861133 55.232437 29
14.885521 55.21501 30
14.864217 55.22831 31
14.887387 55.21371 32
14.889753 55.213234 32A
14.865312 55.225048 33
14.889856 55.213146 34
14.890136 55.21284 36
14.882855 55.21862 37
14.883695 55.215958 39
14.891106 55.21259 46
14.890397 55.213345 47
14.891668 55.21244 48
14.890959 55.21311 49
14.884142 55.21588 41
14.885183 55.218895 43
14.886706 55.220108 43B
14.890675 55.212376 44
14.888225 55.21657 45
14.891044 55.212055 50
14.892221 55.21256 51
14.891423 55.211998 52
14.892924 55.212326 53
14.892647 55.21234 53A
14.892997 55.212234 53B
14.891999 55.2123 54
14.893386 55.211956 55
14.873416 55.20597 46V
14.890596 55.21283 38
14.845021 55.23006 16A
14.846929 55.229546 18
14.846734 55.23009 23
14.861453 55.222572 24
14.857033 55.2213 24B
14.84689 55.22991 25
14.84974 55.2287 20
14.845904 55.230442 21
14.852385 55.22751 22
14.865923 55.22116 26
14.85569 55.232853 27
14.875692 55.21628 28
14.861133 55.232437 29
14.885521 55.21501 30
14.864217 55.22831 31
14.887387 55.21371 32
14.889753 55.213234 32A
14.865312 55.225048 33
14.889856 55.213146 34
14.890136 55.21284 36
14.882855 55.21862 37
14.883695 55.215958 39
14.891106 55.21259 46
14.890397 55.213345 47
14.891668 55.21244 48
14.890959 55.21311 49
14.884142 55.21588 41
14.885183 55.218895 43
14.886706 55.220108 43B
14.890675 55.212376 44
14.888225 55.21657 45
14.891044 55.212055 50
14.892221 55.21256 51
14.891423 55.211998 52
14.892924 55.212326 53
14.892647 55.21234 53A
14.892997 55.212234 53B
14.891999 55.2123 54
14.893386 55.211956 55
14.873416 55.20597 46V
14.890596 55.21283 38
