14.928329 55.200356 2
14.930201 55.204063 3
14.931872 55.201675 4
14.931194 55.206818 5
14.936365 55.203526 6
14.934312 55.205612 7
14.939195 55.207188 9
14.928329 55.200356 2
14.930201 55.204063 3
14.931872 55.201675 4
14.931194 55.206818 5
14.936365 55.203526 6
14.934312 55.205612 7
14.939195 55.207188 9
14.928329 55.200356 2
14.930201 55.204063 3
14.931872 55.201675 4
14.931194 55.206818 5
14.936365 55.203526 6
14.934312 55.205612 7
14.939195 55.207188 9
14.928329 55.200356 2
14.930201 55.204063 3
14.931872 55.201675 4
14.931194 55.206818 5
14.936365 55.203526 6
14.934312 55.205612 7
14.939195 55.207188 9
14.928329 55.200356 2
14.930201 55.204063 3
14.931872 55.201675 4
14.931194 55.206818 5
14.936365 55.203526 6
14.934312 55.205612 7
14.939195 55.207188 9
14.928329 55.200356 2
14.930201 55.204063 3
14.931872 55.201675 4
14.931194 55.206818 5
14.936365 55.203526 6
14.934312 55.205612 7
14.939195 55.207188 9
