14.892886 55.214474 1
14.892403 55.21435 10
14.892316 55.214245 12
14.892986 55.214676 2
14.892813 55.214375 3
14.892701 55.214733 4
14.892755 55.214256 5
14.892597 55.2146 6
14.892484 55.214455 8
14.999386 55.162724 1
14.892886 55.214474 1
14.892403 55.21435 10
14.892316 55.214245 12
14.892986 55.214676 2
14.892813 55.214375 3
14.892701 55.214733 4
14.892755 55.214256 5
14.892597 55.2146 6
14.892484 55.214455 8
14.999386 55.162724 1
14.892886 55.214474 1
14.892403 55.21435 10
14.892316 55.214245 12
14.892986 55.214676 2
14.892813 55.214375 3
14.892701 55.214733 4
14.892755 55.214256 5
14.892597 55.2146 6
14.892484 55.214455 8
14.999386 55.162724 1
14.892886 55.214474 1
14.892403 55.21435 10
14.892316 55.214245 12
14.892986 55.214676 2
14.892813 55.214375 3
14.892701 55.214733 4
14.892755 55.214256 5
14.892597 55.2146 6
14.892484 55.214455 8
14.999386 55.162724 1
14.892886 55.214474 1
14.892403 55.21435 10
14.892316 55.214245 12
14.892986 55.214676 2
14.892813 55.214375 3
14.892701 55.214733 4
14.892755 55.214256 5
14.892597 55.2146 6
14.892484 55.214455 8
14.999386 55.162724 1
14.892886 55.214474 1
14.892403 55.21435 10
14.892316 55.214245 12
14.892986 55.214676 2
14.892813 55.214375 3
14.892701 55.214733 4
14.892755 55.214256 5
14.892597 55.2146 6
14.892484 55.214455 8
14.999386 55.162724 1
