14.969501 55.213158 2
14.968461 55.21379 3
14.96834 55.214016 5
14.969237 55.213467 6
14.968866 55.21367 10
14.968856 55.213753 12
14.969116 55.213448 4
14.969027 55.213573 8
14.806114 55.175587 1
14.969501 55.213158 2
14.968461 55.21379 3
14.96834 55.214016 5
14.969237 55.213467 6
14.968866 55.21367 10
14.968856 55.213753 12
14.969116 55.213448 4
14.969027 55.213573 8
14.806114 55.175587 1
14.969501 55.213158 2
14.968461 55.21379 3
14.96834 55.214016 5
14.969237 55.213467 6
14.968866 55.21367 10
14.968856 55.213753 12
14.969116 55.213448 4
14.969027 55.213573 8
14.806114 55.175587 1
14.969501 55.213158 2
14.968461 55.21379 3
14.96834 55.214016 5
14.969237 55.213467 6
14.968866 55.21367 10
14.968856 55.213753 12
14.969116 55.213448 4
14.969027 55.213573 8
14.806114 55.175587 1
14.969501 55.213158 2
14.968461 55.21379 3
14.96834 55.214016 5
14.969237 55.213467 6
14.968866 55.21367 10
14.968856 55.213753 12
14.969116 55.213448 4
14.969027 55.213573 8
14.806114 55.175587 1
14.969501 55.213158 2
14.968461 55.21379 3
14.96834 55.214016 5
14.969237 55.213467 6
14.968866 55.21367 10
14.968856 55.213753 12
14.969116 55.213448 4
14.969027 55.213573 8
14.806114 55.175587 1
