14.907686 55.17254 3
14.913192 55.17166 4
14.917078 55.172634 6
14.917045 55.1775 8
14.908152 55.16941 2
14.721065 55.09203 1
14.907686 55.17254 3
14.913192 55.17166 4
14.917078 55.172634 6
14.917045 55.1775 8
14.908152 55.16941 2
14.721065 55.09203 1
14.907686 55.17254 3
14.913192 55.17166 4
14.917078 55.172634 6
14.917045 55.1775 8
14.908152 55.16941 2
14.721065 55.09203 1
14.907686 55.17254 3
14.913192 55.17166 4
14.917078 55.172634 6
14.917045 55.1775 8
14.908152 55.16941 2
14.721065 55.09203 1
14.907686 55.17254 3
14.913192 55.17166 4
14.917078 55.172634 6
14.917045 55.1775 8
14.908152 55.16941 2
14.721065 55.09203 1
14.907686 55.17254 3
14.913192 55.17166 4
14.917078 55.172634 6
14.917045 55.1775 8
14.908152 55.16941 2
14.721065 55.09203 1
