14.970842 55.21242 2
14.970684 55.212296 3
14.970505 55.212254 5
14.706765 55.110252 1
14.970842 55.21242 2
14.970684 55.212296 3
14.970505 55.212254 5
14.706765 55.110252 1
14.970842 55.21242 2
14.970684 55.212296 3
14.970505 55.212254 5
14.706765 55.110252 1
14.970842 55.21242 2
14.970684 55.212296 3
14.970505 55.212254 5
14.706765 55.110252 1
14.970842 55.21242 2
14.970684 55.212296 3
14.970505 55.212254 5
14.706765 55.110252 1
14.970842 55.21242 2
14.970684 55.212296 3
14.970505 55.212254 5
14.706765 55.110252 1
