14.850873 55.213036 10
14.850449 55.212334 10B
14.8489 55.208668 12
14.854858 55.22634 2
14.855142 55.21306 5
14.847952 55.220406 6
14.84956 55.219418 8
14.846974 55.216053 8A
14.855289 55.21767 1A
14.700454 55.09951 1
14.850873 55.213036 10
14.850449 55.212334 10B
14.8489 55.208668 12
14.854858 55.22634 2
14.855142 55.21306 5
14.847952 55.220406 6
14.84956 55.219418 8
14.846974 55.216053 8A
14.855289 55.21767 1A
14.700454 55.09951 1
14.850873 55.213036 10
14.850449 55.212334 10B
14.8489 55.208668 12
14.854858 55.22634 2
14.855142 55.21306 5
14.847952 55.220406 6
14.84956 55.219418 8
14.846974 55.216053 8A
14.855289 55.21767 1A
14.700454 55.09951 1
14.850873 55.213036 10
14.850449 55.212334 10B
14.8489 55.208668 12
14.854858 55.22634 2
14.855142 55.21306 5
14.847952 55.220406 6
14.84956 55.219418 8
14.846974 55.216053 8A
14.855289 55.21767 1A
14.700454 55.09951 1
14.850873 55.213036 10
14.850449 55.212334 10B
14.8489 55.208668 12
14.854858 55.22634 2
14.855142 55.21306 5
14.847952 55.220406 6
14.84956 55.219418 8
14.846974 55.216053 8A
14.855289 55.21767 1A
14.700454 55.09951 1
14.850873 55.213036 10
14.850449 55.212334 10B
14.8489 55.208668 12
14.854858 55.22634 2
14.855142 55.21306 5
14.847952 55.220406 6
14.84956 55.219418 8
14.846974 55.216053 8A
14.855289 55.21767 1A
14.700454 55.09951 1
