14.959982 55.164574 1
14.960308 55.1646 2
14.960143 55.164745 4
14.960309 55.164387 10V
14.753281 55.11222 1
14.959982 55.164574 1
14.960308 55.1646 2
14.960143 55.164745 4
14.960309 55.164387 10V
14.753281 55.11222 1
14.959982 55.164574 1
14.960308 55.1646 2
14.960143 55.164745 4
14.960309 55.164387 10V
14.753281 55.11222 1
14.959982 55.164574 1
14.960308 55.1646 2
14.960143 55.164745 4
14.960309 55.164387 10V
14.753281 55.11222 1
14.959982 55.164574 1
14.960308 55.1646 2
14.960143 55.164745 4
14.960309 55.164387 10V
14.753281 55.11222 1
14.959982 55.164574 1
14.960308 55.1646 2
14.960143 55.164745 4
14.960309 55.164387 10V
14.753281 55.11222 1
