14.971248 55.207638 10
14.971203 55.207565 12
14.971463 55.208206 2
14.971166 55.20744 14
14.97176 55.20785 3
14.971517 55.208008 4
14.971772 55.207638 5
14.971248 55.20805 6
14.971414 55.207184 7
14.971246 55.20782 8
14.693976 55.100296 1A
14.971248 55.207638 10
14.971203 55.207565 12
14.971463 55.208206 2
14.971166 55.20744 14
14.97176 55.20785 3
14.971517 55.208008 4
14.971772 55.207638 5
14.971248 55.20805 6
14.971414 55.207184 7
14.971246 55.20782 8
14.693976 55.100296 1A
14.971248 55.207638 10
14.971203 55.207565 12
14.971463 55.208206 2
14.971166 55.20744 14
14.97176 55.20785 3
14.971517 55.208008 4
14.971772 55.207638 5
14.971248 55.20805 6
14.971414 55.207184 7
14.971246 55.20782 8
14.693976 55.100296 1A
14.971248 55.207638 10
14.971203 55.207565 12
14.971463 55.208206 2
14.971166 55.20744 14
14.97176 55.20785 3
14.971517 55.208008 4
14.971772 55.207638 5
14.971248 55.20805 6
14.971414 55.207184 7
14.971246 55.20782 8
14.693976 55.100296 1A
14.971248 55.207638 10
14.971203 55.207565 12
14.971463 55.208206 2
14.971166 55.20744 14
14.97176 55.20785 3
14.971517 55.208008 4
14.971772 55.207638 5
14.971248 55.20805 6
14.971414 55.207184 7
14.971246 55.20782 8
14.693976 55.100296 1A
14.971248 55.207638 10
14.971203 55.207565 12
14.971463 55.208206 2
14.971166 55.20744 14
14.97176 55.20785 3
14.971517 55.208008 4
14.971772 55.207638 5
14.971248 55.20805 6
14.971414 55.207184 7
14.971246 55.20782 8
14.693976 55.100296 1A
