14.973489 55.203926 1
14.97242 55.20381 10
14.972421 55.20338 11
14.972261 55.203724 12
14.973276 55.204163 2
14.972264 55.203243 13
14.972136 55.20364 14
14.972211 55.20344 16
14.973208 55.20375 3
14.972999 55.204075 4
14.972926 55.20363 5
14.972755 55.204006 6
14.972768 55.20354 7
14.972564 55.203934 8
14.972597 55.20345 9
14.69832 55.098892 1A
14.973489 55.203926 1
14.97242 55.20381 10
14.972421 55.20338 11
14.972261 55.203724 12
14.973276 55.204163 2
14.972264 55.203243 13
14.972136 55.20364 14
14.972211 55.20344 16
14.973208 55.20375 3
14.972999 55.204075 4
14.972926 55.20363 5
14.972755 55.204006 6
14.972768 55.20354 7
14.972564 55.203934 8
14.972597 55.20345 9
14.69832 55.098892 1A
14.973489 55.203926 1
14.97242 55.20381 10
14.972421 55.20338 11
14.972261 55.203724 12
14.973276 55.204163 2
14.972264 55.203243 13
14.972136 55.20364 14
14.972211 55.20344 16
14.973208 55.20375 3
14.972999 55.204075 4
14.972926 55.20363 5
14.972755 55.204006 6
14.972768 55.20354 7
14.972564 55.203934 8
14.972597 55.20345 9
14.69832 55.098892 1A
14.973489 55.203926 1
14.97242 55.20381 10
14.972421 55.20338 11
14.972261 55.203724 12
14.973276 55.204163 2
14.972264 55.203243 13
14.972136 55.20364 14
14.972211 55.20344 16
14.973208 55.20375 3
14.972999 55.204075 4
14.972926 55.20363 5
14.972755 55.204006 6
14.972768 55.20354 7
14.972564 55.203934 8
14.972597 55.20345 9
14.69832 55.098892 1A
14.973489 55.203926 1
14.97242 55.20381 10
14.972421 55.20338 11
14.972261 55.203724 12
14.973276 55.204163 2
14.972264 55.203243 13
14.972136 55.20364 14
14.972211 55.20344 16
14.973208 55.20375 3
14.972999 55.204075 4
14.972926 55.20363 5
14.972755 55.204006 6
14.972768 55.20354 7
14.972564 55.203934 8
14.972597 55.20345 9
14.69832 55.098892 1A
14.973489 55.203926 1
14.97242 55.20381 10
14.972421 55.20338 11
14.972261 55.203724 12
14.973276 55.204163 2
14.972264 55.203243 13
14.972136 55.20364 14
14.972211 55.20344 16
14.973208 55.20375 3
14.972999 55.204075 4
14.972926 55.20363 5
14.972755 55.204006 6
14.972768 55.20354 7
14.972564 55.203934 8
14.972597 55.20345 9
14.69832 55.098892 1A
