12.539765 55.668343 2
12.539521 55.668083 3
12.539565 55.66829 4
12.539436 55.668064 5
12.539217 55.6682 6
12.539355 55.66804 7
12.538973 55.668137 8
12.539271 55.66802 9
12.538635 55.66805 10
12.539191 55.667995 11
12.538386 55.667984 12
12.539103 55.667976 13
12.538047 55.667892 14
12.539021 55.667957 15
12.537798 55.667828 16
12.538934 55.667934 17
12.537459 55.667732 18
12.538846 55.667908 19
12.537212 55.66767 20
12.538766 55.66789 21
12.536868 55.667583 22
12.538684 55.667866 23
12.538598 55.667843 25
12.538517 55.667824 27
12.538434 55.6678 29
12.538349 55.667778 31
12.538261 55.667755 33
12.538178 55.667736 35
12.538095 55.667713 37
12.538011 55.66769 39
12.537912 55.667667 41
12.537592 55.66758 43
12.537509 55.667557 45
12.537426 55.667534 47
12.537339 55.66751 49
12.537256 55.667492 51
12.537167 55.66747 53
12.537083 55.667446 55
12.537002 55.667427 57
12.536916 55.667404 59
12.630302 55.677006 5
