12.591853 55.681908 4
12.592001 55.681915 4A
12.592259 55.681763 4B
12.590608 55.68237 5C
12.591874 55.682076 6
12.592062 55.682076 6A
12.592188 55.682056 6B
12.591759 55.682552 7
12.591978 55.68221 8
12.591541 55.68277 9
12.591145 55.682903 9A
12.591 55.682884 9B
12.592156 55.682384 10
12.591947 55.68278 11
12.5916 55.68286 11A
12.591247 55.682945 11B
12.590851 55.683044 11C
12.590901 55.6831 11D
12.592299 55.682594 12
12.592055 55.68291 13
12.591863 55.683025 13A
12.591639 55.683037 13B
12.592402 55.68272 14
12.592835 55.68258 14A
12.592176 55.683056 15
12.591733 55.68314 15B
12.592253 55.68316 17
12.592646 55.683006 18
12.593909 55.68514 21
12.593459 55.685257 21A
12.593351 55.68533 21B
12.593172 55.685314 21C
12.593142 55.685326 21D
12.594168 55.684856 22
12.594598 55.684723 22A
12.594007 55.685265 23
12.594278 55.684994 24
12.594221 55.68568 25A
12.594396 55.685135 26
12.594477 55.68584 27
12.594507 55.68527 28
12.594795 55.68515 28A
12.594702 55.685184 28B
12.594321 55.68619 29
12.594063 55.68603 29A
12.594339 55.686363 29B
12.594626 55.68541 30
12.594865 55.6863 31
12.594785 55.686188 31A
12.594863 55.68642 31B
12.594736 55.68554 32
12.59511 55.686607 33
12.594956 55.68657 33A
12.594812 55.686646 33B
12.594625 55.686714 33C
12.594498 55.686733 33D
12.594826 55.68566 34
12.59507 55.685482 34A
12.595174 55.68561 34B
12.595303 55.686844 35
12.595129 55.686787 35A
12.594885 55.68691 35B
12.594743 55.686874 35C
12.594942 55.685802 36
12.595449 55.68699 37
12.595073 55.685974 38
12.595554 55.687126 39
12.595434 55.68711 39B
12.595236 55.686146 40
12.595654 55.68597 40A
12.59561 55.686104 40B
12.595644 55.6873 41
12.595332 55.6873 41A
12.595362 55.68629 42
12.595806 55.687428 43
12.595795 55.686802 44
12.595929 55.687584 45
12.596058 55.687702 47
12.59614 55.687836 49
12.591583 55.68297 13C
12.591059 55.683136 13D
12.591161 55.683285 13E
12.591228 55.683365 13F
12.591287 55.683437 13G
12.592608 55.682842 16A
12.59281 55.682713 16B
12.592978 55.68276 16C
12.5927 55.68293 18B
12.593016 55.683067 18C
12.593193 55.683018 18D
12.592415 55.68334 19
12.592269 55.683254 19A
12.592182 55.683285 19B
12.592063 55.683323 19C
12.59199 55.683342 19D
12.592525 55.683468 19E
12.592572 55.683517 19F
12.593998 55.68465 20
12.594203 55.6847 20A
12.594358 55.68466 20B
12.594468 55.68461 20C
12.595658 55.68724 39D
12.595413 55.68742 41B
12.595303 55.68745 41C
12.595696 55.68737 41D
12.59576 55.687355 41E
12.596064 55.68714 48
12.591656 55.682415 5
12.594553 55.686153 27B
12.592057 55.68307 15A
12.5949 55.685646 34C
12.595606 55.687496 43A
12.595282 55.68753 43B
12.595726 55.68767 45A
12.590796 55.682407 5B
12.592734 55.68245 12A
12.59398 55.68534 23A
12.593813 55.68544 23B
12.593611 55.685356 23C
12.593773 55.685795 25B
12.593428 55.68584 25C
12.593167 55.685936 25D
12.593541 55.685455 23D
12.593273 55.685417 23E
12.592158 55.68211 8B
12.595719 55.687748 49A
12.592425 55.68355 1
