12.581004 55.67024 2
12.582328 55.670822 3
12.581753 55.670612 4
12.583597 55.67074 5
12.585642 55.670227 6
12.584202 55.67068 7
12.586128 55.670162 8
12.586306 55.67014 8A
12.585916 55.670414 17
12.586087 55.670395 19
12.586297 55.670376 21
12.586471 55.67036 23
12.586637 55.67034 25
12.580627 55.67042 1B
12.585629 55.66963 10
12.584602 55.670624 9
12.586722 55.66972 18A
12.586665 55.66965 18B
12.586626 55.66961 18C
12.586596 55.66956 18D
12.586508 55.66945 18F
12.580245 55.670162 1A
12.581178 55.670773 1C
12.582719 55.671387 3A
12.584513 55.670322 4C
12.584571 55.670174 4D
12.584517 55.66996 4E
12.584524 55.66989 4F
12.584535 55.66984 4G
12.584538 55.669785 4H
12.584549 55.66972 4K
12.584558 55.669662 4L
12.585673 55.67015 6A
12.585459 55.670033 6E
12.58524 55.669872 6F
12.585177 55.670074 6V
12.586558 55.669506 18E
12.586064 55.67007 8B
12.583386 55.6715 3F
12.582703 55.67137 3C
12.581953 55.671307 1D
12.583994 55.67175 3H
12.584278 55.671608 3K
12.582797 55.671432 3D
12.58294 55.67163 3E
12.583627 55.671635 3G
12.58215 55.671024 3B
12.5826 55.67169 1E
12.586037 55.66989 6B
12.585743 55.66993 6G
12.529639 55.684826 1
