12.57777 55.67898 3
12.578004 55.679005 4
12.577322 55.67912 5
12.577915 55.6791 6
12.57691 55.679676 7
12.577839 55.67923 8
12.576737 55.679764 9
12.57771 55.67936 10
12.577565 55.67947 12
12.576492 55.679893 15
12.57591 55.68021 19
12.575805 55.680267 21
12.575754 55.68033 23
12.576918 55.67985 24
12.576382 55.680367 32A
12.576238 55.680447 32B
12.575904 55.680416 34
12.575804 55.68047 36
12.578099 55.678886 2
12.577419 55.679558 20
12.577331 55.679623 22
12.576121 55.680286 32
12.577425 55.67954 20A
12.577597 55.67968 20B
12.577045 55.67979 24B
12.576641 55.67998 28
12.577165 55.679733 24A
12.576731 55.679935 26
12.586824 55.677135 5
