12.586341 55.676266 5
12.587375 55.676258 21
12.58785 55.676407 23
12.588281 55.67654 27
12.588861 55.676727 29
12.589132 55.676807 31
12.589356 55.676884 33
12.589873 55.677086 35
12.590107 55.677193 37
12.590268 55.67727 37A
12.590456 55.677357 39
12.590683 55.677464 41
12.591267 55.677776 43
12.591495 55.677902 45
12.591605 55.67797 47
12.591709 55.67803 47A
12.591943 55.67816 49
12.592967 55.678387 50
12.592338 55.67852 51
12.59242 55.678677 53A
12.592477 55.678738 53B
12.592646 55.678883 55
12.587792 55.675888 14
12.587803 55.67603 16
12.592134 55.67798 44
12.590731 55.677517 41A
12.590595 55.67766 41B
12.58942 55.67655 30
12.593213 55.67857 52
12.590835 55.677513 41C
12.585231 55.676365 1
12.588412 55.67632 20
12.559195 55.661644 1
