12.562961 55.672108 3
12.563096 55.672394 4
12.562631 55.672 5
12.562819 55.6723 6
12.561999 55.6718 7
12.562667 55.672394 8
12.562617 55.672443 8A
12.561706 55.6717 9
12.562452 55.672184 10
12.561122 55.67151 11
12.561921 55.672005 12
12.560839 55.671417 13
12.561624 55.671906 14
12.56056 55.67133 15
12.561079 55.671726 16
12.560445 55.671257 17
12.560864 55.671658 18
12.55994 55.671127 19
12.559397 55.670956 21
12.560279 55.671467 22
12.559108 55.670856 23
12.56008 55.6714 24
12.558672 55.670715 25
12.559606 55.67125 26
12.558415 55.67063 27
12.559385 55.671177 28
12.558254 55.67057 29
12.558197 55.67055 29A
12.558134 55.670532 29B
12.558069 55.67051 29C
12.559209 55.671112 30A
12.559087 55.671074 30B
12.55786 55.670444 31
12.558475 55.670876 34
12.558117 55.67077 36
12.557748 55.670635 38
12.556134 55.669888 39
12.557291 55.67052 40A
12.557217 55.670498 40B
12.557144 55.67047 40C
12.557066 55.67045 40D
12.556022 55.669857 41
12.556932 55.670406 42
12.55682 55.67037 42A
12.5569 55.67043 42B
12.555897 55.669823 43A
12.555798 55.669796 43B
12.556681 55.670322 44
12.555535 55.669716 45
12.556545 55.670277 46
12.55513 55.669594 47
12.556426 55.67023 48
12.554968 55.66955 49
12.556267 55.67018 50
12.554837 55.669502 51A
12.554755 55.669476 51B
12.554671 55.669453 51C
12.555907 55.67008 52
12.555802 55.670048 54
12.55438 55.66937 55
12.55572 55.67001 56A
12.555669 55.669994 56B
12.553787 55.669193 57
12.555432 55.669937 58
12.553592 55.669136 59
12.554918 55.669796 60
12.553344 55.669067 61
12.554751 55.669746 62
12.553148 55.669006 63
12.554575 55.66969 64
12.552771 55.668903 65
12.554264 55.669594 66
12.552598 55.66885 67
12.554119 55.66959 68
12.552416 55.668793 69
12.554088 55.669697 70
12.552267 55.668747 71
12.554071 55.669773 72
12.552104 55.6687 73
12.553714 55.66974 74
12.55355 55.669758 74A
12.551992 55.668667 75
12.553728 55.669674 76
12.553751 55.669594 78
12.551775 55.6686 79
12.55378 55.669487 80
12.551663 55.668568 81
12.551773 55.668484 81A
12.551792 55.668385 81B
12.551503 55.66852 83
12.553538 55.66938 84
12.551387 55.668484 85
12.553303 55.669308 86
12.550955 55.668358 87
12.553126 55.669266 88
12.550773 55.6683 89
12.552699 55.669136 90
12.550613 55.668255 91
12.55253 55.66908 92
12.550389 55.668194 93
12.55024 55.66815 95
12.552385 55.669037 96
12.549844 55.667988 97
12.55227 55.669003 98
12.549655 55.66797 99
12.552131 55.66896 100
12.54941 55.667904 101
12.552013 55.66893 102
12.54929 55.667866 103
12.551875 55.668888 104
12.548826 55.667732 105
12.551798 55.668865 106
12.548643 55.66768 107
12.551715 55.66884 108
12.54848 55.667625 109
12.55154 55.66879 110
12.548481 55.667564 111
12.551367 55.66873 112
12.548334 55.66758 115
12.550742 55.66869 116
12.550801 55.668568 118
12.548206 55.66754 119
12.550683 55.668533 120
12.547911 55.667454 121
12.550579 55.6685 122
12.55041 55.66845 124
12.550198 55.66839 126
12.549757 55.66826 128
12.549537 55.668198 130
12.549318 55.668133 132
12.548818 55.667984 134
12.548671 55.667934 136
12.548424 55.667862 138
12.5479 55.667713 140
12.547705 55.66765 142
12.558843 55.670994 32
12.55571 55.66977 43C
12.55562 55.66998 56C
12.560367 55.6716 20
12.553371 55.66933 84B
12.563341 55.672466 2
12.554606 55.66943 53
12.550947 55.66861 114
12.552552 55.668842 67B
12.557688 55.670628 38C
12.62273 55.65528 25
