12.554078 55.673786 60
12.553487 55.67388 66
12.552788 55.674 70
12.55249 55.67407 72A
12.552354 55.674133 72B
12.552417 55.67423 72C
12.552508 55.674347 72D
12.552117 55.67444 74A
12.552056 55.674347 74B
12.551982 55.674236 74C
12.551808 55.674236 74D
12.551359 55.674335 76
12.55075 55.674522 78
12.55037 55.674553 80
12.549657 55.674667 82
12.549104 55.6748 84
12.549473 55.67449 85
12.548837 55.674862 86A
12.54891 55.675083 86B
12.548519 55.674934 86C
12.549121 55.674576 87
12.548253 55.675003 88
12.548878 55.674637 89
12.548739 55.674664 89A
12.547682 55.675167 90
12.548543 55.6747 91A
12.548344 55.674397 91B
12.548322 55.674755 91C
12.547333 55.675236 92
12.548107 55.674805 93
12.546851 55.675316 94
12.54659 55.675373 94A
12.547851 55.674854 95
12.546343 55.675438 96
12.54566 55.6756 98
12.547228 55.675007 99
12.544951 55.675785 100
12.546893 55.675083 101
12.546914 55.674778 101A
12.54668 55.67483 101B
12.544676 55.67582 102
12.54658 55.67515 103
12.544363 55.675896 104
12.546309 55.675213 105
12.545761 55.675316 107
12.543714 55.676044 108
12.545467 55.675385 109
12.543487 55.676113 110
12.545215 55.67544 111
12.54331 55.676193 112
12.54456 55.67561 113
12.543005 55.676205 114
12.542439 55.676334 116
12.543605 55.67583 117
12.543287 55.675903 119
12.543185 55.675465 119A
12.542958 55.675507 119B
12.542142 55.676403 120
12.542963 55.675983 121
12.542566 55.67566 121A
12.541856 55.67647 122
12.542251 55.67614 123
12.5413 55.676594 124
12.541925 55.676216 125
12.541284 55.676373 127
12.541001 55.676662 128A
12.54109 55.67695 128B
12.540718 55.676727 130A
12.540869 55.67698 130B
12.540995 55.676437 131
12.541034 55.676384 131A
12.540855 55.67614 131B
12.540435 55.676792 132
12.540854 55.676464 133
12.539986 55.6769 134
12.540618 55.676533 135A
12.540367 55.67659 135B
12.539603 55.677055 136
12.539593 55.67729 138A
12.53984 55.677258 138B
12.539971 55.677288 138C
12.539774 55.67745 138D
12.539642 55.676754 139
12.539248 55.67707 140A
12.539308 55.67738 140B
12.539403 55.676815 141
12.538973 55.677128 142
12.539191 55.67686 143
12.538843 55.677433 144
12.538862 55.67761 144A
12.538593 55.676994 145
12.538517 55.67723 146
12.538352 55.677048 147
12.538207 55.67731 148
12.538068 55.677116 149
12.537549 55.677464 150
12.537797 55.677155 151
12.537254 55.67753 152A
12.537058 55.677578 152B
12.53756 55.677235 153
12.536856 55.67763 154
12.536995 55.677372 155
12.536641 55.677677 156
12.536698 55.67743 157
12.536452 55.67749 159
12.53639 55.677803 160
12.536125 55.677567 161
12.535898 55.677845 162A
12.536064 55.677944 162B
12.536166 55.678127 162C
12.536261 55.6783 162D
12.535783 55.677647 163
12.535621 55.67791 164
12.535549 55.6777 165A
12.53542 55.67773 165B
12.53508 55.67748 167A
12.53474 55.677475 167B
12.534521 55.677567 167C
12.534925 55.677624 167D
12.535083 55.67782 167E
12.53505 55.67804 168
12.534843 55.677876 169
12.534819 55.678093 170
12.534584 55.67792 171A
12.534207 55.677612 171B
12.534622 55.67814 172A
12.534541 55.678352 172B
12.534416 55.678185 172C
12.534285 55.678 173
12.534233 55.67824 174
12.533999 55.678288 176
12.53408 55.678047 177
12.533971 55.678078 177A
12.533754 55.678337 178
12.533832 55.67811 179
12.544204 55.675694 115
12.53988 55.676704 137A
12.539462 55.676533 137B
12.553911 55.673912 64
12.549898 55.674614 82A
12.549822 55.674633 82B
12.549742 55.67465 82C
12.549655 55.67467 82D
12.549608 55.674683 82E
12.549542 55.674698 82F
12.549483 55.674706 82G
12.548669 55.67515 86D
12.540929 55.676315 131C
12.534265 55.677803 173A
12.505247 55.64556 131
12.518198 55.660534 1
