12.538216 55.6737 3
12.537759 55.673485 4
12.538097 55.67349 5A
12.538137 55.67339 5B
12.53767 55.673214 6
12.538131 55.673275 7
12.537604 55.673008 8
12.538093 55.67315 9
12.538054 55.67302 9A
12.53801 55.672886 11
12.537998 55.67272 13
12.537537 55.672794 14
12.537904 55.67252 15
12.537467 55.67261 16
12.537846 55.67234 17
12.537405 55.672455 18
12.537756 55.67213 19
12.537289 55.67228 20
12.537684 55.671955 21
12.537263 55.672104 22
12.53759 55.67178 23
12.537152 55.671936 24
12.537549 55.671597 25
12.537101 55.671745 26
12.537478 55.67143 27
12.536913 55.67157 28
12.537431 55.671265 29
12.536687 55.67142 30
12.537361 55.671127 31
12.53691 55.671223 32
12.537316 55.670975 33
12.537135 55.67086 35A
12.537125 55.67082 35B
12.536415 55.67109 36
12.537076 55.67061 37
12.536795 55.67081 44
12.536758 55.67065 46
12.536867 55.671074 34
12.643851 55.632877 1
