12.553664 55.677387 1B
12.55355 55.677414 1C
12.553443 55.67744 3A
12.553334 55.677464 3B
12.553223 55.677475 3C
12.553908 55.677708 4
12.553068 55.67751 5A
12.552926 55.677544 5B
12.552805 55.67757 5C
12.552478 55.67765 7
12.552202 55.677696 9
12.55187 55.677757 11
12.551156 55.677895 13
12.551164 55.678123 14
12.55093 55.677944 15
12.550584 55.678257 16
12.550724 55.677998 17
12.550216 55.678337 18A
12.550341 55.678314 18B
12.550465 55.67805 19
12.549702 55.678463 20
12.55019 55.678135 21
12.549335 55.67855 22A
12.549135 55.678596 22B
12.549497 55.67828 23
12.548484 55.678745 24
12.549143 55.67836 25
12.548107 55.678837 26
12.54852 55.6785 27
12.547857 55.678894 28
12.5481 55.678577 29
12.547776 55.678677 31
12.552884 55.677822 10
12.577863 55.67886 1
