12.614857 55.685776 4
12.61479 55.685795 6
12.614737 55.68581 8
12.614676 55.685825 10
12.614616 55.68584 12
12.61456 55.685856 14
12.6145 55.68587 16
12.614432 55.68589 18
12.614376 55.685905 20
12.614309 55.685925 22
12.614241 55.68594 24
12.614184 55.68596 26
12.61412 55.685974 28
12.614057 55.68599 30
12.613902 55.68603 32
12.613836 55.686047 34
12.613768 55.686066 36
12.613701 55.68608 38
12.61364 55.6861 40
12.614987 55.685852 44
12.615015 55.685883 46
12.615043 55.685917 48
12.615069 55.68595 50
12.615106 55.685993 52
12.614886 55.68611 54
12.614915 55.686153 56
12.614941 55.686188 58
12.615115 55.68635 62
12.615056 55.686367 64
12.615 55.686382 66
12.614946 55.686398 68
12.614872 55.68642 70
12.614819 55.686436 72
12.614753 55.68645 74
12.614692 55.68647 76
12.614628 55.686485 78
12.614566 55.686504 80
12.614503 55.68652 82
12.61456 55.68629 84
12.61453 55.686253 86
12.6145 55.68622 88
12.614532 55.686092 92
12.614467 55.686108 94
12.614405 55.686123 96
12.614336 55.686142 98
12.614266 55.68616 100
12.614203 55.68618 102
12.613949 55.686153 104
12.613982 55.68619 106
12.61401 55.68623 108
12.614036 55.68626 110
12.614061 55.686295 112
12.614092 55.68633 114
12.614124 55.686363 116
12.614152 55.6864 118
12.614349 55.686565 122
12.614238 55.686592 126
12.614125 55.686623 130
12.614009 55.686657 134
12.613903 55.686684 138
12.613778 55.686714 142
12.613751 55.686512 144
12.613725 55.68647 146
12.613693 55.68643 148
12.613666 55.686394 150
12.613638 55.68636 152
12.613611 55.68633 154
12.61357 55.68629 156
12.613544 55.686253 158
12.613514 55.68622 160
12.613486 55.68618 162
12.613457 55.686146 164
12.613428 55.686115 166
12.613402 55.686085 168
12.614151 55.685566 1
12.613739 55.68564 3
12.614274 55.686558 124
12.61417 55.68659 128
12.61405 55.686623 132
12.613945 55.686653 136
12.613825 55.686687 140
12.616766 55.65833 1
