12.612499 55.689095 148
12.611543 55.689686 147
12.611128 55.690296 151
12.611191 55.690445 153
12.611767 55.69145 157A
12.611558 55.69126 159A
12.612018 55.69193 163A
12.611709 55.69233 163B
12.610752 55.692883 163C
12.610449 55.693005 165A
12.609697 55.69312 167A
12.610335 55.693867 167C
12.608621 55.69333 169A
12.61368 55.693493 173A
12.613038 55.692024 175A
12.613185 55.69231 175B
12.613818 55.692364 177A
12.614049 55.692757 177B
12.61554 55.690945 183A
12.615411 55.69072 183B
12.615287 55.69051 183C
12.615156 55.6903 183D
12.61269 55.68991 188
12.622333 55.691048 189
12.612895 55.689796 190
12.613116 55.689754 192
12.613343 55.689713 194
12.612349 55.690277 203A
12.612588 55.69073 207A
12.612787 55.69106 207C
12.612873 55.691208 207D
12.61323 55.69079 209A
12.612947 55.69012 213A
12.61273 55.69486 320
12.610004 55.695328 325
12.610012 55.695683 340
12.609101 55.69655 351
12.610426 55.68315 96
12.612168 55.68675 110
12.610947 55.68927 141A
12.610923 55.68927 141B
12.6109 55.68927 141C
12.610948 55.68931 141D
12.610926 55.689312 141E
12.610904 55.689316 141F
12.610949 55.689342 141G
12.610492 55.69286 163D
12.609255 55.6932 167B
12.6078 55.69349 169B
12.61215 55.69331 171A
12.612439 55.692616 171B
12.619388 55.689728 200
12.613292 55.69006 213B
12.615073 55.69498 250
12.613613 55.684837 100
12.616949 55.691437 185
12.610875 55.68934 141H
12.610902 55.68936 141K
12.610195 55.693287 165B
12.609991 55.693325 165C
12.610511 55.693844 167D
12.610943 55.693974 167E
12.610359 55.69207 169D
12.607896 55.694355 169H
12.608548 55.694244 169K
12.609272 55.69412 169L
12.605155 55.675053 10
12.60552 55.67529 12
12.606286 55.6758 12A
12.607163 55.676373 14
12.607838 55.67687 14B
12.608222 55.677265 14C
12.608862 55.67814 16
12.610995 55.69315 167F
12.609802 55.69447 167M
12.609005 55.678314 16A
12.609151 55.678516 18
12.600625 55.674973 2
12.609799 55.678802 20
12.614082 55.691196 211
12.6096 55.67935 22
12.60986 55.67995 22A
12.609989 55.6803 24
12.610015 55.680378 24A
12.614762 55.695496 252
12.610158 55.680912 26
12.610597 55.681515 28
12.610229 55.682102 30
12.609817 55.682217 31
12.602059 55.67441 4
12.603437 55.67436 6
12.604151 55.674496 8
12.604396 55.6746 8A
12.604592 55.674694 8B
12.611919 55.68682 110A
12.611876 55.68689 110B
12.613541 55.69732 240
12.601237 55.675003 3
12.610966 55.689274 141
12.620404 55.69776 260
12.622368 55.69765 262
12.625363 55.697483 264
12.627316 55.69736 266
12.629283 55.697224 268
12.629699 55.696136 270
12.630116 55.69505 272
12.61139 55.69088 157
12.611513 55.692722 163
12.622746 55.690983 191
12.613375 55.69103 209
12.611607 55.693233 167G
12.609909 55.69309 167
12.60804 55.693443 169
12.611975 55.693214 171
12.61299 55.69495 322
12.612187 55.69525 330
12.608546 55.692474 159X
12.608016 55.69255 161C
12.608789 55.692432 159V
12.607594 55.69284 161H
12.607819 55.69279 161L
12.608346 55.6927 161S
12.608811 55.692593 161X
12.608176 55.692734 161P
12.607903 55.69259 161D
12.60806 55.692738 161N
12.607698 55.692814 161K
12.608236 55.692505 161A
12.60849 55.69262 161V
12.608452 55.69267 161T
12.623787 55.690407 204
12.609497 55.69306 169C
12.610131 55.690502 155A
12.608581 55.692642 161U
12.608237 55.692722 161R
12.607933 55.692757 161M
12.607792 55.69261 161E
12.609351 55.69635 350
12.607554 55.692673 161G
12.618706 55.689476 200Z
12.616219 55.689117 200X
12.608317 55.692513 159Z
12.607703 55.692627 161F
12.6087 55.692623 161W
12.60843 55.6925 159Y
12.613876 55.693832 173C
12.619121 55.689564 200Y
12.615772 55.690952 183
12.608927 55.692577 161Y
12.608653 55.692432 159W
12.622366 55.690647 193
12.608889 55.6924 159U
12.608128 55.692516 161B
12.610207 55.694485 167L
12.610147 55.68988 145A
12.6093 55.69225 169E
12.607483 55.692593 169G
12.608448 55.692417 169F
12.608188 55.69087 155E
12.608687 55.690773 155D
12.609589 55.690594 155B
12.609151 55.690678 155C
12.607631 55.690968 155F
12.555918 55.695576 27
