12.560553 55.691856 1
12.560649 55.692017 4
12.560383 55.691856 5
12.560234 55.691853 5A
12.560348 55.692017 6
12.560264 55.692097 6A
12.56027 55.69219 6B
12.560288 55.692276 6C
12.560093 55.69185 7
12.559954 55.692013 8
12.560008 55.69213 8A
12.560019 55.692215 8B
12.560029 55.69229 8C
12.559937 55.69185 9
12.559791 55.69185 11
12.559735 55.692005 12
12.559622 55.69185 13
12.559645 55.692005 14
12.559616 55.691605 15
12.559123 55.69182 16
12.559407 55.69175 17
12.559027 55.69176 18
12.559335 55.691708 19
12.558909 55.69169 20
12.559237 55.691647 21
12.558822 55.691635 22
12.559149 55.69159 23
12.558659 55.69154 24
12.559005 55.69151 25
12.633807 55.58279 12
