12.543486 55.69821 1
12.543662 55.697998 2
12.544121 55.69883 3B
12.54413 55.698956 3C
12.543765 55.698067 4
12.544447 55.699226 5
12.543841 55.698105 6
12.544902 55.699627 7
12.544017 55.69832 8
12.544386 55.69819 8A
12.545245 55.699856 9
12.544149 55.698494 10
12.545367 55.699966 11
12.544491 55.698498 12
12.544428 55.69869 14
12.544487 55.698803 16
12.544676 55.698704 16A
12.544689 55.698868 18
12.544694 55.69899 20
12.544788 55.69908 22
12.545456 55.699566 24
12.546088 55.70011 38
12.545765 55.70024 39
12.546223 55.700188 40
12.545908 55.700325 41
12.546357 55.700264 42
12.546017 55.700394 43
12.546452 55.70032 44
12.546151 55.700466 45
12.546565 55.70039 46
12.546263 55.70053 47
12.546708 55.700474 48
12.546462 55.70064 49
12.546878 55.70056 50
12.546932 55.700912 51
12.547145 55.70103 53
12.547326 55.701134 55
12.547459 55.701202 57
12.547627 55.701286 59
12.547751 55.701054 60
12.547814 55.701397 61
12.547915 55.701454 63
12.548082 55.701553 65
12.548263 55.701656 67
12.54845 55.70177 69
12.548899 55.70171 70
12.548648 55.701878 71
12.5491 55.701824 72
12.548794 55.701965 73
12.549242 55.701897 74
12.548943 55.702045 75
12.549447 55.70202 76
12.54915 55.70217 77
12.578366 55.608486 2
