12.561854 55.691795 1A
12.562427 55.692265 1B
12.562863 55.69208 1C
12.562763 55.692165 1D
12.561481 55.690807 2
12.563591 55.69313 3A
12.56498 55.693203 3B
12.565123 55.693283 3C
12.562174 55.691166 6
12.562029 55.691044 6A
12.562487 55.691334 6B
12.562693 55.691452 8
12.563169 55.691708 10
12.563439 55.69185 12A
12.563651 55.69196 12B
12.563867 55.692078 12C
12.56425 55.691795 14A
12.564211 55.6917 14B
12.564218 55.691647 14C
12.564297 55.691563 14D
12.564368 55.691532 14E
12.564452 55.691486 14F
12.564549 55.69143 14G
12.564629 55.69139 14H
12.564736 55.691334 14K
12.564996 55.691498 14L
12.564394 55.691883 16A
12.564553 55.691917 16B
12.564643 55.691917 16C
12.564811 55.691875 16D
12.564878 55.691845 16E
12.564959 55.691807 16F
12.565061 55.69175 16G
12.565142 55.691708 16H
12.565261 55.69165 16K
12.564102 55.692223 18
12.564339 55.69234 20
12.564239 55.692295 20A
12.56448 55.692173 20B
12.564468 55.692417 22
12.564623 55.692497 24
12.564841 55.692265 24A
12.564773 55.692577 26
12.565616 55.692333 28A
12.56575 55.692417 28B
12.565891 55.692505 28C
12.565833 55.692554 28D
12.565765 55.692596 28E
12.565709 55.692623 28F
12.565645 55.692657 28G
12.565584 55.69269 28H
12.565257 55.692802 32
12.565468 55.69295 34
12.565649 55.693047 36
12.565835 55.693146 38
12.56602 55.693245 40
12.566245 55.69334 42
12.561518 55.691277 1
12.561769 55.690884 4A
12.562004 55.69076 4B
12.561896 55.69071 4C
12.561685 55.69093 4D
12.564306 55.692093 18A
12.564974 55.69266 30A
12.565095 55.692722 30B
12.565457 55.69276 28L
12.56552 55.692722 28K
12.562436 55.692337 1E
12.671491 55.59202 3
