12.539687 55.700752 4
12.540235 55.700596 4A
12.540351 55.700752 6
12.539959 55.701237 8
12.540004 55.70136 10
12.540057 55.701466 12
12.540115 55.70157 14
12.540174 55.70168 16
12.540218 55.701786 18
12.540279 55.701904 20
12.540351 55.702045 22
12.539631 55.701485 5
12.540264 55.70287 33
12.539904 55.70203 13
12.539941 55.70216 15
12.540151 55.702534 21
12.54018 55.70264 23
12.540036 55.702297 17
12.540064 55.702354 19
12.539655 55.701595 7
12.539769 55.70196 9
12.539801 55.701893 11
12.539164 55.702793 29
12.539673 55.70272 27
12.539041 55.702827 31
12.539832 55.70268 25
12.628959 55.64508 2
