12.542608 55.689217 2
12.542056 55.689087 3
12.542341 55.68932 4
12.541511 55.68933 5
12.541842 55.68954 6
12.541325 55.689434 7
12.541642 55.689648 8
12.541189 55.689514 9
12.541451 55.689762 10
12.54104 55.68961 11
12.541231 55.6899 12
12.540897 55.689697 13
12.541014 55.69004 14
12.540739 55.689796 15
12.540787 55.690186 16
12.540545 55.689915 17
12.540551 55.690327 18
12.540353 55.690033 19
12.540353 55.69045 20
12.540153 55.690155 21
12.539841 55.690777 22
12.539994 55.690254 23
12.539645 55.6909 24
12.539525 55.690548 25
12.539357 55.69065 27
12.539235 55.69073 29
12.539114 55.690807 31
12.538969 55.690895 33
12.53779 55.691605 41
12.536769 55.692173 43
12.536488 55.692314 45
12.527547 55.695793 164
12.541605 55.68929 5A
