12.542667 55.698624 2
12.542822 55.698704 4
12.543484 55.69943 5
12.542973 55.698742 6A
12.543086 55.698803 6B
12.543435 55.698925 8A
12.543642 55.699013 8B
12.543985 55.699314 8C
12.543985 55.699432 8D
12.54426 55.699715 10
12.544369 55.699802 12
12.544468 55.69988 14
12.544562 55.69995 16
12.544652 55.700027 18
12.544743 55.700108 20
12.54513 55.700413 22
12.545235 55.700504 24
12.545478 55.70067 26A
12.545624 55.70062 26B
12.545776 55.700607 26C
12.545911 55.700703 26D
12.546037 55.700775 26E
12.546173 55.700825 26F
12.54487 55.70056 31
12.544957 55.700634 33
12.545219 55.700798 35
12.544298 55.699486 10A
12.544426 55.6996 10B
12.544849 55.699867 10D
12.544918 55.69993 10E
12.54475 55.69978 10C
12.621821 55.60715 50
