12.53777 55.69937 1B
12.53775 55.699253 3
12.537737 55.69914 5
12.537659 55.699024 7
12.537275 55.698727 8
12.53763 55.698906 9
12.537253 55.698643 10
12.537617 55.698772 11
12.537238 55.69855 12
12.537595 55.698643 13
12.537225 55.698467 14
12.537575 55.69854 15
12.537206 55.69838 16
12.537552 55.698418 17
12.537193 55.698296 18
12.537209 55.69817 20
12.537429 55.699333 2
12.537209 55.699036 4
12.537369 55.69893 6
12.537587 55.698277 19
12.537568 55.69818 21
12.537392 55.699375 2Z
12.537246 55.699146 2A
12.53725 55.699123 2B
12.537354 55.699284 2X
12.60698 55.652008 3
