12.547697 55.686996 1A
12.547695 55.686916 1B
12.547294 55.687214 2
12.547332 55.68705 4
12.547363 55.686813 6
12.547634 55.68659 7
12.547356 55.686707 8
12.547335 55.686596 8A
12.547592 55.68639 9
12.547268 55.686493 10
12.547245 55.6864 10A
12.547571 55.686295 11
12.547233 55.686302 12
12.547217 55.686222 12A
12.547562 55.686214 13
12.547867 55.68619 13A
12.547198 55.68612 14
12.547188 55.686024 14A
12.547167 55.685905 16
12.547525 55.68602 17
12.547146 55.685783 18
12.547497 55.685837 19
12.547125 55.685616 20
12.547474 55.6857 21
12.547762 55.685616 23
12.548125 55.685593 25
12.548439 55.685577 27
12.575349 55.677845 1
