12.548102 55.69671 1B
12.548333 55.69711 2
12.548064 55.69701 3
12.548011 55.69689 3A
12.548204 55.697193 4
12.547826 55.697166 5
12.54827 55.697304 6
12.548359 55.69738 8
12.548334 55.697464 10
12.548598 55.69758 10A
12.546798 55.697838 15
12.546858 55.698315 24
12.547096 55.698536 26
12.5466 55.69827 28
12.546464 55.698357 30
12.546338 55.69844 32
12.546216 55.69852 34
12.546089 55.698605 36
12.545916 55.698673 38
12.545734 55.698505 39
12.545472 55.698963 40
12.545291 55.6988 41
12.545134 55.698895 43
12.54503 55.698963 45
12.546633 55.697933 17
12.545839 55.69843 19
12.547189 55.6975 9
12.67215 55.59592 3
