12.541164 55.699127 2
12.539999 55.699085 2A
12.541111 55.698826 3
12.540648 55.698887 4A
12.540721 55.69897 4B
12.54033 55.698963 4C
12.540981 55.69876 5
12.540523 55.69883 6
12.540726 55.698635 7
12.540883 55.69861 7A
12.540936 55.698475 7B
12.540411 55.698776 8
12.540569 55.69856 9
12.540279 55.698704 10
12.540446 55.698452 11
12.540144 55.698643 12
12.540447 55.698376 13
12.540052 55.698315 14
12.540433 55.69822 15
12.540051 55.698162 16
12.540049 55.698048 18
12.540035 55.697956 20
12.540027 55.69784 22
12.540019 55.697773 24
12.540017 55.697685 26
12.540016 55.697594 28
12.54001 55.697506 30
12.540008 55.697376 32
12.563916 55.696815 1
