12.55892 55.69695 1
12.558426 55.696785 3
12.557079 55.696598 18
12.556882 55.69653 20
12.556657 55.69645 22
12.557228 55.696384 23
12.556432 55.696377 24
12.556838 55.69626 25
12.556223 55.69633 26
12.556628 55.696182 27
12.555557 55.696136 34
12.555348 55.696095 36
12.555734 55.695923 37
12.555138 55.696053 38
12.555527 55.69589 39
12.554337 55.69591 40
12.555274 55.695835 41
12.554166 55.695885 42
12.555036 55.69579 43
12.553983 55.695858 44
12.553726 55.69582 46
12.553083 55.695732 48
12.554502 55.6957 49
12.552834 55.695705 50
12.554204 55.695652 51
12.554028 55.69563 53
12.5508 55.69564 54
12.55383 55.695595 55
12.55297 55.695488 61
12.552135 55.695415 63
12.551331 55.695354 65
12.551071 55.695343 67
12.550661 55.695274 71
12.550404 55.695415 75
12.554949 55.69601 38A
12.550894 55.69558 52
12.550578 55.695553 56
12.55043 55.69532 77
12.550299 55.695286 79
12.519925 55.69558 1
