12.555705 55.689384 3
12.555352 55.688984 5
12.555333 55.689404 6
12.555229 55.688843 7
12.555229 55.68927 8
12.555095 55.68869 9
12.555096 55.68913 10
12.554999 55.688576 11A
12.554942 55.688507 11B
12.55501 55.68903 12
12.554892 55.68844 13
12.554851 55.6884 13A
12.554798 55.688343 13B
12.554944 55.68895 14
12.554739 55.688286 15
12.554874 55.688858 16
12.554649 55.68817 17
12.554623 55.688576 20
12.554486 55.68842 22
12.554273 55.68817 24A
12.554212 55.688095 24B
12.554132 55.687996 26
12.554047 55.687473 27
12.55402 55.687862 28
12.553907 55.68732 29
12.553817 55.687634 30
12.55379 55.687183 31
12.553679 55.687477 32
12.553645 55.68701 33
12.553571 55.68736 34
12.553109 55.686398 35A
12.553459 55.687233 36
12.553194 55.6862 37A
12.553417 55.68614 37B
12.553661 55.68606 37C
12.553377 55.687126 38
12.552998 55.685978 39A
12.553195 55.685925 39B
12.553409 55.685856 39C
12.552997 55.68683 42
12.552564 55.685757 43
12.55296 55.686787 44
12.552327 55.685444 45A
12.552121 55.68526 47
12.552433 55.686047 50
12.552323 55.685925 52
12.55221 55.685787 54
12.551972 55.68551 56
12.55182 55.685333 58
12.553229 55.68653 35
12.55576 55.6888 7A
12.55264 55.68585 41
12.552642 55.686417 46
12.555481 55.689564 4A
12.555455 55.689533 4B
12.555429 55.689503 4C
12.555595 55.689697 2
12.55303 55.68625 37
12.554685 55.688625 20
12.600892 55.62044 1
