12.547852 55.702824 3
12.547498 55.702965 4
12.547646 55.70271 5
12.545701 55.701958 12A
12.545529 55.70186 12B
12.545685 55.701374 13
12.545371 55.70177 14A
12.545216 55.701683 14B
12.544911 55.70117 15
12.545014 55.701595 16
12.544788 55.701103 17
12.544797 55.70148 18
12.544663 55.701035 19
12.544564 55.701366 20
12.54453 55.700962 21
12.544339 55.70126 22
12.544297 55.700836 23
12.543972 55.70111 24
12.544147 55.70075 25
12.543798 55.701035 26
12.543684 55.70097 28
12.543574 55.70093 30
12.546838 55.702602 6
12.546265 55.702274 8
12.547672 55.70303 2
12.527137 55.64759 1
