12.54334 55.697674 2
12.543033 55.697636 4
12.542902 55.697697 6
12.542766 55.697823 8
12.542649 55.69759 10
12.542463 55.697567 12
12.542313 55.69755 14
12.540594 55.697052 15
12.540449 55.697075 17
12.540226 55.697044 19
12.540012 55.69701 21A
12.53989 55.69725 22
12.538039 55.696663 23
12.536151 55.695602 23B
12.539622 55.697224 24
12.539076 55.697147 26
12.53881 55.697113 28
12.530356 55.696667 55
12.530168 55.696667 57
12.529969 55.69667 59
12.529774 55.69667 61
12.532078 55.69692 62
12.529573 55.69667 63
12.531836 55.69694 64
12.529395 55.69667 65
12.529211 55.696674 67
12.53093 55.696964 68
12.529036 55.696674 69
12.53064 55.69697 70
12.528718 55.69667 71
12.530347 55.69698 72
12.52852 55.696663 73
12.529563 55.69697 74
12.528344 55.69666 75
12.529033 55.696976 76
12.528173 55.696655 77
12.527937 55.696964 78
12.527968 55.69665 79
12.527724 55.696957 80
12.52778 55.696648 81
12.52751 55.696957 82
12.527594 55.69664 83
12.527275 55.69694 84
12.527405 55.696632 85
12.52706 55.696945 86
12.527229 55.696632 87
12.526836 55.696922 88
12.526597 55.696926 90
12.526276 55.696903 92
12.536524 55.696518 25
12.536546 55.69644 25A
12.53634 55.69659 27
12.536027 55.69656 29
12.537501 55.696976 30
12.533571 55.696564 31
12.532786 55.69659 33
12.536827 55.69699 34
12.532526 55.696606 35
12.536507 55.697227 36
12.53165 55.69646 37
12.536348 55.69685 38
12.536068 55.696815 40
12.534339 55.696968 42
12.535224 55.6968 42A
12.534928 55.69674 42B
12.535109 55.696907 42C
12.542493 55.697315 13
12.536506 55.69655 25B
12.537736 55.69715 30A
12.537231 55.69694 30B
12.537227 55.696697 23A
12.532321 55.696064 53
