12.542362 55.68945 2
12.54224 55.689774 3
12.542459 55.689533 4
12.542321 55.6899 5
12.542556 55.68962 6
12.54228 55.689972 7
12.542645 55.68971 8
12.54224 55.69006 9
12.542737 55.689796 10
12.541859 55.690266 11
12.542761 55.68992 12
12.541768 55.690395 13
12.542678 55.690033 14
12.541704 55.690502 15
12.542434 55.690434 16
12.541649 55.6906 17
12.542357 55.69056 18
12.541586 55.6907 19
12.542288 55.690666 20
12.541487 55.690865 21
12.542217 55.690777 22
12.541255 55.691208 23
12.542143 55.690884 24
12.54119 55.691326 25
12.542077 55.69099 26
12.541108 55.691456 27
12.542013 55.6911 28
12.541033 55.69156 29
12.541944 55.691208 30
12.540959 55.691685 31
12.541869 55.691322 32
12.540893 55.69179 33
12.541655 55.691704 34A
12.541812 55.691734 34B
12.540825 55.6919 35
12.54197 55.69177 36A
12.542133 55.691807 36B
12.540772 55.691994 37
12.541556 55.691902 38A
12.541503 55.691994 38B
12.540296 55.692387 39
12.541448 55.69208 40
12.539983 55.692455 41
12.541391 55.69217 42
12.539763 55.69245 43
12.54134 55.69226 44
12.539561 55.692455 45
12.54042 55.6926 46
12.539367 55.692455 47
12.538966 55.69263 48
12.539118 55.69243 49
12.538893 55.692398 51
12.536157 55.6643 3
