12.546489 55.692734 2
12.54639 55.69281 4
12.545999 55.69274 5
12.546261 55.692905 6
12.545869 55.69283 7
12.546135 55.69299 8
12.545759 55.692905 9
12.546008 55.693073 10
12.546254 55.693184 10A
12.54566 55.692974 11
12.545883 55.693157 12
12.546126 55.693268 12A
12.54556 55.69304 13
12.545767 55.693237 14
12.545453 55.693115 15
12.545655 55.693317 16
12.54533 55.693207 17
12.545509 55.693417 18
12.545203 55.69329 19
12.5454 55.693497 20
12.545078 55.693382 21
12.545293 55.693565 22
12.544967 55.693455 23
12.545166 55.693657 24
12.544868 55.693527 25
12.545079 55.69372 26
12.544753 55.693604 27
12.544939 55.693813 28
12.544627 55.693695 29
12.544844 55.69388 30
12.544526 55.693768 31
12.544683 55.69398 32
12.544607 55.69404 34
12.544318 55.693913 35
12.544514 55.6941 36
12.544204 55.693985 37
12.54442 55.69417 38
12.54411 55.694057 39
12.544331 55.694237 40
12.544002 55.694126 41
12.544396 55.694313 42
12.543898 55.6942 43
12.543996 55.69447 44
12.543793 55.69428 45
12.54372 55.694656 46
12.54367 55.69436 47
12.543626 55.69472 48
12.543534 55.694454 49
12.543501 55.69481 50
12.543387 55.694553 51
12.544194 55.694496 44A
12.544077 55.694576 44B
12.64069 55.584244 1
