12.544002 55.690807 6
12.543945 55.6909 8
12.543893 55.690983 10
12.543849 55.691063 12
12.543793 55.691143 14
12.543745 55.691223 16
12.543685 55.69132 18
12.544032 55.691456 18A
12.544127 55.691387 18B
12.544222 55.691315 18C
12.544311 55.691242 18D
12.543527 55.691616 20
12.543388 55.691853 20A
12.543374 55.69197 22A
12.543301 55.69208 22B
12.543244 55.692192 22C
12.543172 55.6923 22D
12.543125 55.692383 22E
12.543043 55.69252 22F
12.542988 55.69261 22G
12.543629 55.69206 22H
12.543501 55.692154 22I
12.543414 55.692253 22K
12.542899 55.69304 24
12.542653 55.693142 26
12.542479 55.69327 28
12.542341 55.693386 30
12.542256 55.693474 32
12.542203 55.693653 34
12.54368 55.69047 1
