12.54707 55.693317 2
12.547309 55.693283 2A
12.547203 55.69329 2B
12.547101 55.693375 2C
12.547312 55.69347 2D
12.547247 55.693428 2E
12.546853 55.693134 3
12.54688 55.693447 4
12.546583 55.693066 5
12.546674 55.693573 6
12.546376 55.69321 7
12.546785 55.69372 8
12.546537 55.69334 9
12.546505 55.69386 10
12.546354 55.69346 11
12.546262 55.693832 12
12.546099 55.69339 13
12.54613 55.69392 14
12.545893 55.693535 15
12.546005 55.694 16
12.546047 55.693653 17
12.545845 55.694103 18
12.545836 55.693787 19
12.545692 55.694202 20A
12.545544 55.6943 20B
12.545667 55.6939 21
12.545393 55.694397 22A
12.54524 55.694496 22B
12.545545 55.693977 23
12.544576 55.694923 24
12.545397 55.694077 25
12.544458 55.694996 26
12.544323 55.695076 28
12.545257 55.694164 29
12.544197 55.695156 30
12.545151 55.694225 31
12.544046 55.695255 32
12.54505 55.69429 33
12.544952 55.69436 35
12.544826 55.694443 37
12.54465 55.694424 39
12.54417 55.69486 43
12.544076 55.69492 45
12.543979 55.694984 47
12.543867 55.695057 49
12.544406 55.694702 41
12.546938 55.693077 1A
12.546333 55.69408 16A
12.522431 55.65486 3
