12.545437 55.691788 2
12.545241 55.69163 3
12.545272 55.6919 4
12.545129 55.691715 5
12.545181 55.691963 6
12.545033 55.691788 7
12.545089 55.692036 8
12.544933 55.691856 9
12.544991 55.692104 10
12.544829 55.69193 11
12.544899 55.692173 12
12.544741 55.69199 13
12.544776 55.692253 14
12.544644 55.69206 15
12.544728 55.692345 16
12.544541 55.69214 17
12.544572 55.692455 18
12.54438 55.692184 19
12.544427 55.69251 20
12.544219 55.692295 21
12.544322 55.692585 22
12.54417 55.6924 23
12.544234 55.692646 24
12.544053 55.69249 25
12.544149 55.69272 26
12.543944 55.692562 27
12.544054 55.69278 28
12.54381 55.692657 29
12.54395 55.692856 30
12.54371 55.69273 31
12.543866 55.69292 32
12.543765 55.69299 34
12.543599 55.692818 35
12.543615 55.693096 36
12.543499 55.692883 37
12.543585 55.69317 38
12.543404 55.692947 39
12.543427 55.693275 40
12.543219 55.692997 41
12.543295 55.69332 42
12.54306 55.693104 43
12.543184 55.69341 44
12.543012 55.693226 45
12.543087 55.693474 46
12.543178 55.693474 46A
12.542914 55.693302 47
12.542974 55.69355 48
12.542819 55.69337 49
12.54288 55.693623 50
12.542732 55.693436 51
12.542774 55.6937 52
12.542634 55.69351 53
12.542681 55.693764 54
12.542519 55.69358 55
12.542545 55.693863 56
12.542404 55.693653 57
12.543815 55.69295 32A
12.545486 55.691753 2A
12.661208 55.59436 2
