12.559564 55.684647 2
12.559069 55.6846 3
12.559393 55.68474 4
12.558822 55.684696 5
12.558572 55.684784 7
12.558808 55.684933 8
12.558344 55.68488 9
12.558582 55.68502 10
12.558562 55.68508 10A
12.558101 55.68497 11
12.558364 55.68519 12A
12.558484 55.68529 12B
12.558417 55.685387 12C
12.558355 55.68527 12D
12.557862 55.685062 13
12.558257 55.685146 14
12.557698 55.685123 15
12.558057 55.68522 16
12.557567 55.685215 17A
12.557439 55.685265 17B
12.557255 55.685333 19
12.55779 55.685333 20
12.557425 55.685467 22
12.556506 55.685642 23
12.556976 55.685658 24
12.556394 55.685684 25
12.556157 55.685772 27
12.556422 55.686012 30
12.555451 55.686043 35
12.555724 55.686157 36
12.555189 55.68614 37
12.555614 55.68623 38
12.554959 55.686226 39
12.555266 55.686363 40
12.554519 55.68639 41
12.555048 55.686386 42
12.554268 55.68646 43
12.555203 55.686493 44
12.553867 55.686523 45
12.553532 55.686577 47
12.553333 55.686607 51
12.554264 55.686695 56
12.554098 55.686756 58
12.553882 55.68684 60
12.553671 55.686916 62
12.553129 55.68713 68
12.552735 55.687283 70
12.552524 55.68736 72
12.555657 55.685738 29
12.555743 55.685905 31
12.5583 55.68514 12
12.556692 55.685566 21
12.553935 55.686646 58B
12.623881 55.66101 1
