12.565541 55.69011 1A
12.565395 55.690174 1B
12.565358 55.690033 1C
12.565282 55.690247 3
12.565127 55.69016 3A
12.565107 55.690346 5
12.564958 55.690243 5A
12.564895 55.690445 7
12.564412 55.6907 9
12.564551 55.69084 10
12.564258 55.690773 11
12.564441 55.6909 12
12.563987 55.6909 13A
12.564032 55.69085 13B
12.5643 55.690975 14
12.564182 55.691036 14A
12.563831 55.690994 15
12.563993 55.69113 16
12.564167 55.691196 16A
12.564221 55.69123 16B
12.564277 55.691265 16C
12.563688 55.691093 17
12.563829 55.69121 18A
12.563712 55.691273 18B
12.563359 55.691223 19
12.563574 55.69134 20
12.563226 55.691303 21
12.563363 55.691452 22
12.563099 55.691372 23
12.563152 55.69157 24
12.562913 55.691467 25
12.564056 55.690773 11A
12.56403 55.69073 11B
12.56413 55.690678 11C
12.564136 55.690655 11D
12.564562 55.69108 14B
12.563081 55.69066 15A
12.503408 55.65692 1
