12.553361 55.691624 2
12.553533 55.691734 4
12.553733 55.69186 6
12.553859 55.69194 8
12.554157 55.692135 10
12.553986 55.692425 13
12.554341 55.69209 12
12.554434 55.692024 14
12.554723 55.692703 15
12.554547 55.69196 16
12.554804 55.69275 17A
12.554899 55.692806 17B
12.554814 55.691967 18
12.555071 55.6929 19
12.554801 55.69211 20
12.555275 55.693016 21
12.554694 55.69216 22
12.555432 55.693115 23
12.554582 55.692226 24
12.554503 55.692345 26
12.554677 55.692448 28
12.554886 55.69255 32
12.555048 55.69263 34
12.555193 55.692715 36
12.555351 55.692806 38
12.555583 55.692963 42
12.554022 55.692043 8D
12.55486 55.692787 17
12.553979 55.691956 8C
12.597363 55.622906 1
