12.55226 55.697906 2
12.551922 55.697777 3
12.552104 55.697968 4
12.551752 55.69784 5
12.551948 55.698025 6
12.551578 55.697906 7
12.551728 55.69811 8
12.551335 55.697998 9
12.551526 55.69818 10
12.551098 55.69808 11
12.551344 55.69825 12
12.550922 55.69814 13
12.551176 55.69831 14
12.550747 55.6982 15
12.550987 55.69837 16
12.550569 55.69826 17
12.55075 55.69845 18
12.550435 55.698307 19
12.549999 55.698444 21
12.549798 55.69851 23
12.549618 55.698566 25
12.549425 55.698627 29
12.549223 55.698692 31
12.548108 55.699352 34
12.547945 55.69941 36
12.547729 55.699486 38
12.548652 55.698864 39
12.547536 55.699562 40
12.547391 55.69961 42
12.547899 55.699146 43
12.547243 55.699657 44
12.54782 55.699173 45
12.547674 55.699245 47
12.547028 55.699745 50
12.546504 55.69993 52
12.546824 55.699562 53
12.546179 55.700035 54
12.546227 55.699764 55
12.545544 55.70025 56
12.545196 55.70036 58
12.544741 55.70048 60
12.545405 55.700035 61
12.544533 55.700527 62
12.545253 55.70009 63
12.544348 55.70057 64
12.545102 55.700138 65
12.544126 55.70062 66
12.544918 55.70019 67
12.543361 55.700493 69
12.542595 55.70059 71A
12.542562 55.70048 71B
12.542553 55.70046 71C
12.54253 55.7004 71D
12.542525 55.70038 71E
12.542494 55.70031 71F
12.542488 55.700294 71G
12.542466 55.700245 71H
12.54246 55.700226 71K
12.542439 55.700165 71L
12.542428 55.700146 71M
12.542395 55.70009 71N
12.542392 55.700066 71P
12.542285 55.700523 73A
12.542255 55.700478 73B
12.542219 55.70043 73C
12.542212 55.70041 73D
12.542189 55.700348 73E
12.542184 55.700333 73F
12.542158 55.70027 73G
12.542152 55.700253 73H
12.542129 55.7002 73K
12.542123 55.700176 73L
12.542099 55.700127 73M
12.542093 55.700108 73N
12.543447 55.70088 96
12.541764 55.700947 100
12.541681 55.70074 101
12.541577 55.700977 102
12.541434 55.700768 103
12.541409 55.700996 104
12.540872 55.700832 105
12.541238 55.70102 106
12.540655 55.700855 107
12.541063 55.701042 108
12.540467 55.700882 109
12.540863 55.70107 110
12.540241 55.700912 111
12.54069 55.701088 112
12.539957 55.70095 113
12.540519 55.70111 114
12.540297 55.70114 116
12.539186 55.701015 117
12.54007 55.701168 118
12.538741 55.701042 119
12.539072 55.701244 120
12.538907 55.701256 122A
12.538777 55.701336 122B
12.538552 55.70128 124
12.53834 55.701294 126A
12.538636 55.701344 126B
12.548227 55.699036 41
12.547026 55.69948 49
12.542193 55.70065 77
12.545422 55.700012 61A
12.545355 55.70003 61B
12.545284 55.700054 61C
12.539446 55.70123 120A
12.549549 55.698395 23A
12.50738 55.694485 4
