12.555473 55.690376 2
12.555376 55.69058 3
12.555587 55.690483 4
12.555548 55.690678 5
12.555771 55.690605 6
12.55569 55.690792 7
12.555932 55.690678 8A
12.556064 55.69077 8B
12.555874 55.69088 9
12.556197 55.690857 10
12.555993 55.69096 11A
12.556078 55.691013 11B
12.556739 55.69125 12
12.556136 55.69108 13
12.556249 55.69116 13A
12.557796 55.69193 14
12.556374 55.691235 15
12.557927 55.692017 16
12.55649 55.69132 17
12.55802 55.69207 18
12.556595 55.691395 19
12.558155 55.692158 20
12.556685 55.69145 21
12.556779 55.691517 21A
12.558514 55.692387 22
12.556886 55.69158 23
12.556973 55.69164 23A
12.55864 55.69246 24
12.557073 55.6917 25A
12.557205 55.69178 25B
12.557934 55.69225 25D
12.558739 55.69251 26
12.560039 55.69331 34
12.560433 55.693565 36
12.560655 55.693703 38
12.5608 55.693798 40
12.557742 55.69214 25C
12.55911 55.693108 33
12.559609 55.693493 35
12.556153 55.69084 8C
12.557131 55.691742 25
