12.549686 55.69948 2
12.549267 55.69945 3
12.549556 55.69955 4
12.549079 55.699562 5A
12.548926 55.699654 5B
12.54919 55.699856 6
12.548759 55.699757 7A
12.548607 55.69984 7B
12.548178 55.700085 9
12.547967 55.70018 11
12.548913 55.699974 12
12.547436 55.70039 13
12.548476 55.700226 14
12.547239 55.700462 15
12.548261 55.700317 16
12.547068 55.700512 17
12.547768 55.700527 18
12.547551 55.700603 20
12.546482 55.700726 21
12.546244 55.700806 23
12.546757 55.700893 24
12.545418 55.70101 25
12.545188 55.70113 27
12.546791 55.701378 28
12.545057 55.701176 29
12.546205 55.701515 28A
12.561681 55.681034 1
