12.535892 55.69753 210
12.535918 55.698093 212
12.536006 55.698284 214
12.536032 55.698444 216
12.536556 55.6985 218
12.53634 55.69855 220
12.536405 55.698677 222
12.536415 55.698986 224
12.536554 55.699123 226
12.536804 55.69897 228
12.536481 55.69926 230
12.536549 55.69925 230A
12.536566 55.69939 232
12.536824 55.699745 234
12.535224 55.69759 235
12.536879 55.699844 236
12.535479 55.697964 237
12.536865 55.69995 238
12.537157 55.69992 238A
12.53555 55.698105 239
12.53692 55.700058 240
12.537204 55.70001 240A
12.535626 55.698246 241
12.537221 55.70021 242
12.535712 55.69866 243
12.53711 55.700397 246
12.535861 55.698753 247
12.537175 55.700527 248
12.535913 55.698853 249
12.537295 55.700657 250
12.535738 55.698944 251
12.537368 55.700783 252
12.535469 55.69899 253
12.53557 55.699146 255
12.535829 55.699104 257
12.536043 55.699093 259
12.536108 55.699207 261
12.536196 55.699364 263
12.536403 55.699734 267
12.536575 55.699955 269
12.536675 55.70015 271
12.536338 55.700207 271A
12.536746 55.70026 273
12.536816 55.70043 275
12.536827 55.70075 277
12.578054 55.699726 2
