12.560712 55.691135 1
12.561963 55.692394 2A
12.561418 55.692444 2B
12.56163 55.692474 2C
12.561454 55.692936 6
12.560564 55.691532 7
12.56179 55.693195 8
12.560773 55.691776 9
12.560796 55.692024 11
12.560796 55.692127 11A
12.560814 55.692265 11B
12.560823 55.69237 13
12.560735 55.692413 13A
12.560566 55.69242 13B
12.560396 55.692425 13C
12.560291 55.692375 13D
12.560043 55.692398 13E
12.559948 55.69244 13F
12.55984 55.692444 13G
12.559742 55.692444 13H
12.560844 55.692574 15A
12.56069 55.692547 15B
12.560524 55.69255 15C
12.560357 55.69256 15D
12.560863 55.692734 17A
12.560881 55.6929 17B
12.560891 55.693054 19A
12.560325 55.693016 19B
12.560179 55.692924 19C
12.560118 55.692883 19D
12.560046 55.69261 19G
12.561647 55.694786 20
12.560917 55.693146 21
12.560946 55.69346 23
12.560974 55.69364 25
12.560997 55.693867 27
12.561044 55.694775 41
12.561105 55.695633 45
12.561239 55.697235 49
12.56136 55.698036 51
12.561353 55.698414 53
12.560455 55.699345 55
12.561263 55.69137 2
12.561259 55.69254 2D
12.560726 55.6913 3
12.559908 55.692753 19E
12.560206 55.692608 19F
12.559961 55.69259 19H
12.55952 55.692513 19K
12.559667 55.692596 19L
12.55973 55.692642 19M
12.559163 55.69269 19N
12.559316 55.692795 19P
12.559388 55.69284 19R
12.55956 55.69294 19S
12.559743 55.69306 19T
12.559816 55.69311 19U
12.559953 55.693195 19V
12.561243 55.69754 49B
12.562376 55.693256 14
12.563704 55.680214 1
