12.562081 55.687206 1
12.561848 55.687294 3A
12.561815 55.687263 3B
12.561597 55.687397 5
12.561171 55.687084 5C
12.56127 55.687523 7
12.561018 55.687294 7A
12.56233 55.68746 8
12.560963 55.68764 9A
12.560718 55.687733 9B
12.560598 55.687775 9C
12.560891 55.68752 9D
12.56048 55.68768 9E
12.560834 55.687634 9F
12.560371 55.687607 9G
12.562073 55.687553 10
12.562317 55.6877 10A
12.56045 55.687824 11
12.56187 55.687622 12
12.562006 55.68768 12A
12.560261 55.68791 13
12.561676 55.687687 14
12.561883 55.687878 14A
12.561992 55.687992 14B
12.561401 55.68779 16
12.560868 55.68797 18A
12.560634 55.688046 18B
12.560614 55.688114 18C
12.560277 55.688175 20
12.560092 55.68824 22
12.559904 55.688297 24
12.55977 55.688084 25
12.559334 55.688534 26
12.559352 55.688244 27
12.55902 55.68794 27A
12.559084 55.688072 27B
12.559379 55.688072 27C
12.559132 55.688606 28
12.559109 55.68834 29
12.558961 55.68868 30
12.558984 55.688393 31
12.558891 55.68843 33
12.558466 55.688866 34
12.55874 55.68908 34A
12.558792 55.688465 35
12.558248 55.688942 36
12.558409 55.689053 36A
12.558613 55.68923 36B
12.558662 55.688515 37
12.558055 55.68902 38
12.558494 55.688576 39
12.557817 55.68911 40
12.558271 55.688663 41
12.557359 55.68928 42
12.557751 55.688858 43
12.557047 55.6894 44
12.557233 55.6896 44A
12.557353 55.689552 44B
12.55742 55.688972 45
12.557439 55.688923 45A
12.557243 55.68892 45B
12.55717 55.688644 45C
12.556938 55.688454 45D
12.556978 55.689144 47
12.556615 55.689564 48
12.556831 55.689198 49A
12.556681 55.68923 49B
12.556665 55.689213 49C
12.556466 55.689064 49D
12.556357 55.6891 49E
12.55645 55.689625 50
12.556732 55.689796 50A
12.557023 55.689953 50B
12.55632 55.689384 51
12.55624 55.689705 52
12.55657 55.68987 52A
12.557042 55.690056 52B
12.557122 55.690163 52C
12.556057 55.68949 53A
12.555916 55.689545 53B
12.556053 55.689774 54A
12.556043 55.68984 54B
12.556307 55.689945 54C
12.556592 55.690006 54D
12.555529 55.68972 55
12.555353 55.68984 55A
12.555843 55.689884 56
12.55522 55.689938 57
12.55567 55.689995 58
12.555494 55.69012 58A
12.55609 55.690212 58B
12.555912 55.690334 58C
12.555092 55.69002 59
12.555317 55.690235 60
12.555033 55.69042 62
12.554868 55.69053 62A
12.554602 55.690327 63
12.554557 55.690735 64
12.554331 55.690887 66
12.55429 55.690968 66A
12.554547 55.69109 66B
12.554744 55.69118 66C
12.554761 55.691196 66D
12.55452 55.69159 66E
12.54897 55.693493 67
12.554083 55.6911 68
12.554331 55.691223 68A
12.55453 55.691322 68B
12.553851 55.691208 70
12.553659 55.691334 72
12.553745 55.69133 72A
12.553644 55.691395 72B
12.553505 55.691437 74
12.553717 55.691574 74A
12.553353 55.69154 76
12.553042 55.69174 78
12.552909 55.69183 80
12.55274 55.691914 82
12.552446 55.69211 84
12.552386 55.69218 86
12.552208 55.6923 88
12.552566 55.692448 88A
12.552441 55.69233 88B
12.552255 55.692265 88C
12.552302 55.69223 88D
12.552107 55.69237 90
12.551908 55.6925 92
12.551986 55.69245 92A
12.551816 55.69256 92B
12.551683 55.69264 94
12.551373 55.69285 98
12.551228 55.69295 100
12.551078 55.69305 102
12.550915 55.693157 104
12.551207 55.693275 104A
12.550765 55.693264 106
12.550543 55.69341 108
12.550893 55.693478 108A
12.550661 55.693455 108B
12.550447 55.693474 110
12.550666 55.693565 110A
12.550229 55.69362 112
12.5501 55.693707 114
12.549928 55.693817 116
12.549594 55.694046 118
12.549417 55.694164 120
12.549432 55.694347 122
12.549361 55.6945 124
12.548836 55.694695 140
12.548523 55.694706 142
12.548344 55.694828 148
12.548178 55.69494 150
12.548309 55.694157 151A
12.548243 55.694267 151B
12.54803 55.695026 152
12.548234 55.69437 153
12.547708 55.695248 154
12.548217 55.69456 155
12.547509 55.695377 156
12.548032 55.69465 157
12.547312 55.695507 158
12.547805 55.694805 159
12.546956 55.69575 160
12.547692 55.69492 161
12.546801 55.695843 162
12.54742 55.695095 163
12.546645 55.69594 164
12.546638 55.69602 164A
12.546761 55.69594 164B
12.546455 55.696056 166
12.546456 55.69616 166A
12.546586 55.696068 166B
12.546287 55.6962 168
12.546598 55.696434 168A
12.546939 55.69542 169
12.545998 55.696377 170
12.546781 55.695534 171
12.545786 55.69657 174
12.546424 55.695766 175
12.545539 55.69674 176
12.54622 55.695896 177
12.545142 55.69695 180A
12.545013 55.697037 180B
12.544815 55.697163 182
12.545045 55.697216 182A
12.545156 55.697273 182B
12.545833 55.69615 183
12.544673 55.697254 184
12.545595 55.696312 185
12.544507 55.69737 186
12.545394 55.69644 187
12.545214 55.696564 189
12.544094 55.69764 190
12.544752 55.69671 191
12.543928 55.697754 192
12.544468 55.697056 193
12.543711 55.6979 194
12.544227 55.69722 195
12.543908 55.697433 197
12.543267 55.69819 198
12.5431 55.6983 200
12.543058 55.69842 200A
12.543209 55.69862 200B
12.543369 55.698563 200C
12.543458 55.697735 201
12.543311 55.697834 201A
12.542718 55.69856 202
12.543121 55.697964 203
12.542946 55.69808 205
12.542408 55.69877 206
12.542248 55.69889 208
12.542384 55.698326 209A
12.542236 55.69842 209B
12.542099 55.698505 209C
12.54196 55.69859 209D
12.54212 55.69899 210
12.541175 55.699238 213
12.540842 55.69933 215
12.541489 55.699364 216
12.540661 55.699223 217
12.541241 55.699535 218
12.540537 55.699142 219
12.54079 55.699837 220
12.540893 55.699425 221
12.540603 55.69996 222
12.540732 55.699528 223
12.540203 55.700138 224
12.5406 55.699615 225
12.540023 55.7003 226
12.540473 55.6997 227
12.539769 55.7004 228
12.54035 55.699776 229
12.539545 55.70049 230
12.540064 55.699875 231
12.539026 55.700703 232
12.539786 55.700035 233
12.539636 55.699986 235
12.539537 55.699905 237
12.539274 55.700047 239
12.539403 55.700138 241
12.53939 55.700207 243
12.539191 55.70029 245
12.538777 55.700455 247
12.538563 55.700542 249
12.538401 55.700577 251
12.560826 55.687447 9H
12.560823 55.68823 18D
12.560623 55.68832 18E
12.560477 55.688107 18F
12.560397 55.688133 18G
12.558804 55.68874 32A
12.554858 55.690174 59B
12.554827 55.690193 61
12.554796 55.690212 61A
12.554754 55.69024 61B
12.550639 55.69335 106D
12.547305 55.694225 155B
12.548867 55.69397 145
12.541659 55.69926 212
12.558856 55.68879 32B
12.558993 55.688984 32C
12.558671 55.688793 32D
12.557313 55.690193 52D
12.556341 55.690044 56A
12.556267 55.690166 56B
12.556366 55.69015 56C
12.556485 55.690113 56D
12.541599 55.6993 214A
12.541538 55.699337 214B
12.541458 55.69939 216A
12.556784 55.689495 46
12.556821 55.68992 52E
12.562336 55.687695 10B
12.562269 55.687717 10C
12.560801 55.687984 18
12.546895 55.69545 169B
12.551143 55.693462 106A
12.558546 55.688408 37B
12.542463 55.69829 209
12.541385 55.698933 211
12.548262 55.694225 151
12.54518 55.696926 180
12.558718 55.688763 32
12.556005 55.689796 54
12.556752 55.68922 49
12.560878 55.687675 9
12.540515 55.699677 227A
12.55713 55.68883 45E
12.543871 55.697456 199
12.541022 55.69822 211A
12.537732 55.70078 253
12.546916 55.69544 169A
12.5566 55.689297 49
