12.552978 55.692738 9
12.553469 55.692654 10
12.552756 55.692898 11
12.553305 55.69302 12
12.552445 55.69339 14
12.552345 55.69346 16
12.552235 55.693535 18
12.552245 55.693226 19
12.552119 55.69361 20
12.55214 55.6933 21
12.552021 55.69368 22
12.552037 55.693367 23
12.55222 55.693733 24A
12.552329 55.693787 24B
12.552442 55.693848 24C
12.551942 55.69343 25
12.551786 55.694027 26A
12.55193 55.69409 26B
12.552019 55.694134 26C
12.551846 55.6935 27
12.551646 55.693924 28
12.551738 55.69357 29
12.551537 55.694 30
12.551635 55.693645 31
12.551422 55.694077 32
12.551531 55.69371 33
12.551258 55.694187 34
12.551392 55.693806 35
12.551158 55.69426 36
12.551267 55.69389 37
12.55086 55.69446 38
12.551156 55.69396 39
12.550551 55.69471 40
12.550669 55.69478 40A
12.550807 55.69484 40B
12.551068 55.69402 41
12.550335 55.694813 42
12.550961 55.69409 43
12.550219 55.694904 44
12.550852 55.69416 45
12.550071 55.69499 46
12.550748 55.694233 47
12.550461 55.694427 49
12.550334 55.694515 51
12.550233 55.69458 53
12.550145 55.694637 55
12.550048 55.694695 57
12.54972 55.694736 59
12.552093 55.69389 24D
12.552031 55.693928 24E
12.550811 55.69419 45A
12.550767 55.69422 45B
12.550698 55.69427 47A
12.552963 55.69305 12B
12.610406 55.65396 1
