12.548022 55.697617 2A
12.548206 55.69778 2B
12.548208 55.697556 2C
12.548206 55.697937 6
12.548403 55.698055 8
12.548488 55.69813 10
12.548561 55.698193 12
12.548812 55.699127 13
12.548651 55.69827 14
12.548942 55.69908 15
12.549103 55.699047 17
12.549091 55.699112 19
12.549253 55.69921 21
12.549998 55.699203 22
12.549475 55.69928 23
12.549855 55.69949 25
12.550016 55.69956 27
12.550861 55.699245 28
12.550345 55.699757 29
12.550539 55.699608 30
12.551001 55.699326 30A
12.550424 55.6998 31
12.55072 55.6997 32
12.550198 55.69995 33
12.550943 55.69983 34
12.550635 55.69986 35
12.551091 55.699905 36
12.550544 55.70009 37
12.551375 55.700024 38
12.550715 55.700184 39
12.551507 55.700085 40A
12.551727 55.700035 40B
12.552481 55.6997 40C
12.552085 55.69949 40D
12.550879 55.70028 41
12.5518 55.700237 42A
12.55195 55.700287 42B
12.551326 55.70028 43
12.552077 55.70035 44
12.551686 55.700443 45
12.55146 55.70056 45A
12.552613 55.700584 46A
12.552756 55.700657 46B
12.55183 55.70051 47
12.552883 55.70072 48A
12.553001 55.70079 48B
12.552479 55.700806 49
12.553147 55.700867 50A
12.552635 55.700893 51
12.553674 55.701126 52
12.552791 55.700977 53
12.553964 55.701283 54
12.553191 55.701332 55
12.554164 55.701385 56
12.554417 55.701515 58
12.554384 55.701824 59
12.554624 55.701626 60
12.554852 55.70174 62
12.55498 55.70177 64
12.55546 55.70207 68
12.555698 55.70219 70
12.555805 55.702248 72
12.556079 55.70233 74
12.556386 55.702366 78
12.55688 55.702793 82
12.557024 55.702877 84
12.55716 55.702957 86
12.557313 55.703033 88
12.552588 55.70113 49B
12.54754 55.698376 11
12.555287 55.702297 61
12.552179 55.70135 53A
12.55048 55.69927 24
12.548857 55.69807 10A
12.548678 55.69796 10B
12.55208 55.701347 53G
12.552143 55.70125 53F
12.552233 55.701317 53B
12.552109 55.701256 53E
12.552145 55.70133 53D
12.551936 55.701424 53H
12.5522 55.701305 53C
12.550923 55.699814 34H
12.551297 55.69962 34E
12.551274 55.699654 34F
12.551376 55.699482 34B
12.551461 55.699528 34D
12.550993 55.69978 34G
12.551408 55.699463 34C
12.5512 55.69956 34A
12.601537 55.653828 1
