12.539511 55.694187 3
12.539511 55.69434 5
12.539516 55.69447 7
12.539517 55.694782 9
12.539515 55.694885 11
12.539514 55.694992 13
12.539277 55.695087 15
12.539272 55.69525 17
12.539276 55.695396 19
12.539281 55.695515 21
12.539263 55.6957 21B
12.539511 55.6956 23
12.539515 55.69572 25
12.539517 55.69583 27
12.539571 55.69671 35
12.53993 55.696136 38
12.539938 55.69623 40
12.539945 55.69633 42
12.539948 55.696434 44
12.539946 55.69653 46
12.539953 55.696625 48
12.539959 55.69671 50
12.539956 55.696808 52
12.53996 55.696888 54
12.539965 55.696968 56
12.504152 55.69707 1
