12.551603 55.6929 1B
12.551722 55.692955 1C
12.551671 55.692707 2A
12.551753 55.69275 2B
12.55193 55.692837 4
12.552186 55.69296 6
12.552198 55.693172 7
12.552517 55.69301 8
12.552588 55.693485 9
12.553143 55.693184 10
12.552675 55.693573 11
12.553423 55.693478 12A
12.553422 55.69363 12B
12.552756 55.69366 13
12.554104 55.693546 14
12.55335 55.694057 15
12.554256 55.693623 16
12.55425 55.694836 17
12.554239 55.693684 18
12.554414 55.6949 19
12.5541 55.69377 20
12.554579 55.694965 21
12.553976 55.69409 22
12.55477 55.69504 23
12.555294 55.695263 25
12.55551 55.695343 27
12.55567 55.695404 29
12.555825 55.69547 31
12.556542 55.695625 33
12.556666 55.69567 35
12.55681 55.695732 37
12.556884 55.695362 38
12.556763 55.695847 39
12.557425 55.695568 40
12.556669 55.695942 41
12.557986 55.69578 42
12.556566 55.69604 43
12.557082 55.69628 45
12.557198 55.69618 47
12.55729 55.69608 49
12.557465 55.695988 51
12.557607 55.696037 53
12.557758 55.696095 55
12.5589 55.69651 59A
12.558658 55.696636 59B
12.55861 55.696774 59C
12.558737 55.696815 61A
12.558866 55.696854 61B
12.559039 55.69691 61C
12.559225 55.696854 63
12.559378 55.696808 65
12.55951 55.696766 67
12.559679 55.696712 69
12.557123 55.694786 36
12.554473 55.694664 19A
12.554682 55.694748 19B
12.554885 55.69484 19C
12.551973 55.69305 5
12.557192 55.695812 37A
12.528414 55.647087 1
