12.544454 55.69631 2
12.544911 55.696335 3
12.544208 55.696285 4
12.544845 55.696266 5
12.544305 55.696224 6
12.544786 55.696205 7
12.544318 55.696125 8
12.544735 55.69597 9
12.544256 55.696053 10
12.544168 55.69596 12
12.543892 55.69576 14
12.544117 55.69554 15
12.543792 55.69566 16
12.543973 55.6954 17
12.543691 55.695564 18
12.5436 55.69547 20
12.543511 55.69537 22
12.543639 55.69507 31
12.543499 55.69492 33
12.543161 55.694584 35
12.541235 55.693123 36
12.543002 55.694427 37
12.541128 55.693012 38
12.541011 55.6929 40
12.542487 55.69397 41
12.540899 55.692795 42
12.542286 55.693707 43
12.540791 55.692688 44
12.541451 55.692783 45
12.540686 55.69258 46
12.541365 55.692696 47
12.540416 55.692307 48
12.541277 55.69261 49
12.540338 55.69222 50
12.541191 55.692528 51A
12.541109 55.69244 51B
12.540242 55.692123 52
12.540798 55.6922 53
12.540144 55.692024 54
12.540691 55.692097 55
12.540044 55.69193 56
12.540597 55.69199 57
12.539944 55.691826 58
12.54047 55.691868 59
12.539824 55.691708 60
12.540344 55.69174 61
12.539654 55.691536 62
12.540218 55.691612 63
12.540117 55.69151 65
12.539996 55.691387 67
12.539846 55.691242 69
12.539723 55.691116 71
12.539603 55.69099 73
12.54285 55.694828 24
12.54213 55.694134 30
12.542013 55.693237 43A
12.541568 55.692955 43B
12.503716 55.661507 1
