12.556561 55.688732 8
12.556474 55.68865 10
12.556336 55.688526 12
12.556192 55.6884 14
12.55638 55.68756 15
12.55604 55.68825 16
12.556335 55.687397 17
12.555656 55.68821 18
12.556528 55.687332 19
12.555768 55.687996 20
12.555997 55.687206 21
12.555635 55.68787 22
12.555849 55.68707 23
12.555705 55.68693 25
12.555541 55.686783 27
12.555413 55.686665 29
12.556176 55.686783 31
12.5556 55.68691 33
12.555313 55.68665 35
12.554228 55.6873 50
12.554557 55.686954 52A
12.554688 55.687084 52B
12.554494 55.686806 54
12.557037 55.68911 2
12.554908 55.68723 48
12.554418 55.68675 56
12.555466 55.687702 40
12.555543 55.686977 33A
12.596017 55.64151 15
