12.552987 55.69401 2
12.552681 55.693867 3
12.55288 55.69408 4
12.552552 55.693954 5
12.552765 55.694157 6
12.552439 55.69404 7
12.552666 55.694244 8
12.55233 55.694126 9
12.552559 55.694332 10
12.552234 55.694214 11
12.552472 55.69442 12
12.552142 55.694298 13
12.552371 55.69452 14
12.552037 55.6944 15
12.552268 55.69464 16
12.551793 55.694695 17
12.551964 55.695118 18
12.55191 55.69523 20
12.551847 55.695366 22
12.551417 55.69577 31
12.551509 55.695854 33
12.5521 55.69594 34
12.551605 55.695942 35
12.552272 55.69631 36
12.5517 55.69603 37
12.552254 55.696533 38
12.551802 55.696117 39
12.551879 55.696236 41
12.551861 55.69636 43
12.551765 55.696434 45
12.53909 55.68136 3
