12.551101 55.687042 3
12.550605 55.68682 7
12.550366 55.68689 9A
12.550224 55.68694 9B
12.549778 55.687126 13
12.54983 55.687042 13A
12.549549 55.68717 15
12.54968 55.686974 15A
12.549816 55.6869 15B
12.549054 55.6874 17
12.549232 55.6876 18
12.548877 55.687466 19
12.549156 55.687744 20
12.548709 55.687527 21
12.548817 55.687866 22
12.548537 55.68759 23
12.548595 55.687836 24
12.548341 55.687664 25
12.548428 55.6879 26
12.5482 55.687717 27
12.548252 55.68796 28
12.548033 55.68778 29
12.54808 55.688026 30
12.54786 55.68784 31
12.547912 55.688087 32
12.54769 55.6879 33
12.547516 55.68796 35
12.546867 55.688206 37
12.547053 55.68841 38
12.546691 55.688267 39
12.54692 55.688454 40
12.546524 55.688328 41
12.546754 55.688522 42
12.546362 55.688393 43
12.546578 55.68858 44
12.546194 55.688457 45
12.54641 55.68864 46
12.546018 55.68852 47
12.546243 55.688705 48
12.545853 55.68858 49
12.544991 55.689186 50
12.545684 55.68865 51
12.545519 55.6887 53
12.545355 55.688766 55
12.550479 55.686855 9
12.632078 55.595257 1
