12.559801 55.69718 14
12.558559 55.697147 15
12.559585 55.6975 16
12.557314 55.697567 17
12.558198 55.697735 18
12.557236 55.69767 19
12.556943 55.69778 21
12.556568 55.698402 22
12.556678 55.697887 23
12.556509 55.697956 25
12.556338 55.69802 27
12.556151 55.698093 29
12.554278 55.69952 30
12.555936 55.698128 31
12.554412 55.699642 32
12.555233 55.69848 33
12.554547 55.69976 34
12.554669 55.698727 35
12.554675 55.69988 36
12.55436 55.698856 37
12.554786 55.69998 38
12.553731 55.699272 39
12.553691 55.6999 40
12.553498 55.69945 41
12.553123 55.699734 43
12.55278 55.69995 47
12.552568 55.700146 51
12.553981 55.70044 52
12.55245 55.700237 53
12.552889 55.700317 54
12.552321 55.70033 55
12.552736 55.70043 56
12.551918 55.700626 57
12.552295 55.700768 58
12.551778 55.700737 59
12.552106 55.70089 60
12.551595 55.700882 61
12.551964 55.701008 62
12.551457 55.70099 63
12.551831 55.70111 64
12.55135 55.70106 65A
12.551219 55.70066 65B
12.55111 55.700603 65C
12.551037 55.700554 65D
12.551712 55.7012 66
12.55111 55.701225 67
12.5516 55.70129 68
12.558424 55.69766 18A
12.557994 55.69782 18B
12.555119 55.698517 33A
12.553866 55.700424 52B
12.557586 55.698044 20
12.560255 55.697807 16A
12.551036 55.701286 67
12.634815 55.636963 1
