12.560865 55.68631 3
12.560558 55.68635 4
12.560722 55.68618 5
12.560398 55.68622 6
12.560549 55.68605 7
12.560254 55.68609 8
12.560369 55.685883 9
12.560144 55.686005 10
12.560248 55.685776 11
12.55996 55.68596 12
12.560102 55.68565 13
12.559915 55.68549 15A
12.559793 55.685387 15B
12.55967 55.6856 16
12.559671 55.685276 17
12.559596 55.685524 18
12.559429 55.68558 18A
12.559304 55.68564 18B
12.559446 55.68539 20A
12.559362 55.68532 20B
12.559527 55.685062 21
12.559222 55.685204 22
12.559375 55.685 23
12.559054 55.685062 24
12.55923 55.684883 25
12.558941 55.68496 26
12.551841 55.6725 1
