12.544272 55.686832 92
12.544003 55.686913 94
12.543764 55.68698 96
12.543523 55.687054 98
12.543052 55.687206 100
12.542841 55.687286 102
12.542632 55.687366 104
12.54223 55.687557 106
12.54204 55.687656 108
12.541804 55.687763 110
12.541327 55.68812 112
12.541152 55.688293 114
12.540869 55.688778 116
12.540695 55.68888 118
12.540503 55.688995 120
12.540308 55.68912 122
12.540125 55.68923 124
12.539855 55.6894 126
12.539656 55.689526 128
12.539471 55.68964 130
12.53927 55.68976 132
12.539105 55.689865 134
12.53884 55.690205 136
12.538694 55.690296 138
12.53857 55.690376 140
12.538446 55.690456 142
12.538306 55.690536 144
12.537336 55.691254 152
12.537184 55.691715 154
12.538799 55.690075 136B
12.53847 55.69028 138B
12.604616 55.66449 1
