12.583128 55.681396 31
12.582424 55.680786 10
12.58246 55.680923 12
12.582571 55.680824 12A
12.582551 55.68095 14
12.582625 55.68098 16
12.582716 55.681004 18
12.583158 55.68118 26
12.583036 55.681293 27
12.582998 55.68132 27A
12.583218 55.681213 28
12.583098 55.68136 29
12.582483 55.681114 3
12.583268 55.681267 30
12.583315 55.68132 32
12.583174 55.681473 33
12.583265 55.681522 35
12.583502 55.68154 36
12.583685 55.681473 36A
12.583298 55.681564 37
12.583552 55.68163 38A
12.583579 55.681656 38B
12.583604 55.681683 38C
12.583336 55.681606 39
12.582055 55.680782 4
12.583341 55.68166 41
12.583005 55.68171 41A
12.58303 55.681774 41B
12.583127 55.681797 41C
12.583391 55.68172 43
12.582192 55.680824 6
12.583567 55.68165 38
12.582009 55.68097 1B
12.540047 55.6793 1
