12.555626 55.668243 18
12.555501 55.668182 20
12.555365 55.668118 22
12.555245 55.66806 24
12.555094 55.668003 26
12.554958 55.66794 28
12.554852 55.66792 30
12.554387 55.667664 32
12.554158 55.667564 34
12.555711 55.667767 35
12.554011 55.66749 36
12.555446 55.667637 37
12.553805 55.667393 38
12.554962 55.66741 39
12.553652 55.667316 40
12.554746 55.66731 41
12.553439 55.667244 42
12.554284 55.66709 43
12.554062 55.66699 45
12.552964 55.666992 46
12.553553 55.66674 47
12.552696 55.666878 48
12.553344 55.66664 49
12.552447 55.66676 50
12.55315 55.66655 51
12.552149 55.666615 52
12.553018 55.666477 53
12.551954 55.6666 54
12.552504 55.66625 55
12.552424 55.66619 57
12.551351 55.666332 58
12.551937 55.666016 59
12.551245 55.666245 60
12.551767 55.665943 61
12.551005 55.666153 62
12.551568 55.66587 63
12.550796 55.66606 64
12.551388 55.66579 65
12.550647 55.66601 66
12.550888 55.665604 67
12.550444 55.665936 68
12.550709 55.665543 69
12.549815 55.665726 70
12.55053 55.665478 71
12.549642 55.665657 72
12.550313 55.66539 73
12.549149 55.665493 74
12.548915 55.665417 76
12.549806 55.665222 77
12.548415 55.66526 78
12.549579 55.665146 79
12.5482 55.665287 80
12.549322 55.665062 81
12.549105 55.664997 83
12.547534 55.665016 84
12.548557 55.66482 85
12.547289 55.664948 86
12.548264 55.664753 87
12.547029 55.66488 88
12.547674 55.664585 89
12.546797 55.66482 90
12.547511 55.664543 91
12.546273 55.664692 92
12.54734 55.6645 93
12.546062 55.664646 94
12.547146 55.66445 95
12.545841 55.664597 96
12.546978 55.664413 97
12.545312 55.664494 98
12.546371 55.664272 99
12.545044 55.664436 100
12.546188 55.664234 101
12.54447 55.66433 102
12.546006 55.664196 103
12.544199 55.664284 104
12.545383 55.66407 105
12.543595 55.664177 106
12.545131 55.66402 107
12.543059 55.664093 108
12.544956 55.663994 109
12.542717 55.66404 110
12.544784 55.66396 111
12.541702 55.663914 112
12.544497 55.663906 113
12.541346 55.663902 114
12.543859 55.6638 119
12.540284 55.66383 120
12.543599 55.663765 121
12.539658 55.663807 122
12.54338 55.663727 123
12.539407 55.663815 124
12.543178 55.663692 125
12.539164 55.663822 126
12.542936 55.66366 127
12.53899 55.663822 128
12.54267 55.663624 129
12.538772 55.66383 130
12.542393 55.663586 131
12.538592 55.663834 132
12.541316 55.663464 133
12.538365 55.663845 134
12.538134 55.663845 136
12.539981 55.663414 135
12.539488 55.66336 137
12.539217 55.663414 139
12.555929 55.668186 33
12.538488 55.663666 143
12.53835 55.663673 145
12.538192 55.66368 147
12.551585 55.66641 58B
12.551488 55.66614 60B
12.584614 55.696888 1
