12.574612 55.678513 2
12.574737 55.678394 4
12.575166 55.678265 5
12.574804 55.678352 6
12.575246 55.678196 7
12.574907 55.67826 8
12.575404 55.678078 9
12.575456 55.678097 9A
12.575052 55.678146 10A
12.574928 55.678085 10B
12.575613 55.677948 11
12.57516 55.678062 12
12.575837 55.677822 13
12.575979 55.67775 15
12.575439 55.677856 16
12.576089 55.67769 17
12.575892 55.67763 20
12.57556 55.677803 18A
12.575581 55.67775 18B
12.575353 55.677647 18C
12.575426 55.67757 18D
12.575672 55.677708 18E
12.575762 55.677704 18F
12.574808 55.67833 6A
12.575098 55.67834 3
12.574714 55.67824 8A
12.575013 55.678177 10
12.575825 55.67767 20A
12.672031 55.593983 2A
