12.5878 55.681133 4
12.587977 55.681335 6
12.588034 55.681423 8
12.588134 55.681522 10
12.588209 55.6816 12
12.588239 55.68165 14
12.588277 55.681694 16
12.587864 55.68165 17
12.588304 55.68174 18
12.587923 55.681744 19
12.587844 55.681755 19A
12.587577 55.681892 19B
12.587678 55.68227 19E
12.587306 55.68217 19D
12.587488 55.68199 19C
12.588373 55.681828 20
12.588422 55.681816 20A
12.588015 55.68184 21
12.588488 55.681953 22
12.588613 55.681873 22A
12.588087 55.68192 23
12.588027 55.681965 23A
12.588593 55.68206 24
12.588245 55.682114 25
12.588181 55.682144 25A
12.587934 55.682285 25B
12.587572 55.68237 25E
12.58704 55.682533 25F
12.58903 55.682602 26
12.588346 55.682224 27
12.589865 55.68288 28
12.588398 55.682297 29
12.589654 55.683346 30
12.590397 55.683105 30A
12.589776 55.683495 32
12.58987 55.683464 32A
12.590213 55.683376 32B
12.590689 55.683243 32C
12.588601 55.682552 33
12.588229 55.68263 33A
12.587468 55.682693 33B
12.589898 55.683636 34
12.589969 55.683586 34A
12.590231 55.683586 34B
12.590322 55.683456 34C
12.590583 55.683376 34D
12.590774 55.68344 34E
12.590846 55.683327 34F
12.59049 55.68347 34G
12.588684 55.68265 35
12.588667 55.68276 35A
12.58827 55.682884 35B
12.588115 55.682877 35C
12.590016 55.683784 36
12.590187 55.68371 36A
12.590289 55.68368 36B
12.590795 55.683643 36C
12.59072 55.68355 36D
12.591069 55.6835 36E
12.588876 55.682896 37
12.590126 55.683918 38
12.590531 55.683773 38A
12.590218 55.683994 40
12.589061 55.683727 41A
12.59031 55.684155 42
12.589591 55.68377 43
12.589796 55.683994 45A
12.589943 55.684174 45B
12.589316 55.684223 45C
12.590085 55.68435 47
12.590241 55.684532 49
12.590693 55.685062 51
12.590845 55.685238 53
12.591108 55.685085 54
12.591303 55.685337 56
12.591398 55.685436 58
12.591635 55.6854 58A
12.591266 55.685825 59
12.591617 55.68572 60
12.591824 55.685963 62
12.591689 55.686275 63
12.591149 55.686428 63A
12.592053 55.686184 64
12.59184 55.686455 65
12.591261 55.686607 65A
12.5919 55.686527 65B
12.592231 55.68646 66
12.591996 55.68664 67
12.591716 55.68669 67A
12.592794 55.686573 68
12.592625 55.686356 68A
12.592914 55.686726 68B
12.59207 55.686733 69
12.591826 55.686825 69A
12.592544 55.686825 70
12.592161 55.68694 71
12.592664 55.686962 72
12.592325 55.687027 73
12.592955 55.687157 74
12.593506 55.68698 74A
12.592409 55.68714 75
12.592946 55.68731 76
12.593521 55.687134 76A
12.593469 55.687225 76C
12.593312 55.687267 76D
12.592582 55.68734 77
12.59308 55.68747 78
12.593873 55.68732 78A
12.588685 55.681698 20B
12.587789 55.682037 23B
12.587653 55.682167 23C
12.587872 55.682175 23D
12.588163 55.682022 23E
12.588398 55.68241 31A
12.588189 55.682587 31B
12.58851 55.682423 31C
12.589424 55.68354 41
12.592184 55.68686 69B
12.592014 55.6869 71A
12.591923 55.687016 71B
12.587802 55.68156 15
12.587459 55.68275 33C
12.588455 55.68238 31
12.588249 55.68278 35D
12.589871 55.684097 45
12.587316 55.68231 25X
12.592306 55.685974 62A
12.592593 55.685837 62B
12.592207 55.685734 62C
12.587828 55.68193 21A
12.587587 55.682007 21B
12.597285 55.630863 2
