12.510525 55.696808 2
12.510279 55.69701 3
12.510615 55.696884 4
12.510368 55.697083 5
12.5107 55.69696 6
12.511338 55.6979 7
12.511683 55.697773 8
12.51143 55.697975 9
12.511761 55.697857 10
12.511512 55.69805 11
12.511846 55.69793 12
12.51159 55.698116 13
12.511932 55.698 14
12.511674 55.698193 15
12.512005 55.69807 16
12.51176 55.698265 17
12.512098 55.698147 18
12.511843 55.698322 19
12.512175 55.698208 20
12.511905 55.69838 21
12.512229 55.69826 22
12.511963 55.698437 23
12.512301 55.69832 24
12.512029 55.698486 25
12.512357 55.698368 26
12.512095 55.698544 27
12.512424 55.698418 28
12.51216 55.698597 29
12.512492 55.69848 30
12.512218 55.698647 31
12.512555 55.69853 32
12.512277 55.6987 33
12.512618 55.69858 34
12.512341 55.698753 35
12.51268 55.698635 36
12.512414 55.698807 37
12.512745 55.698692 38
12.51248 55.698864 39
12.512806 55.698746 40
12.51254 55.698917 41
12.512866 55.6988 42
12.512609 55.698975 43
12.512935 55.698856 44
12.512665 55.69902 45
12.513003 55.698906 46
12.51273 55.699078 47
12.513064 55.69896 48
12.512791 55.699135 49
12.513133 55.699017 50
12.512868 55.6992 51
12.513204 55.699078 52
12.54868 55.701126 1
