12.51959 55.69568 2
12.519867 55.695538 3
12.519548 55.695637 4
12.51965 55.695347 5
12.519301 55.695526 6
12.519601 55.6953 7
12.519065 55.69542 8
12.519378 55.6951 9
12.518704 55.69506 10
12.519333 55.695053 11
12.518736 55.694847 12
12.51917 55.6949 13
12.518337 55.694336 14
12.519044 55.694733 15
12.518238 55.69421 16
12.519006 55.69468 17
12.518158 55.694084 18
12.5189 55.69455 19
12.518059 55.69396 20
12.518639 55.694202 21
12.517968 55.693836 22
12.518597 55.69413 23
12.517888 55.69371 24
12.518507 55.694008 25
12.517502 55.693554 26
12.518407 55.69388 27
12.517461 55.693493 28
12.518361 55.693825 29
12.518264 55.6937 31
12.517198 55.692837 32
12.518169 55.693565 33
12.517056 55.69275 34
12.518132 55.693516 35
12.516887 55.69265 36
12.518031 55.693382 37
12.517938 55.69316 39
12.517798 55.692947 41
12.517574 55.692787 43
12.517529 55.69274 45
12.51737 55.692627 47
12.517185 55.692528 49
12.517078 55.69248 51
12.51687 55.692383 53
12.55528 55.678738 2
