12.516057 55.692574 38
12.516169 55.692474 40
12.516315 55.69237 42
12.516445 55.692284 44
12.51659 55.692177 46
12.516709 55.69208 48
12.51687 55.691982 50
12.51324 55.69512 1
12.512905 55.695076 2
12.513408 55.694942 3
12.51296 55.695004 4
12.513471 55.694874 5
12.513067 55.694893 6
12.513621 55.694706 7
12.513126 55.694828 8
12.513871 55.69446 9
12.513237 55.694702 10
12.514007 55.69429 11
12.5133 55.69463 12
12.514194 55.694088 13
12.513414 55.694508 14
12.514237 55.69404 15
12.513804 55.694096 16
12.514396 55.693867 17
12.513866 55.694023 18
12.51475 55.693485 19
12.513986 55.69388 20
12.514815 55.693417 21
12.514045 55.69381 22
12.516068 55.692894 23
12.514546 55.693264 24
12.516243 55.692806 25
12.514628 55.6932 26
12.516397 55.692703 27
12.514799 55.693092 28
12.516544 55.6926 29
12.514892 55.69305 30
12.515169 55.692947 32
12.549277 55.674828 1
