12.53743 55.700855 3
12.536898 55.70089 5
12.536685 55.701015 7
12.536254 55.701164 9
12.53633 55.70144 10
12.535738 55.70125 11
12.536114 55.701477 12
12.5355 55.70129 13
12.535915 55.701515 14A
12.536078 55.70166 14B
12.536188 55.70184 14C
12.53623 55.701935 14D
12.536271 55.702023 14E
12.536315 55.7021 14F
12.535233 55.701336 15
12.535047 55.701153 15A
12.535691 55.70155 16
12.534909 55.70139 17
12.535512 55.70158 18A
12.535345 55.70161 18B
12.53508 55.701664 20
12.534808 55.70171 22
12.53435 55.701492 23
12.534049 55.701546 25
12.534403 55.70178 26A
12.534132 55.701843 26B
12.53374 55.70159 27
12.533055 55.702076 28
12.533439 55.701637 29
12.532879 55.702152 30
12.532852 55.70181 31
12.532737 55.70221 32A
12.53258 55.70227 32B
12.532693 55.701946 33
12.532452 55.70234 34
12.532421 55.702057 35
12.532298 55.70245 36A
12.532233 55.702404 36B
12.531944 55.70225 37
12.532077 55.70248 38
12.531739 55.70233 39
12.531916 55.70254 40
12.531783 55.702595 42
12.530922 55.702667 43
12.531648 55.702644 44
12.530641 55.702747 45
12.530423 55.702873 47
12.529798 55.703053 49
12.531105 55.70288 50
12.53083 55.70299 52
12.535049 55.701366 15D
12.53498 55.701378 15E
12.534797 55.70141 17A
12.535188 55.70165 18D
12.534995 55.701683 20A
12.534907 55.701694 20B
12.534726 55.70173 22A
12.534645 55.70174 22B
12.53457 55.70175 24
12.534499 55.701763 24A
12.53537 55.701225 13A
12.53534 55.70118 13B
12.535282 55.701115 13C
12.536531 55.701687 8A
12.536639 55.70187 8B
12.53565 55.701557 16A
12.535794 55.701534 14
12.535406 55.701603 18
12.532626 55.702255 32
12.532282 55.70239 36
12.535686 55.70126 11A
12.536811 55.701355 6
12.53427 55.701805 26
12.519322 55.675087 1
