12.522663 55.69829 2
12.522168 55.698105 3
12.522473 55.698402 4
12.521977 55.697998 5
12.522437 55.698547 6
12.521784 55.697998 7
12.522307 55.69865 8
12.521558 55.698013 9
12.52217 55.698753 10
12.521333 55.698032 11
12.522035 55.698856 12
12.521097 55.698044 13
12.521891 55.69895 14
12.5209 55.69808 15
12.521486 55.69928 16
12.520254 55.698116 17
12.521366 55.69937 18
12.520057 55.69814 19
12.521246 55.699467 20
12.519897 55.698154 21
12.521128 55.699562 22
12.519723 55.698174 23
12.521006 55.699654 24
12.519556 55.698185 25
12.520889 55.69975 26
12.519394 55.698196 27
12.519184 55.698208 29
12.518371 55.698315 31
12.518178 55.69833 33
12.517993 55.698395 35
12.517813 55.698456 37
12.517664 55.698505 39
12.517153 55.698715 41
12.519093 55.700565 42
12.517261 55.69881 43
12.518981 55.700466 44
12.517377 55.69892 45
12.518868 55.70036 46
12.517462 55.699 47
12.518771 55.70026 48
12.517413 55.699177 49
12.518517 55.700237 50
12.517186 55.699257 51
12.518304 55.70031 52
12.5177 55.699345 53
12.51841 55.699978 54
12.518218 55.699135 55
12.622824 55.660065 3
