12.53447 55.700993 3
12.534236 55.701244 4
12.534345 55.700768 5
12.533937 55.7009 8
12.533771 55.700684 10
12.534414 55.700504 17
12.534046 55.70055 19
12.533972 55.700462 21
12.533909 55.70036 23
12.533248 55.700104 26
12.532982 55.69989 28
12.53296 55.699657 30
12.533805 55.699944 31
12.533464 55.699684 33
12.53331 55.699547 35
12.533061 55.699215 37
12.532481 55.69903 38
12.532924 55.699055 39
12.532375 55.698887 40
12.532274 55.69876 42
12.532671 55.69868 43
12.53468 55.701267 1A
12.534609 55.70118 1B
12.532625 55.699226 34A
12.532142 55.69934 34B
12.531775 55.69936 34C
12.531784 55.69962 34D
12.533603 55.699673 33C
12.533779 55.699776 33A
12.533969 55.699654 33B
12.608292 55.65124 3
