12.524457 55.69718 3
12.52227 55.6976 4
12.524244 55.697186 5
12.521915 55.697628 6
12.524012 55.697193 7
12.521637 55.69765 8
12.523809 55.697205 9
12.521362 55.697674 10
12.523665 55.697205 11
12.521087 55.697693 12
12.523434 55.697212 13
12.520815 55.69772 14
12.523224 55.69722 15
12.520744 55.69783 16A
12.52078 55.69797 16B
12.523005 55.697227 17
12.520323 55.697845 18A
12.520349 55.697937 18B
12.520379 55.698032 18C
12.522774 55.697243 19
12.520142 55.697784 20
12.519898 55.69781 22
12.519686 55.697834 24
12.519522 55.69785 26
12.519315 55.697876 28
12.519082 55.697903 30
12.518947 55.697983 32A
12.518986 55.698074 32B
12.519024 55.698166 34
12.518563 55.698036 36A
12.518627 55.698196 36B
12.518355 55.698006 38
12.522044 55.697277 39
12.518146 55.69803 40
12.521907 55.69729 41
12.517996 55.698048 42
12.521801 55.697296 43
12.51783 55.698067 44
12.521695 55.697308 45
12.517689 55.698093 46
12.521586 55.697315 47
12.517536 55.69812 48
12.521479 55.697323 49
12.51739 55.69815 50
12.521374 55.69733 51
12.517234 55.69819 52
12.521265 55.69734 53
12.517143 55.698265 54A
12.517268 55.69838 54B
12.51738 55.698486 54C
12.52116 55.697346 55
12.516867 55.698368 56A
12.516984 55.698483 56B
12.517092 55.69858 56C
12.521047 55.69735 57
12.516604 55.6983 58
12.520644 55.697388 59
12.516399 55.698353 60
12.520531 55.6974 61
12.516205 55.698402 62
12.520421 55.697407 63
12.515352 55.699833 64
12.520312 55.69742 65
12.520207 55.69743 67
12.520096 55.697437 69
12.519992 55.697453 71
12.519886 55.69746 73
12.519774 55.69747 75
12.519268 55.69753 77
12.519131 55.697544 79
12.519025 55.697556 81
12.518913 55.69757 83
12.51881 55.69758 85
12.518706 55.697598 87
12.518609 55.697613 89
12.518493 55.697624 91
12.518284 55.69765 93
12.518176 55.697666 95
12.518074 55.697685 97
12.517968 55.6977 99
12.517859 55.697712 101
12.517749 55.697727 103
12.517656 55.697742 105
12.517544 55.697758 107
12.517439 55.697773 109
12.517233 55.69781 111
12.517127 55.697834 113
12.517025 55.697857 115
12.516932 55.69788 117
12.516825 55.6979 119
12.516721 55.697918 121
12.516616 55.69794 123
12.516492 55.697968 125
12.510699 55.70033 80
12.502914 55.625233 31R
12.597227 55.6163 3
