12.511444 55.69644 2
12.511246 55.696655 3
12.511558 55.696518 4
12.511331 55.696716 5
12.511668 55.696594 6
12.512389 55.69751 7
12.512711 55.697376 8
12.512478 55.69758 9
12.512811 55.697464 10
12.512569 55.697647 11
12.512913 55.697533 12
12.512663 55.69772 13
12.513005 55.6976 14
12.512754 55.69779 15
12.513096 55.69767 16
12.512851 55.697857 17
12.513169 55.697727 18
12.512942 55.697926 19
12.513246 55.697777 20
12.513024 55.697983 21
12.513315 55.69783 22
12.513099 55.698044 23
12.513387 55.69788 24
12.513186 55.698105 25
12.513451 55.697933 26
12.513255 55.69816 27
12.513511 55.697983 28
12.513317 55.69821 29
12.513576 55.698036 30
12.513388 55.69826 31
12.513649 55.69809 32
12.513457 55.698315 33
12.513726 55.698143 34
12.513526 55.698364 35
12.51379 55.698193 36
12.513592 55.698414 37
12.513867 55.698242 38
12.513667 55.698467 39
12.513937 55.69829 40
12.513736 55.698517 41
12.514008 55.698345 42
12.513805 55.698574 43
12.514077 55.6984 44
12.513872 55.698624 45
12.514137 55.69845 46
12.513946 55.698673 47
12.514212 55.698498 48
12.514018 55.698727 49
12.514283 55.69855 50
12.514093 55.698788 51
12.514353 55.698605 52
12.514438 55.69866 54
12.656643 55.588905 1
