12.521862 55.696762 1A
12.522369 55.69672 2
12.521892 55.69682 3
12.522418 55.696827 4
12.521905 55.696884 5
12.522476 55.696945 6
12.521937 55.696945 7
12.522528 55.697052 8
12.521957 55.697002 9
12.52258 55.697166 10
12.522462 55.697704 11
12.522607 55.69787 13
12.523084 55.69831 15
12.524005 55.698654 16
12.523754 55.698883 17
12.524198 55.698814 18
12.523915 55.699013 19
12.524656 55.69921 20
12.524022 55.6991 21
12.524822 55.699352 22
12.524397 55.699425 23
12.524492 55.699505 25
12.525418 55.699875 26
12.52463 55.69964 27
12.525526 55.69997 28
12.524765 55.699753 29
12.525645 55.70006 30
12.524896 55.699867 31
12.526063 55.70043 32
12.525383 55.700348 33
12.526193 55.700542 34
12.526316 55.700645 36
12.526436 55.700745 38
12.526561 55.70085 40
12.526683 55.700954 42
12.527154 55.701366 44
12.526055 55.700985 45
12.525951 55.70107 47
12.525858 55.701145 49
12.525755 55.701225 51
12.525651 55.70131 53
12.526381 55.7007 36A
12.642326 55.584087 2
