12.508118 55.69614 2
12.508625 55.69703 3
12.508203 55.696205 4
12.508286 55.696278 6
12.50838 55.696346 8
12.508465 55.69642 10
12.508551 55.696484 12
12.508645 55.696552 14
12.511382 55.699654 15
12.508723 55.696613 16
12.508802 55.69667 18
12.508871 55.696724 20
12.508943 55.69678 22
12.509029 55.696854 24
12.509118 55.696922 26
12.509214 55.696995 28
12.509309 55.69706 30
12.509396 55.697132 32
12.509485 55.6972 34
12.509577 55.697273 36
12.509669 55.697342 38
12.510627 55.698166 40
12.510704 55.698242 42
12.51078 55.698322 44
12.510857 55.6984 46
12.51093 55.698467 48
12.511015 55.698544 50
12.511089 55.69862 52
12.51116 55.698696 54
12.511237 55.69877 56
12.511313 55.698845 58
12.511392 55.69892 60
12.511467 55.698994 62
12.511547 55.699066 64
12.511624 55.699142 66
12.511702 55.69922 68
12.51178 55.699287 70
12.511857 55.699364 72
12.511925 55.69943 74
12.511993 55.699493 76
12.509055 55.697353 5
