12.532243 55.702045 1A
12.531898 55.70211 2
12.531999 55.701824 3
12.531674 55.701897 4
12.531923 55.701748 5
12.532035 55.70167 7
12.531166 55.701466 8
12.532279 55.7016 9
12.531094 55.7014 10
12.532087 55.701405 11
12.530762 55.701088 12
12.531911 55.701466 13
12.530415 55.701073 14
12.531686 55.701508 15
12.530341 55.700706 16
12.531598 55.701435 17
12.530187 55.70055 18
12.531478 55.701332 19
12.530047 55.700417 20
12.531192 55.700928 21
12.53073 55.70061 25
12.530565 55.700455 27A
12.530524 55.700417 27B
12.531502 55.701824 4A
12.531361 55.70187 4B
12.531323 55.701565 6B
12.531281 55.701515 6C
12.531133 55.701748 6A
12.598841 55.678356 5
