12.536232 55.69971 4
12.536034 55.699764 6
12.536787 55.69947 7
12.535892 55.6998 8
12.536187 55.69947 9
12.535749 55.699837 10
12.535981 55.69952 11
12.535604 55.69987 12
12.53577 55.699577 13
12.53556 55.699627 15
12.535454 55.699654 17
12.534153 55.70024 18
12.535327 55.699684 19
12.53395 55.700264 20
12.535173 55.699726 21
12.533276 55.70053 24
12.533055 55.700607 26
12.532843 55.700665 28
12.534114 55.700035 29
12.532572 55.70079 30
12.533055 55.700306 33
12.532895 55.700367 33A
12.532776 55.700417 35
12.531455 55.701206 36
12.53224 55.70056 37
12.530975 55.701397 38
12.531288 55.701008 41
12.530734 55.70121 43
12.530514 55.70128 45
12.537196 55.699486 3
12.537027 55.699505 5
12.591608 55.616875 3
