12.588385 55.67001 5B
12.588923 55.66991 7
12.58931 55.669483 8
12.589045 55.669846 9A
12.589142 55.66979 9B
12.589241 55.669735 9C
12.589419 55.669765 9D
12.589514 55.66984 9E
12.589664 55.669933 11
12.589926 55.670006 13
12.590014 55.670094 15
12.589893 55.670177 17
12.589895 55.670254 19
12.590309 55.670204 21
12.590163 55.670303 23
12.590019 55.670322 25
12.593493 55.6709 43
12.593668 55.671 45
12.596096 55.671436 50
12.596229 55.671406 52
12.596401 55.671482 54
12.597609 55.672115 63
12.587664 55.670067 1
12.587922 55.670044 3
12.592908 55.670376 32
12.592713 55.670246 34
12.592678 55.67 36
12.595876 55.67183 49
12.596009 55.67203 51
12.596152 55.671947 53
12.596279 55.671883 55
12.596184 55.67179 57
12.596026 55.671783 59
12.589296 55.669373 10
12.589308 55.669292 12
12.589507 55.66948 14
12.589675 55.66948 16
12.590276 55.66992 18
12.590552 55.66997 20
12.590839 55.670025 22
12.591105 55.67007 24
12.591384 55.67012 26
12.591672 55.670162 28
12.591941 55.670216 30
12.593361 55.670006 38
12.593138 55.670147 40
12.593262 55.670433 42
12.594331 55.67133 48A
12.595065 55.671394 48B
12.595147 55.67138 48C
12.595465 55.67129 48D
12.595479 55.671223 48E
12.595731 55.671246 48F
12.587409 55.66995 4A
12.587676 55.669926 4B
12.587931 55.669903 4C
12.58818 55.66988 4D
12.588422 55.66985 4E
12.58849 55.66984 4F
12.591342 55.670273 29
12.596064 55.66831 2
