12.589376 55.68046 2
12.5893 55.680626 3
12.589499 55.68054 4
12.58938 55.680695 5
12.589573 55.680595 6
12.589442 55.680733 7
12.589676 55.68067 8
12.589492 55.68078 9
12.589751 55.68073 10
12.589819 55.6808 12
12.589998 55.68077 12A
12.590128 55.680664 12B
12.589804 55.681107 13
12.589908 55.680897 14A
12.590188 55.680885 14B
12.590517 55.680756 14C
12.590221 55.680725 14D
12.589817 55.68118 15
12.590038 55.68102 16
12.590198 55.680946 16A
12.590118 55.681103 18
12.590218 55.68121 20
12.590744 55.681087 20A
12.59094 55.681118 20B
12.591214 55.68095 20C
12.590339 55.681328 22
12.590433 55.68143 24
12.590734 55.681423 24A
12.590514 55.68155 26
12.590926 55.680737 18P
12.590308 55.680904 18R
12.590627 55.68088 18T
12.590601 55.680794 18U
12.590438 55.680984 18V
12.590287 55.680847 14E
12.590336 55.68083 14F
12.590387 55.680813 14G
12.589625 55.680912 11
12.590662 55.6812 22B
12.589764 55.680492 6A
12.590455 55.6813 22A
12.58807 55.670338 2
