12.555756 55.67827 4
12.555091 55.6781 5
12.555502 55.67829 6A
12.555807 55.67843 6B
12.550844 55.679214 29
12.550946 55.679554 30A
12.550752 55.67955 30B
12.550333 55.679234 31
12.550366 55.67933 31A
12.55024 55.679356 31B
12.550344 55.679573 32
12.550014 55.67941 33
12.549728 55.679478 35
12.549251 55.67959 37
12.549571 55.67975 38
12.549662 55.679855 38A
12.548972 55.679657 39
12.549269 55.67982 40
12.549074 55.67987 42
12.550002 55.679874 36A
12.549859 55.67968 36B
12.549901 55.679718 36C
12.549151 55.67962 37B
12.550027 55.679634 34
12.549205 55.68007 42A
12.549073 55.6801 42B
12.555953 55.678432 2A
12.550903 55.679424 28
12.551324 55.679325 26
12.552665 55.672386 1
