12.581304 55.67939 2
12.581204 55.67958 6
12.581132 55.67975 8A
12.581102 55.67981 8B
12.581183 55.679924 10
12.581283 55.680138 12
12.580832 55.679783 13
12.581408 55.68016 14
12.580551 55.6803 19
12.580414 55.680527 27
12.58038 55.680565 29
12.580326 55.680622 31
12.580288 55.680664 33
12.580389 55.680836 34
12.579733 55.680984 37
12.579515 55.681053 39
12.58015 55.681076 40B
12.579369 55.681095 41
12.57995 55.68106 42
12.579248 55.681137 43
12.579846 55.68109 44
12.579113 55.68118 45
12.579719 55.681133 46
12.578965 55.68123 47
12.579408 55.68123 50
12.578593 55.68139 51
12.579179 55.681305 52
12.578385 55.68153 53
12.578256 55.681583 55
12.578734 55.681633 56
12.578128 55.681637 57
12.578185 55.681873 58
12.577997 55.68169 59
12.577789 55.682102 60
12.577878 55.68164 61
12.577618 55.68164 63
12.577322 55.68174 65
12.577094 55.68184 67
12.581198 55.679607 6A
12.581056 55.679882 8C
12.581005 55.679977 8D
12.581158 55.68001 8E
12.581685 55.679985 10A
12.581524 55.680096 12B
12.581657 55.68012 12C
12.581785 55.68015 12D
12.581186 55.680195 12K
12.581405 55.680027 14A
12.581551 55.680058 14B
12.581686 55.680084 14C
12.581782 55.68024 14D
12.581703 55.680313 14E
12.581624 55.680298 14F
12.581511 55.68027 14G
12.58134 55.680233 14H
12.581261 55.68021 14K
12.580943 55.680172 16
12.580523 55.68034 21
12.580495 55.680386 23
12.580217 55.680706 35A
12.580095 55.68072 35B
12.580114 55.680656 35C
12.580075 55.680576 35D
12.57993 55.680534 35E
12.579811 55.680588 35F
12.578194 55.68161 55A
12.581245 55.67951 4
12.581171 55.67965 8
12.580761 55.680317 26
12.580699 55.68044 28
12.580675 55.680504 30A
12.580601 55.6806 30B
12.580566 55.680653 32A
12.580501 55.68072 32B
12.580325 55.680904 36
12.580342 55.681343 40C
12.579566 55.681175 48
12.579461 55.68145 52A
12.579569 55.681526 52B
12.579747 55.68146 52C
12.579634 55.681374 52D
12.580922 55.679558 5
12.580865 55.6797 7
12.579083 55.68133 52E
12.580126 55.68101 40A
12.580637 55.680546 30
12.580478 55.68077 32
12.581219 55.67993 10B
12.579779 55.681248 46A
12.580955 55.67951 3
12.581372 55.680065 12A
12.580143 55.680786 35
12.581252 55.67952 4A
12.578205 55.68161 55A
12.515442 55.65068 1
