12.534859 55.680874 3A
12.535045 55.68094 3B
12.534918 55.68059 4A
12.534864 55.68041 4B
12.534802 55.680202 4C
12.535299 55.680183 4D
12.535278 55.680416 4E
12.535226 55.680927 5
12.535323 55.681065 5A
12.535418 55.680645 6
12.535642 55.680946 7
12.535825 55.6807 8
12.53606 55.68097 11
12.536405 55.680996 13
12.5372 55.680805 14
12.536674 55.681015 15
12.537546 55.680836 16
12.537121 55.681026 17
12.537419 55.68108 19
12.5379 55.681168 23
12.538173 55.681137 25A
12.538177 55.68126 25B
12.53434 55.68082 1A
12.534564 55.68084 1B
12.53687 55.680744 12
12.538206 55.68135 25C
12.583522 55.67385 3
