12.545686 55.671387 2
12.546083 55.671326 3
12.546157 55.671177 5
12.545908 55.67098 6
12.546285 55.671143 7
12.545996 55.670868 8
12.546358 55.67101 9
12.545927 55.670773 10
12.546286 55.67095 11
12.545836 55.670612 12
12.546319 55.670834 13
12.545744 55.670437 14
12.546286 55.67073 15
12.545536 55.67006 16
12.546368 55.670692 17
12.546461 55.67073 17A
12.545496 55.669994 18A
12.545459 55.669918 18B
12.546422 55.670544 19
12.545397 55.669827 20
12.545359 55.669746 20A
12.546259 55.670547 21
12.546152 55.6705 23
12.545156 55.669395 24
12.546074 55.670357 25
12.545108 55.669315 26
12.546127 55.670296 27
12.545062 55.669224 28A
12.54501 55.66914 28B
12.546348 55.670315 29
12.544963 55.66906 30
12.544926 55.66898 30A
12.545907 55.670033 31
12.544873 55.6689 32A
12.544829 55.66882 32B
12.544791 55.66874 32C
12.544528 55.668343 34
12.544246 55.667995 40
12.54414 55.66778 42
12.544814 55.668095 51
12.544773 55.66801 53
12.544719 55.667923 55
12.543042 55.66582 56
12.54465 55.667812 57
12.542946 55.665653 58
12.542821 55.665432 60
12.543475 55.665646 61
12.542722 55.665268 62
12.54338 55.66547 63
12.542586 55.66504 64
12.542979 55.66478 65
12.54238 55.66465 66
12.542888 55.664604 67
12.542302 55.664516 68
12.542727 55.664333 69
12.542188 55.664333 70
12.542628 55.664154 71
12.542075 55.664116 72
12.541993 55.66397 74
12.542234 55.663467 75
12.54232 55.66346 75A
12.541585 55.66324 76
12.542173 55.663353 77
12.545736 55.670513 12B
12.545817 55.671127 4
12.545825 55.67057 12A
12.545877 55.670662 10A
12.545895 55.670834 8C
12.545644 55.67068 8B
12.545422 55.670647 8A
12.545524 55.67004 16A
12.545726 55.670395 14A
