12.564157 55.67997 2
12.563853 55.68041 3
12.563454 55.68055 3A
12.563956 55.680557 5
12.563506 55.68061 5A
12.566142 55.682533 6
12.564061 55.68069 7
12.563743 55.680794 7A
12.564136 55.68081 9
12.563788 55.680862 9A
12.564263 55.680973 11
12.564567 55.681385 13
12.564687 55.681557 15
12.564288 55.68166 15A
12.564822 55.681744 17
12.565107 55.682095 19
12.565218 55.68223 21
12.565282 55.68231 23
12.564943 55.682323 25A
12.565014 55.6824 25B
12.565084 55.682487 27A
12.565157 55.68257 27B
12.565347 55.682602 27C
12.565368 55.682423 29
12.565457 55.68253 31
12.565583 55.682686 33
12.565244 55.68273 33A
12.565311 55.6828 33B
12.565713 55.68284 35
12.565483 55.682945 37
12.565835 55.68301 39
12.56658 55.68318 40
12.566165 55.68336 41
12.566116 55.683655 43
12.566687 55.68329 44
12.566428 55.68362 45
12.566769 55.68337 46
12.566611 55.683792 49
12.566855 55.683453 50
12.566784 55.683975 51
12.56695 55.683537 52
12.566995 55.684162 53
12.567048 55.683643 54
12.567392 55.684494 55
12.567605 55.68466 57
12.567216 55.683807 58
12.56744 55.684753 59
12.567785 55.68482 61
12.567388 55.68397 62
12.568321 55.685246 63
12.56852 55.685406 65
12.567917 55.68442 66
12.568326 55.684452 66A
12.56825 55.684383 66B
12.568163 55.684315 66C
12.568243 55.685535 67
12.567996 55.68448 68
12.568732 55.685585 69
12.568065 55.68454 70
12.568214 55.68466 72
12.568743 55.68508 74
12.568947 55.685253 76
12.569097 55.685375 82
12.569248 55.68549 84
12.566346 55.682587 4
12.566513 55.68241 8
12.567774 55.684303 64A
12.56783 55.684353 64B
12.568859 55.685684 71
12.565199 55.680653 2B
12.565117 55.681217 2C
12.565149 55.681038 2D
12.565366 55.681477 2E
12.565463 55.681572 2F
12.566404 55.683598 45A
12.56644 55.683685 47
12.566589 55.683777 49A
12.567682 55.68423 64
12.566524 55.683704 47B
12.566375 55.68358 47A
12.564582 55.68038 2A
12.566389 55.684334 51A
12.560668 55.693253 1
