12.585117 55.689217 57
12.585038 55.689228 59
12.585017 55.6892 61
12.584673 55.689457 65
12.589627 55.68816 1
12.589099 55.688507 2
12.589517 55.688194 3
12.588967 55.68854 4
12.589397 55.688225 5
12.588852 55.688572 6
12.589279 55.68826 7
12.588733 55.688606 8
12.588958 55.688347 9
12.588611 55.688637 10
12.588828 55.68838 11
12.588494 55.68867 12
12.588697 55.68841 13
12.588374 55.6887 14
12.588576 55.688446 15
12.588259 55.688732 16
12.588452 55.688477 17
12.588131 55.688763 18
12.588328 55.688507 19
12.588017 55.688793 20
12.588205 55.688538 21
12.587897 55.688828 22
12.588079 55.68857 23
12.58778 55.688854 24
12.587958 55.688606 25
12.58766 55.68889 26
12.587842 55.68864 27
12.587542 55.68892 28
12.587717 55.688667 29
12.587426 55.68895 30
12.587592 55.6887 31
12.587314 55.68898 32
12.587465 55.688732 33
12.587178 55.689014 34
12.587341 55.688766 35
12.587054 55.68905 36
12.587212 55.6888 37
12.586938 55.68908 38
12.587096 55.68883 39
12.586816 55.689106 40
12.586967 55.68886 41
12.586695 55.689144 42
12.586849 55.688896 43
12.586581 55.689167 44
12.586723 55.688927 45
12.586464 55.689198 46
12.5866 55.688957 47
12.586461 55.68899 49
12.586341 55.68903 51
12.585903 55.689346 52
12.585778 55.689377 54
12.585658 55.689407 56
12.585537 55.689438 58
12.585423 55.689472 60
12.585306 55.689503 62
12.585186 55.68953 64
12.585065 55.689564 66
12.582429 55.606995 3
