12.548061 55.6802 1
12.547148 55.680637 10
12.546307 55.680557 11
12.546874 55.6807 12
12.54606 55.680614 13
12.546154 55.680866 14
12.545779 55.680676 15
12.545741 55.680958 16
12.545559 55.68077 17
12.5455 55.681015 18
12.545286 55.68062 19
12.548289 55.680397 2
12.545167 55.68045 21
12.544845 55.68053 23
12.545225 55.68115 24
12.544935 55.68067 25
12.544953 55.68091 27
12.544619 55.68095 29A
12.544383 55.681038 29B
12.547308 55.68037 7
12.547421 55.680576 8
12.546649 55.680523 9
12.547668 55.68024 3
12.548231 55.680695 4
12.542849 55.68248 44
12.540345 55.682323 56
12.539338 55.682125 57
12.539809 55.682476 58
12.547759 55.680496 6
12.539594 55.682552 60
12.548431 55.680367 2A
12.548215 55.680412 2B
12.548135 55.68043 2C
12.547364 55.680065 3B
12.544335 55.683376 40F
12.543297 55.681976 32C
12.543641 55.682983 40D
12.543612 55.681656 32E
12.543963 55.683437 40E
12.543258 55.682583 40C
12.543242 55.681858 32D
12.542902 55.682133 40B
12.542603 55.681988 40A
12.547728 55.680107 3A
12.542987 55.681763 40
12.544055 55.681793 32B
12.54405 55.68167 32A
12.62103 55.6392 1
