12.603738 55.678432 7
12.604052 55.678223 9
12.604105 55.678333 11
12.604255 55.678116 13
12.604568 55.677746 14
12.604681 55.67806 15
12.604841 55.677673 16
12.604841 55.67816 17
12.605119 55.6776 18
12.60515 55.67806 19
12.605924 55.6773 20
12.605453 55.677853 21
12.605583 55.67799 23
12.606459 55.677162 24
12.605654 55.677746 25
12.606612 55.67724 26
12.606082 55.677692 27
12.606237 55.677784 29
12.606528 55.67771 31
12.603236 55.678375 3
12.602668 55.678066 4
12.606194 55.677227 22
12.60335 55.678516 5
12.575327 55.67095 6
