12.536152 55.674095 2
12.536472 55.673782 3
12.536052 55.67393 4
12.536392 55.673607 5
12.536054 55.67378 6
12.536315 55.673397 7
12.536 55.673622 8
12.535981 55.6735 8A
12.536262 55.67318 9
12.535944 55.673416 10
12.5359 55.67328 10A
12.536194 55.67302 11
12.535872 55.673176 12
12.536124 55.672783 13
12.535803 55.67301 14
12.536072 55.672604 15
12.535695 55.672787 16
12.536023 55.672443 17
12.535661 55.672554 18
12.535621 55.67238 18A
12.535656 55.672356 18B
12.53533 55.672386 18C
12.535955 55.67224 19
12.535553 55.672173 20
12.535906 55.672073 21
12.535853 55.671883 23
12.535435 55.67183 24
12.535808 55.671677 25
12.535386 55.671673 26
12.53513 55.671577 26A
12.53585 55.671547 27A
12.53592 55.671513 27B
12.536013 55.67153 27C
12.535783 55.67114 29
12.535566 55.67099 31
12.535182 55.670998 32
12.535453 55.670795 33
12.53532 55.671474 28A
12.53519 55.671486 28B
12.53499 55.671185 30A
12.534847 55.671295 30B
12.53479 55.671303 30C
12.535727 55.67137 27
12.536291 55.671505 27D
12.508959 55.681168 1
