12.616283 55.573368 3
12.615889 55.5726 4A
12.61639 55.572716 4B
12.616503 55.57321 5
12.61658 55.572556 6
12.61663 55.573074 7
12.616518 55.572346 8
12.617275 55.57308 9
12.6168 55.57226 10
12.616979 55.572956 11
12.616965 55.572136 12A
12.616867 55.5721 12B
12.616763 55.572067 12C
12.616648 55.57203 12D
12.617479 55.572884 13
12.617148 55.572006 14
12.617033 55.572746 15
12.617298 55.571857 16
12.617102 55.572594 17
12.617471 55.57168 18
12.617408 55.57251 19
12.617491 55.57155 20
12.617421 55.572296 21
12.617779 55.571426 22
12.61763 55.57216 23A
12.617901 55.571304 24
12.61836 55.572178 25
12.618061 55.571144 26
12.617891 55.572025 27
12.618191 55.571037 28
12.618065 55.571903 29
12.618435 55.570755 30A
12.618625 55.570618 30B
12.618113 55.571735 31
12.618686 55.571712 33
12.618241 55.571518 35
12.618817 55.571507 37
12.618645 55.571236 39
12.618897 55.57097 41
12.619041 55.57088 43
12.61805 55.572247 23B
12.634954 55.63657 1
