12.63526 55.581905 1
12.633599 55.581867 15
12.634182 55.582245 10
12.634044 55.581863 11
12.634928 55.581898 3
12.633794 55.581852 13
12.63375 55.582237 14
12.632772 55.58222 22
12.632636 55.58185 23
12.63258 55.582226 24
12.632392 55.58184 25
12.632335 55.58221 26
12.633496 55.58224 16
12.633347 55.58186 17
12.633251 55.58224 18
12.633145 55.58186 19
12.63507 55.58228 2
12.633045 55.582237 20
12.632903 55.581852 21
12.634424 55.582253 8
12.634261 55.58188 9
12.634911 55.58229 4
12.63474 55.581886 5
12.63464 55.582275 6
12.634478 55.58188 7
12.6001 55.65608 2A
