12.615102 55.571842 2
12.615821 55.57206 3A
12.615887 55.572 3B
12.615074 55.571636 4
12.615671 55.571785 5A
12.61576 55.571815 5B
12.615854 55.57185 5C
12.615953 55.571873 5D
12.61605 55.571903 5E
12.616132 55.571934 5F
12.61539 55.571568 6
12.616156 55.57173 7
12.615589 55.571445 8
12.616141 55.571487 9
12.615674 55.571297 10
12.616256 55.571384 11
12.615829 55.57115 12
12.616301 55.571205 13
12.615948 55.571014 14
12.616658 55.571136 15
12.616062 55.570854 16
12.616703 55.57098 17
12.616202 55.570717 18
12.616859 55.570843 19
12.616311 55.570545 20
12.617083 55.570713 21
12.616434 55.570473 22
12.61737 55.57062 23A
12.617707 55.570793 23B
12.616575 55.57027 24
12.616788 55.570183 26A
12.61632 55.570026 26B
12.617425 55.57014 27
12.616439 55.56978 28
12.617593 55.569923 29
12.616838 55.569942 30
12.617206 55.569855 32
12.617662 55.570522 25A
12.617299 55.5704 25B
12.626834 55.645733 1
