12.635343 55.581367 1
12.633704 55.58134 15
12.634309 55.581715 10
12.634156 55.581333 11
12.635083 55.58137 3
12.63391 55.581326 13
12.633855 55.58168 14
12.632909 55.58168 22
12.632782 55.581314 23
12.632682 55.58167 24
12.632536 55.58134 25
12.63248 55.581688 26
12.633606 55.5817 16
12.633483 55.58134 17
12.633371 55.581673 18
12.633225 55.581333 19
12.635271 55.581753 2
12.633159 55.581688 20
12.633004 55.58132 21
12.634556 55.581715 8
12.634352 55.581352 9
12.634976 55.581726 4
12.634816 55.581367 5
12.634795 55.581703 6
12.634586 55.581337 7
12.577574 55.638264 5
