12.639123 55.582287 1
12.639099 55.582493 2
12.639135 55.582214 3
12.639088 55.58256 4
12.638787 55.58226 5
12.639071 55.582638 6
12.638804 55.582153 7
12.639006 55.58275 8
12.638828 55.58206 9
12.638984 55.582825 10
12.638844 55.581966 11
12.638938 55.583317 12
12.637985 55.582344 13
12.638926 55.58338 14
12.638012 55.58218 15
12.63891 55.583458 16
12.637712 55.58243 17
12.63886 55.582497 18
12.637735 55.58233 19
12.638767 55.582603 20
12.63729 55.58242 21
12.638754 55.58269 22
12.637328 55.582314 23
12.638734 55.58279 24
12.63735 55.582222 25
12.63869 55.582947 26
12.637384 55.582127 27
12.638669 55.583054 28
12.636427 55.582333 29
12.638648 55.583138 30
12.636443 55.58226 31
12.638633 55.583225 32
12.636457 55.582188 33
12.638651 55.583324 34
12.636051 55.5826 35
12.63863 55.583435 36
12.636068 55.582493 37
12.638166 55.58253 38
12.636084 55.582397 39
12.638154 55.582626 40
12.636102 55.582302 41
12.638128 55.582733 42
12.636119 55.58221 43
12.638174 55.58301 44
12.636143 55.582104 45
12.638156 55.583107 46
12.638143 55.583202 48
12.638165 55.583298 50
12.638145 55.583393 52
12.637798 55.583004 54
12.637768 55.5831 56
12.637746 55.583183 58
12.637757 55.583275 60
12.637733 55.58337 62
12.637553 55.582775 64
12.637495 55.58289 66
12.637476 55.582985 68
12.637458 55.583076 70
12.637473 55.58317 72
12.637449 55.583267 74
12.637436 55.583378 76
12.637086 55.582596 78
12.637068 55.582664 80
12.637042 55.58274 82
12.63698 55.58285 84
12.636958 55.582924 86
12.636934 55.582993 88
12.636381 55.582542 90
12.636361 55.58261 92
12.636344 55.582684 94
12.636295 55.5828 96
12.636281 55.58287 98
12.636262 55.582943 100
12.636017 55.58273 102
12.635998 55.582825 104
12.635984 55.582905 106
12.635961 55.583004 108
12.648542 55.638252 1
