12.667257 55.592236 1
12.667868 55.592014 2
12.664792 55.590717 5
12.6673 55.591442 6
12.666922 55.59114 8
12.663974 55.590244 9
12.663241 55.589516 11
12.666169 55.590538 14
12.662597 55.58918 17
12.662294 55.58918 19
12.665497 55.58959 20A
12.664857 55.589527 20B
12.662327 55.589016 21
12.662372 55.58863 22
12.662141 55.586723 26
12.66144 55.58839 27
12.661328 55.58831 29
12.661212 55.588234 31
12.6611 55.588154 33
12.660968 55.58806 35
12.660794 55.587948 37
12.660679 55.58787 39
12.660348 55.58688 40
12.660566 55.587795 41
12.661199 55.58653 42
12.660454 55.587715 43
12.66166 55.586315 44
12.660344 55.58764 45
12.65995 55.586685 46
12.660231 55.587563 47
12.660302 55.58654 48
12.660035 55.58743 49
12.660757 55.586388 50
12.659931 55.587337 51
12.661061 55.586216 52
12.659807 55.587273 53
12.66138 55.586044 54
12.659686 55.58719 55
12.659702 55.586445 56
12.659576 55.587112 57
12.660136 55.58629 58
12.660775 55.586006 60
12.658845 55.58656 61
12.661049 55.585815 62
12.660172 55.585934 64
12.657915 55.586136 65
12.659099 55.586285 66A
12.659024 55.586246 66B
12.658953 55.58621 66C
12.658864 55.586166 66D
12.657713 55.585976 67A
12.657334 55.586033 67B
12.660005 55.585835 68
12.657472 55.585815 69
12.660198 55.585724 70
12.657164 55.585823 71
12.66037 55.585663 72
12.657164 55.585518 73A
12.656961 55.585754 73B
12.660601 55.585526 74
12.65676 55.585583 75A
12.656816 55.585346 75B
12.658583 55.585922 76
12.656417 55.584957 77
12.658777 55.585796 78
12.658972 55.58567 80
12.659332 55.585743 82
12.659519 55.58583 84
12.659515 55.585392 86
12.659684 55.58528 88
12.659873 55.585163 90
12.657978 55.58547 92
12.658129 55.58536 94
12.658331 55.585217 96
12.658689 55.585285 98
12.658871 55.585365 100
12.658713 55.585014 102
12.658878 55.5849 104
12.659077 55.58476 106
12.657344 55.58504 108
12.657488 55.58493 110
12.657662 55.584797 112
12.658032 55.58484 114
12.658238 55.584923 116
12.658091 55.58455 118
12.658218 55.58445 120
12.656671 55.584587 122
12.656812 55.58447 124
12.65696 55.584347 126
12.657328 55.58436 128
12.657533 55.58444 130
12.665346 55.590736 3
12.660396 55.58707 38A
12.660608 55.58696 38B
12.661123 55.586765 38C
12.661728 55.586487 38D
12.65642 55.585583 75C
12.609326 55.64579 2
