12.636655 55.588463 4
12.63849 55.588234 8
12.639225 55.588062 10B
12.639509 55.588066 10C
12.640357 55.587917 12B
12.640611 55.58793 14
12.640887 55.587906 16
12.638152 55.58857 17
12.641143 55.587883 18
12.641409 55.58786 20
12.639273 55.588444 23
12.642301 55.58781 24
12.639593 55.5884 25
12.642798 55.58777 26
12.643117 55.587746 28
12.640663 55.588284 31
12.64393 55.587685 32
12.640868 55.588192 33
12.644282 55.587658 34
12.641196 55.588238 35
12.644754 55.587616 36
12.641497 55.58812 37
12.645328 55.58757 38
12.645664 55.587543 40
12.646036 55.587517 42
12.6467 55.587463 44
12.647184 55.587425 46
12.647978 55.587364 48
12.648291 55.587334 50
12.649223 55.587257 54
12.64959 55.58724 56
12.650152 55.587196 58
12.648689 55.58757 59
12.650504 55.587147 60
12.651125 55.587116 62
12.651424 55.587086 64
12.65019 55.587425 65
12.652557 55.586983 68
12.651192 55.587406 69
12.653112 55.58695 70
12.651603 55.587433 71
12.65383 55.58688 72
12.654362 55.586838 74
12.652738 55.58733 77
12.655511 55.586754 78
12.655954 55.58671 80
12.653826 55.587173 81
12.656235 55.586662 82
12.654245 55.587093 83
12.656409 55.586647 84
12.654687 55.58707 85
12.656586 55.58663 86
12.65709 55.5866 88
12.655609 55.587044 89
12.657259 55.58657 90
12.656017 55.586975 91
12.65742 55.586548 92
12.65758 55.58652 94
12.657753 55.58649 96
12.657307 55.586983 97
12.658234 55.58628 98
12.657437 55.586967 99
12.6577 55.586952 101
12.657866 55.58693 103
12.658192 55.586823 105
12.658326 55.58677 107
12.658468 55.586708 109
12.658609 55.58665 111
12.6425 55.588013 41
12.590614 55.66435 56
