12.635735 55.57872 1
12.634124 55.578674 15
12.634758 55.579067 10
12.63463 55.578697 11
12.632539 55.57901 28
12.632439 55.578632 29
12.635537 55.578716 3
12.632298 55.579002 30
12.632203 55.578632 31
12.634368 55.57868 13
12.634292 55.579044 14
12.633373 55.578617 21
12.63326 55.579002 22
12.633112 55.578655 23
12.633025 55.579002 24
12.632891 55.57866 25
12.632772 55.57904 26
12.634097 55.57905 16
12.633989 55.578648 17
12.63384 55.57906 18
12.633638 55.578648 19
12.635704 55.579086 2
12.633495 55.57902 20
12.63266 55.57863 27
12.634992 55.57906 8
12.634846 55.57869 9
12.632076 55.578987 32
12.631997 55.578625 33
12.631849 55.578983 34
12.631766 55.578617 35
12.631634 55.578964 36
12.635446 55.579067 4
12.635309 55.578686 5
12.635239 55.579056 6
12.635085 55.57869 7
