12.649388 55.595123 2
12.649349 55.595013 3
12.649329 55.59489 4
12.649308 55.594772 5
12.64931 55.59465 6
12.649283 55.594524 7
12.649268 55.594425 8
12.649231 55.59432 9
12.64921 55.594193 10
12.649199 55.594078 11
12.649213 55.593945 12
12.649155 55.593807 13
12.649132 55.5937 14
12.649147 55.593594 15
12.649088 55.593468 16
12.649061 55.593346 17
12.649026 55.593224 18
12.649038 55.593105 19
12.649007 55.592995 20
12.648997 55.592873 21
12.64898 55.59277 22
12.648895 55.592655 23
12.648963 55.59253 24
12.649187 55.59252 25
12.649241 55.592644 26
12.649199 55.59276 27
12.649283 55.592876 28
12.649295 55.59298 29
12.64931 55.5931 30
12.649389 55.593212 31
12.649366 55.593338 32
12.649485 55.593452 33
12.64946 55.593548 34
12.649396 55.59368 35
12.649438 55.593792 36
12.649471 55.59395 37
12.649456 55.59405 38
12.649484 55.59417 39
12.649542 55.594288 40
12.649536 55.59441 41
12.649548 55.594517 42
12.64964 55.594635 43
12.649577 55.594753 44
12.649715 55.594856 45
12.649644 55.59498 46
12.649617 55.5951 47
12.6497 55.595234 48
12.650441 55.595158 57
12.65042 55.59496 59
12.650342 55.594765 61
12.650392 55.59456 63
12.650252 55.594376 65
12.650288 55.594284 66
12.650269 55.59419 67
12.650244 55.59408 68
12.650241 55.593975 69
12.65022 55.593887 70
12.650157 55.593437 74
12.650127 55.59336 75
12.650103 55.59326 76
12.650053 55.593067 78
12.650049 55.592968 79
12.650022 55.59287 80
12.650056 55.59274 81
12.650223 55.592438 85
12.650311 55.592743 88
12.650286 55.59285 89
12.650398 55.593235 92
12.650419 55.59333 94
12.650422 55.593422 95
12.650451 55.593513 96
12.650492 55.593716 97
12.650522 55.593857 99
12.650515 55.593956 100
12.650503 55.594055 101
12.650551 55.59416 102
12.65061 55.594463 105
12.650599 55.594563 106
12.650695 55.594658 107
12.650656 55.594753 108
12.650665 55.594852 109
12.650727 55.594948 110
12.650678 55.595043 111
12.650689 55.59517 112
12.651365 55.595127 113
12.651376 55.595005 114
12.651329 55.594704 117
12.651257 55.59441 120
12.651203 55.59421 122
12.651235 55.594124 123
12.651111 55.59369 127
12.651103 55.593582 128
12.651094 55.593487 129
12.65106 55.593388 130
12.651057 55.59329 131
12.651039 55.59319 132
12.651008 55.593094 133
12.650981 55.593 134
12.650915 55.592796 136
12.650931 55.5927 137
12.650916 55.592594 138
12.650843 55.592503 139
12.650868 55.59237 140
12.651163 55.592373 141
12.651161 55.592484 142
12.65119 55.59258 143
12.651215 55.592674 144
12.651233 55.59278 145
12.651255 55.59288 146
12.651269 55.592964 147
12.651292 55.59308 148
12.651315 55.59318 149
12.651347 55.59327 150
12.651351 55.593372 151
12.651368 55.593494 152
12.651356 55.593674 154
12.651488 55.594193 158
12.651489 55.594383 160
12.651586 55.594494 162
12.651535 55.594585 163
12.651638 55.59499 167
12.651661 55.595116 168
12.652301 55.59508 169
12.652289 55.59494 170
12.652293 55.594845 171
12.652231 55.594654 173
12.65222 55.594547 174
12.652219 55.59445 175
12.652219 55.594353 176
12.652113 55.59407 179
12.652036 55.593628 183
12.652009 55.593533 184
12.652013 55.593433 185
12.651991 55.593338 186
12.651932 55.59324 187
12.651946 55.593143 188
12.651931 55.593044 189
12.651924 55.59292 190
12.651879 55.592827 191
12.651857 55.59274 192
12.651862 55.592636 193
12.651841 55.59254 194
12.65179 55.59244 195
12.651816 55.59234 196
12.65206 55.592304 197
12.652088 55.592422 198
12.652105 55.592514 199
12.652143 55.592724 201
12.652101 55.59281 202
12.652121 55.59293 203
12.652197 55.593018 204
12.652199 55.593113 205
12.652217 55.593216 206
12.652256 55.59342 208
12.652264 55.593517 209
12.652258 55.593624 210
12.652325 55.59406 211
12.652325 55.594143 212
12.652383 55.594246 213
12.652393 55.594337 214
12.652391 55.594456 215
12.65249 55.594532 216
12.65248 55.594627 217
12.652534 55.594727 218
12.652503 55.59486 219
12.652526 55.59505 221
12.653217 55.595 222
12.653179 55.59489 223
12.653131 55.594704 225
12.653109 55.594597 226
12.653122 55.594498 227
12.653076 55.594395 228
12.653032 55.594303 229
12.653075 55.594196 230
12.653041 55.59411 231
12.652965 55.594 232
12.652792 55.593796 232A
12.652944 55.59358 233
12.652923 55.593475 234
12.652884 55.593376 235
12.652856 55.593273 236
12.652811 55.593178 237
12.652837 55.593075 238
12.652814 55.592953 239
12.652815 55.59287 240
12.652778 55.592785 241
12.652777 55.59268 242
12.652765 55.59258 243
12.652729 55.592476 244
12.652713 55.592373 245
12.652654 55.592278 246
12.652975 55.592247 247
12.652963 55.59236 248
12.652979 55.592464 249
12.653047 55.592552 250
12.653068 55.59266 251
12.653072 55.59275 252
12.653107 55.592854 253
12.65312 55.59296 254
12.653114 55.593067 255
12.653137 55.593163 256
12.653213 55.593464 259
12.653235 55.593548 260
12.653242 55.593994 261
12.653321 55.594086 262
12.653305 55.59418 263
12.653395 55.594284 264
12.653369 55.594368 265
12.653372 55.59448 266
12.653421 55.594578 267
12.653383 55.59469 268
12.653427 55.594776 269
12.653436 55.594875 270
12.653477 55.59499 271
12.654072 55.59498 272
12.654046 55.59484 273
12.654014 55.59474 274
12.654055 55.594616 275
12.653999 55.59445 277
12.65398 55.59434 278
12.653944 55.59425 279
12.653931 55.59414 280
12.653921 55.594048 281
12.653909 55.59394 282
12.653886 55.593845 283
12.653851 55.593754 284
12.653851 55.59365 285
12.653836 55.59351 286
12.653838 55.593414 287
12.653773 55.593307 288
12.653782 55.593216 289
12.653777 55.59311 290
12.65373 55.593006 291
12.653707 55.592922 292
12.653705 55.59282 293
12.653677 55.592724 294
12.653625 55.59262 295
12.653621 55.592533 296
12.653628 55.592422 297
12.653552 55.592205 299
12.653891 55.592194 300
12.653915 55.592297 301
12.653912 55.592407 302
12.653974 55.5927 305
12.653978 55.593014 308
12.654047 55.5931 309
12.654074 55.593212 310
12.654117 55.593307 311
12.654117 55.59365 314
12.654196 55.59373 315
12.654203 55.593822 316
12.65417 55.59393 317
12.654209 55.594032 318
12.654269 55.594135 319
12.654262 55.594234 320
12.654263 55.59433 321
12.654287 55.59443 322
12.654279 55.59452 323
12.654322 55.594627 324
12.6544 55.594807 325
12.654382 55.59494 327
12.654994 55.59489 328
12.65497 55.594753 329
12.654938 55.59455 331
12.654833 55.594345 333
12.654868 55.594223 334
12.654908 55.59413 335
12.654863 55.59402 336
12.654816 55.593925 337
12.654801 55.593807 338
12.654704 55.593605 339
12.654811 55.593388 341
12.654692 55.593266 343
12.654651 55.593163 344
12.654668 55.593075 345
12.654632 55.59296 346
12.654646 55.59286 347
12.654613 55.592762 348
12.654594 55.59266 349
12.65454 55.592567 350
12.654532 55.592464 351
12.654537 55.59236 352
12.654562 55.59226 353
12.654494 55.592155 354
12.654785 55.592136 355
12.654839 55.59233 357
12.654831 55.592445 358
12.654828 55.592552 359
12.654851 55.592644 360
12.654864 55.59275 361
12.654873 55.592854 362
12.654931 55.59294 363
12.654984 55.593044 364
12.654954 55.593155 365
12.654968 55.593243 366
12.65505 55.593334 367
12.655008 55.59345 368
12.655047 55.593582 369
12.655056 55.59369 370
12.655107 55.5938 371
12.655084 55.5939 372
12.655109 55.594013 373
12.655071 55.59412 374
12.655182 55.59422 375
12.655175 55.594334 376
12.655226 55.594444 377
12.655233 55.594646 378
12.655283 55.59476 380
12.655263 55.5949 381
12.650589 55.594357 104
12.651375 55.594883 116
12.651308 55.59451 119
12.653959 55.592587 304
12.654001 55.59289 307
12.654091 55.593414 313
12.653115 55.5937 232B
12.653175 55.59333 258
12.651616 55.594852 166
12.652176 55.594173 178
12.651863 55.593872 181
12.650182 55.593716 72
12.649926 55.592564 84
12.650279 55.592632 87
12.650365 55.593037 91
12.650155 55.593555 73
12.588276 55.59844 2
