12.583351 55.596287 4
12.583871 55.596226 5
12.583429 55.596153 6
12.583967 55.596066 7
12.583485 55.59598 8
12.584094 55.59589 9
12.584216 55.59572 11
12.583707 55.595455 12
12.584196 55.59557 13
12.584205 55.595383 15
12.584259 55.595215 17
12.584033 55.594803 18
12.584464 55.59506 19
12.584025 55.594643 20
12.584406 55.59489 21
12.584071 55.594467 22
12.584485 55.594723 23
12.584408 55.593967 26
12.584833 55.59401 29
12.584784 55.593143 30
12.584919 55.593765 31
12.585106 55.59354 33
12.585154 55.593357 35
12.585183 55.593143 37
12.543865 55.680115 1A
