12.651321 55.5845 1A
12.651399 55.584717 1B
12.651881 55.584625 2A
12.651935 55.584843 2B
12.651428 55.58491 3A
12.651994 55.585175 4
12.651464 55.585075 5
12.652056 55.585323 6
12.651578 55.585407 7
12.652099 55.585503 8
12.652157 55.58583 10
12.651747 55.586037 11
12.652213 55.585995 12A
12.652342 55.586163 12B
12.651811 55.58626 13A
12.651839 55.586376 13B
12.652408 55.586407 14
12.651868 55.58655 15
12.652478 55.58666 16
12.651728 55.58673 17
12.652458 55.58685 18
12.652014 55.587044 19
12.652527 55.587444 20
12.652021 55.587284 21
12.652704 55.58781 22
12.652113 55.587444 23
12.652819 55.588013 24
12.652171 55.587666 25
12.652757 55.588326 26
12.652236 55.58787 27A
12.652287 55.5881 27B
12.652966 55.588566 28
12.652358 55.58837 29
12.652909 55.58885 30
12.652434 55.58866 31
12.652498 55.588882 33
12.601339 55.66394 2
