12.669443 55.596252 1A
12.669231 55.596275 1B
12.669365 55.59649 2
12.668965 55.59626 3
12.669136 55.59659 4
12.668672 55.596153 5
12.66885 55.596626 6
12.668674 55.596333 7
12.668629 55.596783 8
12.6684 55.59635 9
12.668275 55.59669 10
12.668114 55.596382 11
12.668031 55.59683 12
12.667857 55.596416 13
12.667735 55.59686 14
12.667618 55.59644 15
12.667471 55.59683 16
12.667295 55.59647 17
12.667155 55.596905 18
12.666958 55.59649 19
12.666906 55.59697 20
12.666702 55.596527 21
12.666672 55.597008 22
12.666433 55.596573 23
12.666277 55.59697 24
12.666114 55.596607 25A
12.66586 55.596664 25B
12.665966 55.596973 26
12.665483 55.59674 27
12.665672 55.597088 28
12.665121 55.596817 29
12.665425 55.59709 30
12.664834 55.59687 31
12.665104 55.597153 32
12.664522 55.596905 33
12.664745 55.597225 34
12.664258 55.59695 35
12.66444 55.597206 36
12.663892 55.597004 37
12.664118 55.597248 38
12.663574 55.597042 39
12.66377 55.59727 40
12.66316 55.5971 41
12.663364 55.59737 42
12.663034 55.59734 44
