12.635436 55.582825 1
12.635689 55.58188 15
12.635637 55.58215 11
12.635901 55.580902 29
12.635474 55.58267 3
12.635935 55.580757 31
12.635674 55.582 13
12.635764 55.581463 21
12.635798 55.58132 23
12.63582 55.58118 25
12.635725 55.58174 17
12.635785 55.581577 19
12.634668 55.583336 2
12.635869 55.581047 27
12.634752 55.582935 8
12.635596 55.58229 9
12.635946 55.58062 33
12.635981 55.580475 35
12.636018 55.58034 37
12.636046 55.57996 39
12.63473 55.5832 4
12.634942 55.579765 41
12.63553 55.58257 5
12.634768 55.58306 6
12.635569 55.582424 7
12.584481 55.680923 2
