12.642472 55.583454 2
12.641608 55.583515 3
12.642483 55.58332 4
12.641132 55.58355 5
12.642508 55.583187 6
12.641221 55.58339 7
12.642733 55.583534 8
12.64126 55.583187 9
12.642838 55.583187 10
12.641234 55.583035 11
12.643061 55.58349 12
12.641691 55.583168 13
12.643087 55.583355 14
12.641997 55.583187 15
12.643107 55.58319 16
12.642088 55.58281 17
12.64254 55.583027 18
12.641757 55.582706 19
12.642557 55.582893 20
12.641353 55.582767 21
12.642582 55.58276 22
12.641354 55.58263 23
12.642602 55.582623 24
12.641388 55.58244 25
12.642836 55.583054 26
12.641411 55.58227 27
12.642941 55.582626 28
12.641794 55.58239 29
12.643127 55.583057 30
12.642155 55.58243 31
12.643154 55.582924 32
12.642232 55.582016 33
12.643182 55.582787 34
12.641893 55.58195 35
12.643203 55.582623 36
12.641535 55.582035 37
12.642625 55.582478 38
12.641483 55.581875 39
12.642659 55.58233 40
12.641501 55.581684 41
12.642674 55.582195 42
12.64161 55.58148 43
12.642696 55.58206 44
12.641965 55.581657 45
12.64293 55.58249 46
12.642215 55.58167 47
12.643043 55.58206 48
12.642285 55.581284 49
12.643229 55.582493 50
12.641977 55.581272 51
12.643249 55.582363 52
12.64156 55.58125 53
12.643276 55.58223 54
12.641547 55.581078 55
12.643296 55.582092 56
12.641566 55.580715 57
12.6417 55.58054 59
12.642032 55.58083 61
12.642375 55.580853 63
12.641403 55.580826 65
12.642772 55.583378 2A
12.642726 55.58185 60
12.612645 55.64825 1
