12.66166 55.59431 3
12.66096 55.594017 4A
12.660465 55.593918 4B
12.66162 55.59409 5
12.660445 55.59365 6
12.661438 55.59386 7
12.660757 55.593678 8
12.661413 55.59367 9
12.660836 55.593407 10
12.661274 55.59344 11
12.660352 55.59327 12
12.661257 55.5932 13
12.660297 55.593094 14
12.661273 55.593002 15
12.660654 55.59303 16
12.661073 55.59283 17
12.66061 55.592693 18
12.661196 55.59263 19
12.660416 55.592545 20
12.660995 55.59245 21
12.660495 55.592342 22
12.660884 55.592228 23
12.660342 55.59217 24
12.660997 55.59207 25
12.660376 55.591988 26
12.660847 55.591843 27
12.66016 55.591843 28
12.660175 55.591476 30
12.660788 55.591232 31
12.660082 55.591217 32
12.660537 55.59108 33
12.659993 55.590958 34
12.660617 55.590893 35
12.659851 55.590748 36
12.660645 55.590683 37
12.659636 55.590572 38
12.660604 55.59051 39
12.659303 55.590553 40
12.660228 55.5905 41A
12.660046 55.59048 41B
12.658932 55.59051 42
12.659915 55.590305 43
12.65858 55.59052 44A
12.658479 55.59025 46
12.65837 55.589905 47
12.658349 55.58971 49
12.657893 55.5902 50
12.658213 55.58952 51
12.657816 55.590084 52
12.657863 55.58934 53
12.657708 55.58989 54
12.658021 55.589153 55
12.657552 55.58969 56
12.65774 55.588966 57
12.657469 55.5895 58
12.657409 55.589306 60
12.657901 55.58854 61
12.657349 55.58912 62
12.657895 55.588455 63
12.6573 55.58892 64
12.657863 55.58835 65
12.65719 55.588604 66
12.657834 55.58824 67
12.657137 55.588425 68
12.657722 55.588085 69
12.657075 55.58824 70
12.657715 55.58799 71
12.657018 55.58806 72
12.65763 55.58789 73
12.656962 55.587875 74
12.657689 55.5878 75
12.656904 55.587692 76
12.656848 55.587513 78
12.656794 55.587315 80
12.657159 55.587048 81
12.656736 55.587147 82
12.656676 55.586967 84
12.65683 55.586292 85
12.656648 55.586277 87
12.65647 55.586266 89
12.656302 55.58625 91
12.656129 55.58624 93
12.658125 55.590584 48A
12.657769 55.59056 48B
12.657778 55.590446 48C
12.66084 55.59452 2A
12.660731 55.594524 2B
12.660571 55.594513 2C
12.66057 55.59448 2D
12.660563 55.59441 2E
12.66054 55.59438 2F
12.660596 55.59431 2G
12.660585 55.594276 2H
12.660576 55.594208 2I
12.66057 55.594177 2J
12.660948 55.59433 2K
12.66094 55.5943 2L
12.660939 55.594234 2M
12.660934 55.594196 2N
12.658712 55.5904 44B
12.631133 55.674892 16
