12.607159 55.574024 37
12.60632 55.573837 45
12.605579 55.573658 55
12.605101 55.571304 61
12.603558 55.57317 75
12.601984 55.57095 79
12.598304 55.571632 95
12.599739 55.572803 96A
12.599439 55.572887 96B
12.592952 55.57139 100
12.593817 55.57084 130
12.590638 55.569557 143
12.586924 55.569042 166
12.583897 55.56758 179
12.581082 55.567352 194
12.578552 55.566578 196
12.578518 55.566177 213
12.578066 55.566055 215
12.576082 55.566128 216
12.577547 55.565918 217
12.577751 55.565674 219
12.574942 55.565765 220
12.577956 55.56543 221
12.570549 55.564426 224
12.577864 55.561207 229
12.57753 55.56203 231
12.577102 55.56194 233
12.572068 55.564636 243
12.57106 55.5643 247
12.570443 55.564144 249
12.56988 55.563984 251
12.568684 55.562984 255
12.567622 55.562603 265
12.564967 55.562965 268
12.564868 55.563133 270
12.564507 55.563007 272
12.564613 55.562866 274
12.611944 55.577106 30
12.601595 55.57294 90
12.579288 55.566376 211
12.575611 55.56155 235
12.57514 55.56144 237
12.567009 55.56434 254
12.569051 55.564346 250
12.597193 55.571404 97
12.561371 55.566525 280
12.61081 55.576664 30A
12.585399 55.60194 1
