12.573437 55.58963 2
12.573911 55.58947 3
12.573364 55.58938 4
12.574143 55.589333 5
12.573568 55.589245 6
12.574175 55.589188 7
12.573565 55.589096 8
12.574231 55.589005 9
12.573679 55.58895 10
12.574206 55.58886 11
12.573725 55.588802 12
12.574257 55.588696 13
12.573789 55.588646 14
12.574394 55.588566 15
12.573815 55.588497 16
12.574599 55.58843 17
12.573878 55.58835 18
12.573936 55.588192 20
12.574528 55.587906 21
12.574692 55.58778 23
12.574161 55.587795 24
12.574828 55.587612 25
12.574128 55.587646 26
12.575019 55.587475 27
12.574301 55.587498 28
12.574825 55.587296 29
12.574221 55.587337 30
12.574995 55.58714 31
12.574302 55.58717 32
12.575049 55.587006 33
12.574243 55.587 34
12.575106 55.586823 35
12.574551 55.586853 36
12.57509 55.58668 37
12.574521 55.586693 38
12.575127 55.586514 39
12.574553 55.586525 40
12.575189 55.586353 41
12.574695 55.5864 42
12.574707 55.586235 44
12.597288 55.61338 3
