12.63637 55.596428 3
12.636878 55.595905 6
12.637532 55.596657 7
12.637239 55.595554 8
12.638092 55.596268 9
12.637653 55.59601 10
12.640853 55.59579 24
12.642474 55.595665 28
12.645806 55.595345 56A
12.645793 55.59528 56B
12.645783 55.59522 56C
12.645774 55.595154 56D
12.645914 55.595142 56E
12.646063 55.595135 56F
12.646193 55.595127 56G
12.646239 55.5952 56H
12.646253 55.59526 56I
12.646263 55.59532 56K
12.646175 55.59542 56L
12.646051 55.595425 56M
12.645938 55.595432 56N
12.652879 55.595097 58
12.647164 55.59598 59
12.659818 55.59502 129
12.661182 55.594948 137
12.661243 55.594944 139A
12.661605 55.59493 139E
12.661703 55.59492 139F
12.661868 55.59455 146A
12.661999 55.594463 146B
12.662554 55.594494 148
12.663039 55.59447 150
12.66351 55.59489 151
12.663783 55.59482 153
12.664069 55.59482 155
12.664351 55.59478 157
12.665242 55.594322 158
12.664643 55.594822 159
12.664922 55.59475 161
12.66521 55.59477 163
12.665484 55.59472 165
12.665781 55.59475 167
12.667532 55.59419 168
12.666385 55.594685 169A
12.666518 55.59493 169B
12.66662 55.595104 169C
12.668657 55.593937 170
12.669705 55.594055 172
12.669937 55.594105 174
12.667947 55.5946 175A
12.66803 55.59475 175B
12.668432 55.594418 177
12.661342 55.594936 139B
12.661444 55.594933 139C
12.661511 55.59493 139D
12.646764 55.595158 56P
12.638095 55.59649 11
12.63907 55.59636 13
12.647005 55.595142 56R
12.52146 55.6663 2
