12.671086 55.5941 1B
12.671646 55.59424 6
12.671538 55.59408 7
12.672109 55.59428 10
12.672065 55.59407 11A
12.672177 55.594055 11B
12.672319 55.594044 11C
12.672373 55.594032 11D
12.672402 55.594353 12
12.67255 55.594357 14A
12.672641 55.594357 14B
12.672865 55.594357 16
12.672945 55.5939 17
12.673459 55.593952 20
12.673619 55.59408 22
12.673467 55.593838 23B
12.673941 55.593998 24
12.673633 55.593853 25
12.674094 55.59401 26
12.673797 55.593887 27
12.67246 55.594307 12A
12.672461 55.594006 13A
12.672512 55.593994 13B
12.672591 55.59397 13C
12.672685 55.593956 13D
12.671927 55.594284 8
12.67279 55.59392 15A
12.672838 55.593914 15B
12.674093 55.593914 29
12.671041 55.59426 2A
12.671157 55.59426 2B
12.671244 55.59425 2C
12.673232 55.593857 21A
12.673355 55.59385 21B
12.67292 55.594093 18A
12.672964 55.594006 18B
12.673086 55.59386 19A
12.673165 55.593857 19B
12.67115 55.594112 3A
12.671217 55.59411 3B
12.671369 55.59429 4A
12.67149 55.59426 4B
12.671497 55.594242 4C
12.671287 55.594097 5A
12.671407 55.594093 5B
12.671628 55.594078 9A
12.671735 55.594074 9B
12.50474 55.655922 20
