12.581917 55.59663 500
12.582504 55.596733 501
12.581842 55.59612 502
12.581771 55.595802 504
12.582392 55.595512 507A
12.582207 55.595276 507B
12.581613 55.59501 508
12.582368 55.59515 509
12.581581 55.594437 512
12.582139 55.59427 513
12.581525 55.594273 514
12.581493 55.594093 516
12.581385 55.593407 520
12.581659 55.592243 523
12.581119 55.591984 526A
12.581103 55.591705 528
12.580893 55.591427 530
12.582125 55.59151 533
12.581381 55.59092 535
12.580145 55.58697 581
12.57977 55.586163 583
12.579817 55.585888 585
12.579289 55.58475 589
12.578722 55.582607 599
12.578656 55.581856 601
12.578754 55.581547 603
12.578229 55.581223 605
12.578088 55.580765 607
12.579022 55.585968 614
12.577526 55.582428 628
12.57733 55.582195 630
12.577258 55.581966 632
12.577272 55.581814 634
12.577095 55.581615 638
12.577247 55.5814 640
12.576984 55.581184 642
12.577091 55.58098 644
12.576849 55.580795 646
12.576855 55.580578 648A
12.57658 55.58025 650
12.576682 55.58002 652
12.576585 55.579823 654
12.576612 55.579548 656
12.576605 55.578266 658
12.577599 55.57836 609A
12.577811 55.57836 609B
12.58824 55.632114 1
