12.657192 55.593224 2
12.657217 55.592678 3
12.657186 55.59343 4
12.657172 55.59245 5
12.657381 55.593594 6
12.657169 55.592255 7
12.657404 55.593845 8
12.657055 55.592037 9
12.657241 55.59404 10
12.656595 55.59211 11
12.657269 55.594257 12
12.65661 55.59232 13
12.657382 55.59448 14
12.656696 55.59265 15
12.657317 55.594666 16
12.656719 55.5929 17
12.65699 55.59449 18
12.656109 55.592937 19
12.656979 55.5942 20
12.656068 55.592674 21
12.656933 55.59398 22
12.65599 55.592422 23
12.656908 55.59372 24
12.655966 55.59215 25
12.656892 55.593513 26
12.655592 55.592136 27
12.65686 55.593273 28
12.655509 55.59231 29
12.656142 55.593285 30
12.655604 55.59263 31
12.656101 55.593517 32
12.655644 55.592846 33
12.656136 55.593758 34
12.655695 55.59306 35
12.656186 55.594044 36
12.656224 55.59428 38
12.656259 55.594486 40
12.655984 55.594696 42
12.655908 55.59456 44
12.655886 55.594303 46
12.655848 55.594093 48
12.655814 55.59385 50
12.655781 55.59364 52
12.655757 55.59342 54
12.655727 55.593235 56
12.544842 55.69122 1
