12.655213 55.584724 2C
12.654152 55.5847 8
12.656667 55.583847 13
12.656547 55.583946 15
12.656406 55.58406 17
12.650776 55.58447 18A
12.656288 55.58416 19
12.655884 55.58398 21
12.655753 55.58409 23
12.648123 55.58449 24
12.655624 55.584198 25
12.655507 55.584293 27
12.647392 55.58433 28A
12.647267 55.584526 28B
12.65509 55.58435 29A
12.655095 55.584328 29B
12.655094 55.584305 29C
12.655101 55.58428 29D
12.65511 55.58425 29E
12.655113 55.584225 29F
12.655115 55.58419 29G
12.655121 55.584156 29H
12.655126 55.584126 29I
12.655132 55.58409 29J
12.646981 55.584396 30
12.654556 55.584293 31
12.653905 55.58429 33
12.65347 55.584263 35A
12.653524 55.584213 35B
12.653585 55.584156 37A
12.653652 55.58409 37B
12.653729 55.58402 39A
12.653787 55.58396 39B
12.6441 55.584194 40
12.65385 55.583904 41A
12.653917 55.583843 41B
12.643745 55.584175 42
12.653225 55.584236 43A
12.653021 55.584232 43B
12.643355 55.584145 44
12.652984 55.584194 45A
12.653002 55.58414 45B
12.643048 55.5841 46
12.653022 55.584072 47A
12.653041 55.584015 47B
12.642643 55.584106 48
12.65306 55.583954 49A
12.653081 55.583885 49B
12.653099 55.583824 51A
12.653141 55.58377 51B
12.651735 55.584187 53
12.651607 55.58416 55
12.651477 55.584167 57
12.651357 55.584145 59
12.63922 55.58381 60
12.651222 55.584156 61
12.651099 55.584133 63
12.651793 55.583958 65
12.651664 55.58394 67
12.637687 55.58379 68
12.651536 55.583946 69
12.637384 55.58386 70
12.651414 55.583923 71
12.637098 55.58385 72
12.651284 55.58393 73
12.651855 55.583733 75
12.651724 55.583714 77
12.651642 55.58371 79
12.651559 55.583706 81
12.651426 55.58371 83
12.651907 55.583508 85
12.651782 55.583492 87
12.65165 55.583492 89
12.651528 55.583477 91
12.651403 55.58348 93
12.651962 55.583286 95
12.651837 55.583267 97
12.651755 55.583263 99
12.651673 55.58326 101
12.651544 55.58326 103
12.652021 55.583057 105
12.651894 55.583042 107
12.651771 55.58305 109
12.651642 55.58303 111
12.650648 55.584064 113
12.650692 55.58399 115
12.650793 55.58382 117
12.650841 55.583736 119
12.650902 55.583317 121
12.650952 55.583233 123
12.651051 55.583065 125
12.651106 55.582973 127
12.649583 55.584034 129
12.649633 55.58395 131
12.649737 55.583782 133
12.64979 55.583694 135
12.649919 55.583538 137
12.649973 55.58345 139
12.650326 55.583385 141
12.650494 55.583397 143
12.64902 55.584023 145
12.648064 55.583805 147
12.648378 55.58382 149
12.648731 55.583725 151
12.64877 55.583656 153
12.648904 55.583496 155
12.648953 55.583416 157
12.649049 55.583252 159
12.649107 55.583153 161
12.649436 55.583096 163
12.649697 55.583107 165
12.650046 55.58301 167
12.6501 55.58292 169
12.647259 55.58352 177
12.647451 55.58353 179
12.647856 55.583454 181
12.647919 55.58335 183
12.648007 55.583202 185
12.648061 55.583115 187
12.648182 55.58297 189
12.648244 55.582867 191
12.64308 55.58365 203
12.647797 55.58443 26A
12.647717 55.58469 26B
12.642968 55.5837 205
12.647523 55.58393 171
12.654081 55.58458 8A
12.653958 55.584576 8B
12.653887 55.58457 8C
12.653756 55.584568 8D
12.653662 55.584576 8E
12.653535 55.58457 8F
12.653458 55.584568 8G
12.653507 55.584946 8H
12.518499 55.65939 2
