12.658315 55.599617 2
12.658267 55.599064 3
12.658141 55.599846 4
12.658252 55.598907 5
12.65802 55.600063 6
12.658123 55.6003 8
12.657915 55.599262 9
12.658177 55.600536 10
12.657751 55.59927 11
12.65775 55.600563 12
12.657884 55.599014 13
12.657641 55.600304 14
12.657729 55.59902 15
12.657646 55.600094 16
12.657605 55.599182 17
12.657663 55.59989 18
12.657591 55.599094 19
12.657625 55.599625 20
12.657565 55.598938 21
12.656856 55.599693 22
12.657562 55.598846 23
12.656767 55.5999 24
12.657249 55.599293 25
12.656882 55.60016 26
12.657088 55.599297 27
12.656951 55.600388 28
12.657215 55.59904 29
12.656946 55.600582 30
12.657057 55.59905 31
12.656919 55.600983 32
12.656927 55.59921 33
12.656599 55.600967 34
12.656916 55.59912 35
12.656488 55.60079 36
12.656906 55.598965 37
12.656415 55.60054 38
12.656892 55.598873 39
12.65644 55.600334 40
12.656576 55.599316 41
12.656413 55.60009 42
12.656426 55.599323 43
12.656441 55.599903 44
12.656548 55.599064 45
12.656401 55.599678 46
12.656386 55.59907 47
12.655578 55.599724 48
12.65626 55.59924 49
12.655675 55.599945 50
12.656251 55.59915 51
12.65562 55.60014 52
12.656234 55.59899 53
12.655655 55.600365 54
12.656227 55.598904 55
12.655689 55.600574 56
12.655909 55.599346 57
12.655677 55.60078 58
12.655752 55.59935 59
12.65584 55.601017 60
12.655878 55.599094 61
12.655304 55.60103 62
12.65572 55.599106 63
12.655204 55.60084 64
12.655596 55.59927 65
12.655253 55.60059 66
12.655579 55.599182 67
12.655227 55.60037 68
12.655562 55.599022 69
12.655195 55.600166 70
12.655539 55.598934 71
12.655165 55.599937 72
12.655249 55.599373 73
12.655147 55.599743 74
12.655084 55.599377 75
12.655208 55.599125 77
12.655051 55.59913 79
12.654922 55.599297 81
12.654912 55.59921 83
12.654893 55.599045 85
12.654884 55.59896 87
12.654902 55.598343 99
12.658237 55.59882 7
12.655098 55.598934 89
12.65466 55.5987 91
12.654675 55.598213 93
12.654732 55.59837 95
12.654847 55.598194 97
12.655022 55.598194 101
12.655054 55.598328 103
12.655163 55.59818 105
12.655245 55.598335 107
12.655371 55.59818 109
12.655422 55.59831 111
12.655569 55.59816 113
12.655594 55.598316 115
12.655743 55.598167 117
12.655881 55.598286 119
12.655914 55.59815 121
12.656055 55.59826 123
12.656091 55.598145 125
12.656228 55.598263 127
12.656289 55.59815 129
12.656428 55.598255 131
12.656466 55.59812 133
12.656601 55.598236 135
12.656642 55.598133 137
12.655983 55.598454 139
12.656058 55.59856 141
12.656153 55.59843 143
12.656233 55.598564 145
12.65633 55.59844 147
12.656428 55.598545 149
12.656526 55.59842 151
12.656607 55.59855 153
12.656772 55.59853 155
12.655873 55.598774 157A
12.655863 55.59871 157B
12.656077 55.598747 159
12.65624 55.598743 161
12.656464 55.59873 163A
12.656512 55.59873 163B
12.656557 55.598724 163C
12.65663 55.598732 165A
12.656667 55.59873 165B
12.656704 55.59873 165C
12.65679 55.598717 167A
12.656843 55.598717 167B
12.656893 55.598713 167C
12.654129 55.59857 175
12.591269 55.619373 3
