12.631627 55.582493 10
12.631925 55.581352 28
12.632036 55.58122 30
12.631706 55.582264 14
12.631855 55.581738 22
12.631901 55.581608 24
12.631942 55.581486 26
12.63175 55.582115 16
12.631777 55.582005 18
12.631609 55.583042 2
12.631826 55.581867 20
12.631696 55.582645 8
12.632007 55.581097 32
12.63206 55.58098 34
12.632091 55.580853 36
12.632117 55.580727 38
12.63158 55.58289 4
12.632142 55.5806 40
12.632133 55.580463 42
12.632182 55.58033 44
12.632195 55.580204 46
12.63226 55.5801 48
12.632334 55.579964 50
12.632307 55.579826 52
12.632359 55.5797 54
12.631579 55.582752 6
12.562138 55.65079 3
