12.612326 55.569885 1
12.611966 55.56972 2
12.612777 55.56977 3
12.611934 55.569527 4
12.612977 55.56962 5
12.612237 55.56934 6
12.612657 55.569397 7
12.612292 55.569153 8
12.612974 55.56928 9
12.612461 55.568993 10
12.613011 55.569077 11
12.612558 55.56887 12
12.613178 55.568913 13
12.61256 55.568672 14
12.613314 55.568733 15
12.613374 55.56855 17
12.612791 55.568348 18
12.613545 55.568436 19
12.612909 55.568157 20A
12.613599 55.568195 21
12.613148 55.568012 22
12.613879 55.568047 23
12.613249 55.567837 24
12.613818 55.567905 25
12.612907 55.567646 26
12.613834 55.56768 27
12.61357 55.567547 28
12.612775 55.568523 16
12.612814 55.56814 20B
12.621268 55.66733 3
