12.656528 55.590252 2
12.656215 55.59051 3
12.656653 55.59046 4
12.656245 55.590668 5
12.656683 55.590675 6
12.656349 55.590923 7
12.656665 55.590885 8
12.656383 55.591133 9
12.656818 55.591084 10
12.656501 55.59138 11
12.656974 55.59129 12
12.656041 55.5915 13
12.657014 55.59156 14
12.656045 55.59177 15
12.657027 55.591736 16
12.65654 55.591694 17
12.655257 55.59037 18
12.654757 55.590286 19
12.655303 55.59055 20
12.654844 55.59048 21
12.655455 55.590786 22
12.654876 55.59068 23
12.655537 55.59098 24
12.654954 55.590916 25
12.655515 55.59123 26
12.654972 55.591103 27
12.655364 55.59159 28
12.655039 55.59131 29
12.654847 55.59178 31
