12.658852 55.595566 2
12.658546 55.596046 3
12.6602 55.595356 4
12.658571 55.596172 5
12.658594 55.596294 7
12.65891 55.596214 9
12.658855 55.59593 11
12.659111 55.595886 13
12.659128 55.59601 15
12.659152 55.596134 17
12.659182 55.596256 19
12.659505 55.59618 21
12.659446 55.595886 23
12.659699 55.595844 25
12.659731 55.59597 27
12.65975 55.5961 29
12.659774 55.59622 31
12.660116 55.596153 33
12.660041 55.595848 35
12.660303 55.595806 37
12.66032 55.595936 39
12.660343 55.59606 41
12.660375 55.59618 43
12.660698 55.59611 45
12.660925 55.5961 47
12.6611 55.596138 49
12.661072 55.596012 51
12.661049 55.59589 53
12.661022 55.59576 55
12.66086 55.595795 57
12.660647 55.595806 59
12.658706 55.595146 2K
12.660329 55.595352 6
12.660446 55.595345 10
12.660594 55.595276 14
12.660578 55.59519 18
12.660933 55.595318 22
12.660809 55.595074 24
12.660716 55.59508 26
12.660474 55.595104 30
12.660402 55.59511 32
12.66033 55.595116 34
12.537221 55.675083 1
