12.654108 55.58873 2
12.654375 55.5887 4
12.654696 55.58866 6
12.654968 55.588627 8
12.659919 55.58879 9
12.65526 55.588577 10
12.660386 55.58876 11
12.655556 55.588593 12
12.660771 55.588753 13
12.656424 55.588604 14
12.657948 55.588665 18
12.658399 55.588654 20
12.658586 55.588634 22
12.658747 55.588627 24
12.658964 55.588615 26
12.659156 55.5886 28
12.659307 55.588585 30
12.659565 55.58857 32
12.659739 55.58856 34
12.659911 55.588547 36
12.660095 55.58853 38
12.660286 55.588524 40
12.660465 55.588505 42
12.660658 55.588493 44
12.659513 55.588863 7
12.627174 55.655327 3
