12.575485 55.56618 4
12.575528 55.566433 6
12.575577 55.566696 8
12.575393 55.56688 10
12.575334 55.56708 12
12.575429 55.567333 14
12.574856 55.567493 16
12.575359 55.5678 18
12.574792 55.56765 20
12.574671 55.567913 22
12.574212 55.567997 24
12.573899 55.56839 28A
12.573836 55.56857 28B
12.573536 55.568733 30A
12.573866 55.568863 30B
12.573513 55.569653 34A
12.573059 55.569546 34B
12.573411 55.56897 32A
12.573548 55.56921 32B
12.574652 55.5682 26A
12.574202 55.568275 26B
12.574477 55.566765 3
12.619524 55.647285 3
