12.641719 55.58433 5
12.641572 55.584538 7
12.642353 55.585033 8
12.641716 55.584694 9
12.642359 55.585228 10
12.641672 55.584873 11
12.642353 55.58542 12
12.641719 55.585022 13
12.642363 55.585613 14
12.641579 55.585197 15
12.642353 55.58578 16
12.641722 55.585354 17
12.642358 55.586 18
12.641582 55.585526 19
12.642362 55.58619 20
12.642351 55.58635 22
12.641731 55.58594 23
12.642337 55.58662 24
12.64178 55.58614 25
12.642332 55.58683 26
12.642328 55.58702 28
12.641763 55.58663 29
12.64232 55.587227 30
12.641631 55.58685 31
12.642317 55.58743 32
12.641752 55.587 33
12.642216 55.587627 34
12.641622 55.587193 35
12.641744 55.587337 37
12.641614 55.58753 39
12.642236 55.588215 40
12.641728 55.587807 41
12.642232 55.588314 42
12.641748 55.588223 43
12.64223 55.58843 44
12.641699 55.588486 45
12.642219 55.58859 46
12.641696 55.588642 47
12.64222 55.588707 48
12.641691 55.5888 49
12.642215 55.588814 50
12.641698 55.588966 51
12.642217 55.588936 52
12.641724 55.58913 53
12.642345 55.58911 54
12.64172 55.5893 55
12.641731 55.58958 57
12.641722 55.589764 59
12.642326 55.589725 60
12.60361 55.674355 115
