12.634917 55.592922 1
12.634175 55.593067 2
12.634255 55.59274 4
12.633892 55.592403 6
12.634745 55.59211 7
12.634898 55.591892 9A
12.634976 55.5919 9B
12.634018 55.592033 10
12.634911 55.591778 11A
12.634991 55.591824 11B
12.635024 55.591354 13
12.632979 55.59143 14A
12.633783 55.591496 14B
12.635038 55.591297 15
12.635051 55.59124 17
12.634424 55.59109 18
12.635062 55.59119 19
12.635074 55.59114 21
12.635087 55.591084 23
12.63456 55.590607 26
12.635941 55.58835 47A
12.636309 55.58832 47B
12.635748 55.58815 49A
12.636473 55.58816 49B
12.636459 55.587997 51A
12.635858 55.587955 51B
12.63643 55.587826 53A
12.635825 55.58776 53B
12.636426 55.58764 55A
12.636047 55.58758 55B
12.636264 55.58743 57
12.636046 55.58726 59A
12.636688 55.587414 59B
12.63624 55.58711 61
12.635977 55.586914 63
12.636001 55.586735 65A
12.636685 55.5868 65B
12.63653 55.586617 67
12.636087 55.5864 69
12.636395 55.58597 71
12.635661 55.58559 72
12.636756 55.58577 73A
12.636317 55.58573 73B
12.636851 55.5856 75
12.636425 55.585415 77
12.636731 55.585243 79
12.636749 55.585087 81
12.636817 55.584923 83
12.637026 55.58475 85
12.636581 55.58456 87A
12.637234 55.584595 87B
12.636896 55.5844 89
12.636911 55.584236 91A
12.637205 55.58434 91B
12.63661 55.58404 93
12.636803 55.583797 95
12.635179 55.592075 11C
12.635394 55.59179 11D
12.635264 55.591312 25
12.635282 55.59128 27
12.635292 55.59124 29
12.635303 55.591206 31
12.635298 55.591164 33
12.635299 55.59113 35
12.634648 55.592392 5A
12.63494 55.59226 5B
12.578956 55.681526 1
