12.66289 55.59843 2
12.663141 55.598675 3
12.663179 55.598305 4
12.663479 55.598755 5
12.663455 55.59837 6
12.663745 55.598568 7
12.663759 55.59827 8
12.664109 55.598625 9
12.6641 55.598312 10
12.664431 55.598553 11
12.664435 55.59821 12
12.664762 55.59855 13
12.66475 55.598255 14
12.665084 55.59847 15
12.665073 55.59814 16
12.665432 55.598507 17
12.665394 55.598152 18
12.665741 55.598396 19
12.665683 55.598083 20
12.666073 55.59845 21
12.666067 55.598095 22
12.666406 55.598354 23
12.666395 55.598007 24
12.666675 55.598064 26
12.624926 55.62406 1
