12.657915 55.59831 2
12.65791 55.598248 3
12.657901 55.59819 4
12.657895 55.598133 5
12.658093 55.597984 6
12.657994 55.59799 7
12.657887 55.597996 8
12.657794 55.597996 9
12.657578 55.59801 10
12.657484 55.59802 11
12.657378 55.598026 12
12.657275 55.598034 13
12.657173 55.59805 14
12.65703 55.59812 15
12.657038 55.59817 16
12.657052 55.598225 17
12.657213 55.59827 18
12.657289 55.598263 19
12.657418 55.598198 20
12.657501 55.598194 21
12.657606 55.59834 22
12.657642 55.598484 23
12.657547 55.598495 24
12.657443 55.598503 25
12.657343 55.59851 26
12.657066 55.59854 27
12.657073 55.598595 28
12.657082 55.598648 29
12.657238 55.598698 30
12.657314 55.598694 31
12.657438 55.598686 32
12.657519 55.598686 33
12.657684 55.598705 34
12.657762 55.5987 35
12.657963 55.59865 36
12.657955 55.5986 37
12.657948 55.598534 38
12.657939 55.59848 39
