12.635101 55.599476 7
12.634967 55.60093 8
12.635035 55.599236 9
12.634906 55.600822 10
12.634885 55.59857 11
12.634855 55.600704 12
12.634814 55.600628 14
12.634581 55.60066 16
12.635174 55.597443 17A
12.635167 55.59739 17B
12.635162 55.597336 17C
12.635012 55.59728 17D
12.634902 55.597275 17E
12.634805 55.597267 17F
12.634687 55.59726 17G
12.634765 55.597332 17H
12.634753 55.597385 17I
12.63474 55.597435 17K
12.634731 55.597492 17L
12.634872 55.597507 17M
12.635005 55.597515 17N
12.634115 55.60034 18A
12.632199 55.59987 18B
12.634415 55.596954 19
12.633831 55.599876 20
12.633956 55.596775 21
12.634651 55.59984 22
12.633519 55.596676 23
12.634331 55.59961 24
12.633276 55.596436 25
12.634551 55.59957 26
12.63375 55.599556 28A
12.634651 55.59937 28B
12.634095 55.59925 28C
12.634646 55.599087 30
12.634623 55.59895 32
12.634385 55.59843 34
12.634455 55.59821 36
12.634276 55.598038 38
12.634578 55.59782 40
12.634246 55.597424 42
12.633815 55.597065 44
12.63416 55.59708 48
12.633402 55.596912 50
12.629254 55.600033 18C
12.58927 55.644558 1
