12.606424 55.568375 2
12.607333 55.568146 3
12.606523 55.56815 4
12.607392 55.567917 5
12.606735 55.567883 6
12.607507 55.56766 7
12.606693 55.567657 8
12.607539 55.56743 9
12.607094 55.56739 10
12.60798 55.567284 11
12.606928 55.56718 12
12.607245 55.566963 14
12.607555 55.566628 16
12.608208 55.566563 17
12.607755 55.56639 18
12.60837 55.566273 19
12.607904 55.56617 20
12.608387 55.5661 21
12.608046 55.56595 22
12.608725 55.56598 23
12.608168 55.56576 24
12.608934 55.56561 25
12.608295 55.565563 26
12.608931 55.565388 27
12.608427 55.56535 28
12.609419 55.565136 29
12.608446 55.56502 30
12.609095 55.565163 31
12.608754 55.565094 32
12.61229 55.65277 5
