12.610389 55.569477 2
12.610972 55.569305 3
12.610138 55.56922 4A
12.610557 55.56925 4B
12.611359 55.56919 5
12.610707 55.56899 6
12.611423 55.569023 7
12.610891 55.568684 8
12.611516 55.568855 9
12.610712 55.56855 10
12.611707 55.568687 11
12.611057 55.568394 12
12.611794 55.568512 13
12.611009 55.56823 14A
12.610926 55.568214 14B
12.610844 55.568195 14C
12.611828 55.568336 15
12.611233 55.568123 16A
12.611277 55.568054 16B
12.611324 55.567986 16C
12.611897 55.568172 17
12.611313 55.56785 18A
12.611212 55.56783 18B
12.611109 55.567806 18C
12.612107 55.567974 19
12.611555 55.567738 20
12.61238 55.567856 21
12.611589 55.567566 22
12.612242 55.567596 23
12.611764 55.567413 24
12.612434 55.567463 25
12.611896 55.567223 26
12.612017 55.56704 28
12.611141 55.568264 14
12.611219 55.568188 16
12.611403 55.567905 18
12.61404 55.66622 1
