12.610025 55.56897 3A
12.609557 55.56886 3B
12.609091 55.568874 4
12.610005 55.568714 5
12.609211 55.56866 6
12.610245 55.56855 7
12.609363 55.568436 8
12.610176 55.56836 9
12.609479 55.56823 10
12.610409 55.568214 11
12.609624 55.568047 12
12.610059 55.56808 13
12.609761 55.567867 14
12.610574 55.567913 15
12.609884 55.567673 16
12.610609 55.567753 17
12.60999 55.56749 18
12.610732 55.567574 19
12.610142 55.56719 20
12.610566 55.56734 21
12.610252 55.566925 22
12.610732 55.567196 23
12.610484 55.566753 24
12.610787 55.567005 25
12.610587 55.5666 26
12.610937 55.566776 27
12.610677 55.566406 28A
12.610557 55.566383 28B
12.610457 55.56636 28C
12.610352 55.566364 28D
12.610228 55.566338 28E
12.610894 55.566154 30
12.611444 55.566185 31
12.610997 55.56597 32
12.611558 55.56597 33
12.610012 55.56582 34A
12.610122 55.566067 34B
12.611812 55.565575 35
12.609723 55.56632 36A
12.609816 55.566338 36B
12.609925 55.56633 36C
12.610038 55.566357 36D
12.612142 55.56565 37
12.609824 55.566525 38
12.612452 55.565704 39
12.609659 55.56665 40
12.612653 55.56587 41
12.609401 55.566788 42
12.612447 55.56624 43
12.611869 55.566288 45
12.61231 55.566513 47
12.608941 55.566776 48
12.60897 55.566597 50A
12.609185 55.56643 50B
12.609265 55.56629 52
12.612711 55.56672 53
12.609393 55.56611 54
12.612918 55.566566 55
12.609264 55.565865 56
12.61345 55.566727 57
12.609584 55.565685 58
12.613418 55.56648 59
12.609686 55.56548 60
12.612941 55.56628 61
12.609739 55.56514 62
12.613143 55.56592 63
12.610172 55.565178 64
12.613428 55.56612 65
12.610216 55.565567 66
12.613759 55.566223 67
12.610516 55.565586 68A
12.610662 55.56517 68B
12.61414 55.566254 69
12.610919 55.56547 70
12.614409 55.566406 71
12.611038 55.565285 72
12.614243 55.56664 73
12.611249 55.565567 74
12.613978 55.566746 75
12.611321 55.565247 76
12.613841 55.566906 77
12.612199 55.565 78A
12.612518 55.56513 78B
12.611975 55.565273 80
12.612257 55.56536 82
12.614425 55.56714 83
12.612653 55.565247 84A
12.612611 55.565487 84B
12.612845 55.565315 84C
12.614625 55.56691 85
12.61303 55.565617 86
12.614743 55.56656 87A
12.613286 55.56534 88
12.615315 55.566727 89
12.613747 55.56551 90
12.615161 55.567 91
12.613603 55.565796 92
12.615566 55.56705 93
12.614191 55.5656 94
12.615775 55.56679 95
12.614012 55.565807 96
12.616022 55.56696 97
12.614199 55.565926 98A
12.614226 55.565964 98B
12.614311 55.56598 98C
12.614377 55.56601 98D
12.614446 55.565994 98E
12.614466 55.565647 98F
12.614482 55.565685 98G
12.614573 55.565693 98H
12.614637 55.56573 98I
12.614711 55.565716 98K
12.61583 55.567192 99
12.614813 55.565933 100
12.61564 55.56737 101
12.614782 55.566147 102
12.615089 55.567326 103
12.615179 55.565693 104
12.615501 55.567585 105
12.61525 55.56622 106
12.615468 55.565926 108
12.615744 55.566036 110
12.615913 55.56778 111
12.615613 55.566395 112
12.616085 55.567585 113
12.615888 55.56619 114
12.61664 55.567493 115
12.616012 55.56652 116
12.616333 55.567314 117
12.61631 55.566265 118
12.616768 55.567024 119
12.616427 55.566624 120
12.617184 55.567127 121
12.616587 55.566425 122
12.617046 55.567368 123
12.616858 55.566673 124
12.617421 55.567364 125
12.616967 55.5665 126
12.617175 55.567665 127
12.617505 55.566593 128
12.616601 55.5678 129
12.617255 55.566895 130
12.616891 55.5679 131
12.617989 55.566746 132
12.617062 55.568325 133A
12.617217 55.568073 133B
12.617848 55.56696 134
12.617481 55.56826 135
12.618074 55.56708 136A
12.618364 55.56692 136B
12.61779 55.56822 137
12.618672 55.567005 138
12.617354 55.567837 139
12.615109 55.56649 87B
12.61068 55.566486 28
12.60976 55.56639 36
12.61539 55.567734 107
12.523548 55.679344 2A
