12.665764 55.60426 4
12.665674 55.603947 5
12.665454 55.604343 6
12.665409 55.603943 7
12.665177 55.60425 8
12.66512 55.603943 9
12.66489 55.60427 10
12.664809 55.603947 11
12.664618 55.604275 12
12.664543 55.60395 13
12.664296 55.604237 14
12.664199 55.603947 15
12.664 55.60428 16
12.663939 55.60395 17
12.663701 55.60427 18
12.66365 55.60395 19
12.663406 55.604282 20
12.663363 55.603954 21
12.663097 55.604256 22
12.663076 55.603947 23
12.662805 55.60428 24
12.662809 55.603954 25
12.6625 55.604317 26
12.662499 55.60393 27
12.523984 55.69594 2
