12.639393 55.58103 2
12.639438 55.58069 3
12.639379 55.581104 4
12.639483 55.580616 5
12.639367 55.581173 6
12.639502 55.58055 7
12.639024 55.5811 8
12.639046 55.58075 9
12.639 55.581226 10
12.639065 55.58064 11
12.638155 55.581177 12
12.639162 55.580536 13
12.638151 55.581272 14
12.638197 55.58086 15
12.637905 55.581226 16
12.638208 55.580738 17
12.637883 55.58133 18
12.638218 55.580616 19
12.637568 55.581223 20
12.638232 55.58049 21
12.637518 55.581326 22
12.637627 55.580833 23
12.637491 55.581417 24
12.63767 55.5807 25
12.636828 55.580887 26
12.637722 55.580578 27
12.636807 55.58095 28
12.637762 55.580444 29
12.636781 55.581028 30
12.636826 55.580704 31
12.636712 55.581142 32
12.636846 55.58063 33
12.636692 55.58121 34
12.636919 55.58052 35
12.636431 55.580753 36
12.636946 55.580444 37
12.636417 55.580853 38
12.636965 55.580376 39
12.636399 55.58095 40
12.636465 55.58063 41
12.636373 55.581055 42
12.636491 55.58053 43
12.636504 55.58046 45
12.636522 55.580357 47
12.638148 55.58006 49
12.527874 55.69887 1
