12.649876 55.584457 1
12.650365 55.5845 2
12.649937 55.58462 3
12.650536 55.584854 4A
12.650907 55.58482 4B
12.649952 55.584854 5A
12.650012 55.58499 5B
12.650069 55.58517 5C
12.650114 55.585346 5D
12.650132 55.585518 5E
12.650702 55.58501 6A
12.650675 55.585182 6B
12.650255 55.585888 7
12.650758 55.58533 8
12.65017 55.58608 9A
12.649646 55.58619 9B
12.65037 55.58628 11
12.650418 55.586494 13
12.650923 55.586296 14
12.65046 55.586666 15
12.651025 55.586456 16
12.650526 55.58683 17
12.651014 55.58662 18
12.65104 55.58679 20
12.650688 55.58745 21
12.650727 55.58764 23
12.650713 55.587776 25
12.651384 55.587715 26
12.650807 55.587955 27
12.651306 55.58788 28
12.650861 55.588116 29
12.651436 55.58805 30
12.650863 55.588264 31
12.651716 55.58817 32
12.650943 55.588425 33
12.651428 55.588387 34
12.650955 55.58856 35
12.651482 55.58853 36
12.651108 55.58894 37
12.651611 55.588795 38
12.649958 55.586338 9C
12.549985 55.665245 2
