12.67603 55.593197 1
12.67611 55.59317 2
12.676185 55.59315 3
12.676265 55.593132 4
12.676349 55.593117 5
12.676409 55.5931 6
12.676468 55.593086 7
12.676547 55.593075 8
12.676676 55.59315 9
12.676739 55.593227 10
12.676788 55.593086 13
12.676917 55.593063 14
12.676714 55.593033 15
12.676608 55.592957 16
12.676689 55.59293 17
12.676618 55.59286 18
12.67654 55.592888 19
12.676528 55.59282 20
12.676312 55.592842 21
12.676391 55.59291 22
12.676469 55.593002 23
12.67639 55.593025 24
12.676318 55.593044 25
12.676307 55.592976 26
12.676207 55.593075 27
12.676166 55.593018 28
12.676092 55.593098 29
12.676058 55.59304 30
12.676013 55.593113 31
12.675963 55.59306 32
12.675944 55.593132 33
12.675897 55.59307 34
12.676811 55.592884 35
12.676686 55.59278 36
12.677264 55.593155 38
12.677198 55.593105 39
12.677118 55.593063 40
12.676273 55.59293 41
12.676136 55.59295 42
12.675984 55.592976 43
12.675841 55.593002 44
12.675795 55.592937 45
12.675767 55.592842 46
12.6759 55.59281 47
12.676013 55.59279 48
12.676256 55.592743 50
12.675946 55.592907 51
12.676109 55.59287 52
12.554254 55.669277 1
