12.646469 55.58425 2
12.645951 55.5844 3
12.646601 55.584423 4
12.645982 55.584576 5
12.646417 55.584614 6
12.645949 55.584717 7
12.646554 55.58524 8
12.64591 55.58488 9
12.646575 55.5854 10
12.645938 55.585068 11
12.646472 55.585583 12
12.645925 55.585255 13
12.646417 55.58577 14
12.645862 55.585445 15
12.646526 55.58593 16
12.645976 55.585613 17
12.646493 55.586105 18
12.645988 55.585793 19
12.646557 55.586277 20
12.646003 55.585938 21
12.646623 55.586452 22
12.646015 55.586105 23
12.646633 55.586586 24
12.646018 55.586285 25
12.6466 55.58679 26
12.646022 55.58646 27
12.646607 55.58695 28
12.646031 55.58661 29
12.646526 55.58714 30
12.645871 55.58679 31
12.646041 55.586952 33
12.645897 55.587135 35
12.577998 55.600567 2
