12.670019 55.594524 2
12.670297 55.594986 3
12.670031 55.594635 4
12.670143 55.59516 5
12.670017 55.59473 6
12.670099 55.595345 7
12.669799 55.59493 8
12.670179 55.595516 9
12.669943 55.595943 11A
12.669931 55.59615 13A
12.669914 55.596256 13B
12.669675 55.59556 14A
12.669662 55.59565 14B
12.669492 55.59577 14C
12.669364 55.595783 14D
12.669218 55.5958 14E
12.669093 55.595806 14F
12.6696 55.59554 14G
12.66959 55.59561 14H
12.669481 55.595745 14J
12.669336 55.595757 14K
12.669209 55.59577 14L
12.66908 55.595783 14M
12.669601 55.59557 14N
12.669594 55.595657 14P
12.669492 55.596012 16
12.669993 55.597095 17A
12.669818 55.597218 17B
12.669708 55.597363 19
12.669803 55.59751 21
12.669192 55.59675 22
12.669695 55.59768 23
12.669296 55.596928 24
12.669388 55.59822 29
12.669261 55.597614 30
12.669327 55.59836 31
12.66973 55.598457 33
12.669674 55.59859 35
12.669235 55.59863 37
12.668796 55.59934 43
12.668871 55.599525 45
12.669177 55.59959 47
12.669233 55.599785 49
12.668699 55.59977 51
12.668721 55.5999 53
12.668974 55.599976 55
12.669019 55.60022 57
12.668637 55.600143 59
12.66891 55.600407 61
12.668526 55.600353 63
12.668918 55.60058 65
12.668389 55.600548 67
12.669394 55.59564 14
12.66994 55.596436 15A
12.669819 55.59662 15B
12.669852 55.59672 15C
12.670077 55.59662 15D
12.670193 55.596615 15E
12.669103 55.597504 28B
12.669659 55.594677 6B
12.669783 55.59507 10A
12.669775 55.595104 10B
12.66949 55.5954 12A
12.669462 55.59542 12B
