12.639911 55.583496 3
12.640384 55.583538 5
12.640373 55.583366 7
12.640428 55.58314 9
12.640521 55.582993 11
12.639999 55.583027 13
12.639657 55.58306 15
12.639728 55.582607 17
12.640082 55.58264 19
12.640525 55.58278 21
12.640546 55.58262 23
12.64055 55.5824 25
12.640628 55.58223 27
12.640062 55.582317 29
12.639826 55.582302 31
12.639884 55.581886 33
12.640217 55.581875 35
12.640787 55.58199 37
12.640574 55.581825 39
12.640693 55.58162 41
12.640819 55.58147 43
12.640295 55.58154 45
12.639954 55.581543 47
12.640016 55.581112 49
12.640348 55.581146 51
12.640813 55.581257 53
12.640796 55.58106 55
12.640989 55.58086 57
12.640941 55.5807 59
12.640386 55.580734 61
12.64009 55.580784 63
12.598573 55.66709 3
