12.673821 55.59345 1
12.673919 55.593464 2
12.673882 55.593304 3
12.673746 55.59329 5
12.673868 55.593197 6
12.67389 55.593063 8
12.673721 55.59309 9
12.673976 55.592945 10
12.673847 55.59287 13
12.674036 55.59279 14
12.673689 55.59276 15
12.674073 55.59268 16
12.673892 55.592766 17
12.673933 55.592693 19
12.674084 55.592422 20
12.673963 55.59258 21
12.674007 55.59248 23
12.674159 55.59226 24
12.673946 55.592323 25
12.674232 55.592022 26
12.674032 55.59225 27
12.674267 55.591934 28
12.673991 55.592167 29
12.674288 55.591854 30
12.673982 55.5921 31
12.674312 55.591755 32
12.674045 55.59202 33A
12.674048 55.59191 33B
12.674152 55.591793 35
12.674335 55.591545 36
12.674195 55.59164 37
12.674153 55.591545 39
12.674159 55.59143 41
12.67371 55.593 11
