12.671131 55.593224 3
12.671187 55.59335 4
12.671315 55.59319 5
12.671362 55.593384 6
12.67147 55.59318 7
12.671548 55.593388 8
12.671688 55.59317 9
12.671719 55.59339 10
12.671879 55.593388 12
12.672187 55.593143 13
12.672056 55.593266 14
12.672377 55.59315 15
12.672297 55.59326 16
12.672549 55.59314 17
12.672565 55.59325 18
12.672811 55.593147 19
12.672949 55.59314 21
12.673056 55.593388 22
12.673099 55.593243 23
12.673247 55.593407 24
12.673329 55.593315 25
12.673278 55.59357 26
12.673396 55.593575 28
12.673697 55.593414 29
12.674098 55.593613 34
12.674235 55.593506 35
12.674271 55.59358 36
12.673519 55.59358 30A
12.673633 55.593575 30B
12.67375 55.593536 30C
12.670947 55.593353 2
12.617965 55.676727 1
