12.639231 55.581886 2
12.639327 55.581367 3
12.639221 55.581955 4
12.63934 55.581295 5
12.639178 55.582027 6
12.638857 55.581528 7
12.639158 55.5821 8
12.638882 55.581413 9
12.638952 55.581753 10
12.638906 55.58132 11
12.638931 55.581863 12
12.63815 55.58156 13
12.638007 55.581882 14
12.638165 55.581463 15
12.637995 55.58199 16
12.638172 55.58137 17
12.637983 55.58209 18
12.63787 55.581627 19
12.637833 55.58202 20
12.637887 55.581512 21
12.637813 55.582123 22
12.637894 55.581417 23
12.637798 55.582214 24
12.637455 55.58162 25
12.637522 55.581837 26
12.637501 55.581512 27
12.637486 55.581944 28
12.636591 55.58148 29
12.637451 55.582035 30
12.636618 55.581406 31
12.636546 55.581738 32
12.636635 55.581333 33
12.636525 55.58181 34
12.636246 55.581535 35
12.636477 55.581924 36
12.636272 55.581432 37
12.63647 55.581997 38
12.636285 55.58136 39
12.636448 55.58207 40
12.636301 55.581284 41
12.636228 55.58165 42
12.636316 55.581184 43
12.636212 55.581734 44
12.636196 55.58182 46
12.636177 55.58191 48
12.636161 55.581997 50
