12.675403 55.594505 1B
12.674946 55.593605 2
12.675153 55.5944 3
12.674736 55.59355 4
12.674122 55.594124 9
12.674782 55.593204 12
12.674232 55.593815 13
12.674671 55.593193 14
12.674297 55.593716 15
12.674814 55.593105 16
12.674711 55.592888 18
12.674734 55.592766 20
12.674751 55.59265 22
12.674264 55.593224 23
12.674305 55.593147 25
12.674306 55.593056 27
12.674339 55.59297 29
12.674415 55.592834 31
12.674475 55.59258 33
12.674579 55.592278 37A
12.674502 55.592136 39
12.67464 55.592052 41
12.67465 55.591957 43
12.67466 55.59187 45
12.674491 55.59186 47
12.674669 55.59172 49
12.674635 55.591618 51
12.674516 55.59155 53
12.674583 55.591496 55
12.674496 55.591434 57
12.674427 55.591343 59
12.674187 55.591217 61
12.673748 55.59067 65
12.673651 55.590553 67
12.673024 55.58975 73
12.677138 55.59445 1A
12.674132 55.593903 11A
12.674038 55.593872 11B
12.674668 55.59311 16A
12.674671 55.593056 16B
12.6743 55.593655 17
12.674796 55.594402 5A
12.674446 55.594486 5B
12.674373 55.594666 5C
12.674323 55.592266 37B
12.619023 55.668396 2
