12.667277 55.589466 3
12.668958 55.58969 4
12.668744 55.589592 6
12.668352 55.58948 8
12.668275 55.589382 10
12.668036 55.58931 12
12.667775 55.589207 14
12.667548 55.589104 16
12.66728 55.588985 18
12.667097 55.588894 20
12.66581 55.58846 21
12.666896 55.58878 22
12.665553 55.588364 23
12.666659 55.588654 24
12.665426 55.588226 25
12.66647 55.588528 26A
12.666366 55.58848 26B
12.665176 55.588104 27
12.666195 55.588303 28
12.665052 55.587944 29
12.665918 55.588203 30
12.66483 55.5878 31A
12.665732 55.588066 32
12.664522 55.587654 33
12.665586 55.587948 34
12.66437 55.587452 35
12.665376 55.58781 36
12.664196 55.587322 37
12.665226 55.587624 38
12.663989 55.587185 39
12.664925 55.58747 40
12.663724 55.58705 41
12.66466 55.587296 42
12.663688 55.586895 43
12.664424 55.587135 44
12.663491 55.586784 45
12.664287 55.587013 46
12.663325 55.586678 47
12.664099 55.586857 48
12.663215 55.586548 49
12.663919 55.586735 50
12.663125 55.58659 51A
12.663048 55.586624 51B
12.66297 55.586662 51C
12.662894 55.586697 51D
12.663745 55.58661 52
12.662865 55.58629 53
12.663568 55.586487 54
12.662779 55.586334 55A
12.662701 55.586365 55B
12.66262 55.586403 55C
12.662541 55.58644 55D
12.663375 55.58635 56
12.662467 55.586082 57
12.663235 55.586243 58
12.662293 55.585976 59
12.663037 55.586094 60
12.662105 55.58586 61
12.662895 55.58598 62
12.661916 55.58574 63
12.662707 55.585873 64
12.661672 55.585625 65
12.662534 55.58576 66
12.661502 55.58549 67
12.66235 55.585644 68
12.66113 55.58529 69
12.662183 55.58554 70
12.661071 55.58532 71
12.661979 55.58542 72
12.661009 55.585354 73
12.662168 55.5852 74
12.66093 55.58539 75
12.66151 55.58516 76
12.660859 55.585426 77
12.661578 55.585117 78
12.660684 55.58504 79
12.661648 55.58508 80
12.660623 55.585075 81
12.661704 55.585045 82
12.660556 55.585117 83
12.661773 55.585007 84
12.660471 55.58515 85
12.661036 55.584908 86
12.660403 55.58519 87
12.661105 55.584866 88
12.660223 55.584805 89
12.661172 55.584824 90
12.660163 55.584843 91
12.661231 55.58479 92
12.660089 55.58489 93
12.661303 55.584743 94
12.660015 55.584915 95
12.660553 55.584656 96
12.659951 55.584953 97
12.660622 55.584614 98
12.659746 55.58457 99
12.660685 55.58457 100
12.659675 55.584618 101
12.660742 55.584534 102
12.659617 55.584656 103
12.660803 55.584496 104
12.65954 55.584686 105
12.660052 55.584408 106
12.659468 55.584736 107
12.660117 55.584366 108
12.659257 55.584343 109
12.660177 55.584324 110
12.65919 55.584393 111
12.660227 55.58429 112
12.659125 55.58444 113
12.660295 55.584244 114
12.659058 55.584465 115
12.659531 55.58417 116
12.658995 55.58451 117
12.659591 55.58413 118
12.658749 55.58413 119
12.659648 55.584087 120
12.658688 55.584175 121
12.659711 55.584045 122
12.658632 55.58422 123
12.659768 55.584003 124
12.658558 55.58425 125
12.658994 55.583946 126
12.658496 55.584297 127
12.65905 55.583904 128
12.658239 55.583916 129
12.659102 55.583862 130
12.658183 55.58396 131
12.659165 55.583817 132
12.658119 55.58401 133
12.659232 55.583763 134
12.658052 55.584045 135
12.658455 55.58372 136
12.657993 55.58409 137
12.658509 55.58368 138
12.658564 55.583633 140
12.658621 55.583588 142
12.658683 55.583534 144
12.665941 55.589005 17
12.663343 55.58773 31B
