12.647418 55.58383 1
12.652412 55.582718 2
12.652101 55.5827 4
12.651778 55.582684 6
12.651128 55.582645 10
12.650813 55.58263 12
12.650497 55.58261 14
12.650173 55.582596 16
12.649743 55.58257 18
12.64935 55.58257 20
12.649046 55.582554 22
12.648711 55.58253 24
12.648388 55.5825 26
12.647368 55.582577 28
12.647319 55.58266 30
12.647221 55.582825 32
12.647168 55.582916 34
12.647031 55.583073 36
12.646987 55.58315 38
12.646712 55.583496 40
12.646691 55.583622 42
12.64667 55.58375 44
12.64665 55.58387 46
12.651462 55.582664 8
12.5409 55.679276 4
