12.618716 55.574947 1B
12.617971 55.575146 2
12.622946 55.571247 3
12.618195 55.574917 4
12.622756 55.571426 5
12.618453 55.574802 6
12.622994 55.571026 7A
12.622452 55.57114 7B
12.618643 55.574654 8
12.622604 55.570717 9
12.618809 55.574512 10
12.62209 55.570892 11
12.619002 55.57435 12
12.622385 55.57058 13
12.619171 55.574223 14
12.621877 55.570686 15
12.619401 55.574043 16
12.621933 55.57035 17
12.619589 55.57391 18
12.622214 55.570293 19
12.619739 55.573788 20
12.621904 55.57007 21
12.619972 55.573616 22
12.621398 55.570198 23
12.620128 55.573456 24
12.62174 55.56982 25A
12.621294 55.569916 25B
12.620313 55.57335 26
12.621391 55.569668 27
12.620562 55.573227 28
12.621006 55.56967 29
12.620707 55.57307 30
12.620769 55.56958 31A
12.621088 55.569386 31B
12.620833 55.57293 32
12.620549 55.5693 33
12.620897 55.572693 34
12.621037 55.569153 35
12.621197 55.572624 36
12.620243 55.56907 37A
12.620599 55.568916 37B
12.621224 55.572414 38
12.620394 55.5688 39
12.621644 55.57231 40
12.619933 55.568745 41
12.621587 55.571983 42A
12.621973 55.572086 42B
12.619888 55.568554 43A
12.620228 55.568443 43B
12.62183 55.571735 44A
12.622204 55.571903 44B
12.620039 55.56822 45A
12.619473 55.568317 45B
12.622394 55.571705 46
12.621972 55.571285 48
12.621791 55.571075 50
12.61957 55.567738 51
12.621461 55.57142 52A
12.621612 55.571503 52B
12.618859 55.567642 53
12.62142 55.571613 54
12.619374 55.567535 55
12.618885 55.567112 59
12.620881 55.571297 60
12.618449 55.567204 61
12.62108 55.571114 62
12.621266 55.570896 64
12.621451 55.570724 66
12.620869 55.570656 68
12.621201 55.570534 70
12.620404 55.57036 74
12.620721 55.570145 76
12.620169 55.570156 78
12.620518 55.56996 80
12.620432 55.569717 82
12.619844 55.569912 84
12.619641 55.570187 86
12.61991 55.570343 88
12.619452 55.570404 90
12.618992 55.570305 94
12.619211 55.57005 96
12.619336 55.569855 98
12.619608 55.569614 100
12.61983 55.56943 102
12.619108 55.569294 104
12.619867 55.56915 106
12.618887 55.569115 108A
12.619228 55.56898 108B
12.619254 55.56877 110
12.619182 55.568573 112
12.618891 55.568848 114
12.618641 55.5692 116
12.61832 55.569294 118
12.618231 55.56945 120
12.617724 55.56934 124
12.61796 55.569115 126
12.618119 55.568962 128
12.617622 55.568726 130
12.617763 55.568527 132
12.618447 55.56868 134
12.618575 55.568554 136A
12.618737 55.568314 138A
12.618883 55.56824 138B
12.618064 55.568134 140
12.618475 55.56805 142
12.618166 55.567722 144
12.620842 55.5738 1C
12.619445 55.56809 47A
12.619376 55.56802 47B
12.619809 55.56799 47C
12.619733 55.56791 47D
12.619241 55.567886 49A
12.619169 55.56781 49B
12.618655 55.567436 57A
12.619116 55.567284 57B
12.620628 55.57048 72A
12.620859 55.57039 72B
12.61956 55.56891 108C
12.620068 55.5679 45C
12.620301 55.56864 39A
12.620782 55.568607 39B
12.646097 55.640594 3
