12.637751 55.588146 3
12.636737 55.588303 4
12.63777 55.58802 5
12.637124 55.58811 6
12.637816 55.587864 7
12.637875 55.58767 9
12.637172 55.587875 10
12.637938 55.58752 11
12.63719 55.58769 12
12.637868 55.58737 13
12.637213 55.587517 14
12.63798 55.58716 15A
12.638014 55.587013 15B
12.637182 55.58734 16
12.638099 55.58688 17
12.637312 55.58716 18
12.63789 55.58671 19
12.637335 55.586895 20
12.638032 55.586563 21
12.637406 55.586643 22
12.63802 55.586407 23
12.637447 55.586456 24
12.638099 55.585922 27
12.637428 55.585865 28
12.638185 55.58576 29
12.637454 55.58569 30
12.638017 55.585567 31
12.637632 55.585484 32
12.638294 55.58544 33
12.637663 55.5853 34
12.638227 55.585262 35
12.637684 55.585136 36
12.638114 55.585045 37
12.637731 55.584965 38
12.637657 55.5848 40
12.638377 55.584785 41A
12.638198 55.584606 41B
12.637789 55.584637 42
12.638221 55.58447 43
12.637816 55.584476 44
12.638376 55.584316 45
12.637851 55.584286 46
12.638292 55.58411 47
12.637905 55.584038 48
12.638463 55.583794 49
12.631671 55.636414 2
