12.621147 55.571926 3A
12.620858 55.571766 3B
12.620823 55.572224 4
12.620453 55.57147 5A
12.620308 55.57136 5B
12.620722 55.57202 6
12.620149 55.57114 7
12.619923 55.571014 9
12.619984 55.5715 10
12.619762 55.57087 11
12.619713 55.57135 12
12.620064 55.57051 13A
12.619582 55.570724 13B
12.619545 55.57123 14A
12.619457 55.571274 14B
12.619363 55.571312 14C
12.619255 55.571327 14D
12.619175 55.57136 14E
12.619102 55.571396 14F
12.619288 55.570614 15
12.619363 55.571117 16A
12.619301 55.57107 16B
12.618702 55.570126 19
12.618991 55.56976 21
12.618111 55.570545 22
12.618404 55.56997 23
12.618167 55.57027 24
12.618012 55.57013 26
12.618163 55.569664 27
12.617226 55.569115 31
12.617315 55.56956 32
12.617225 55.568584 33
12.616668 55.56957 34
12.616986 55.568825 35
12.617101 55.569397 36
12.616724 55.56871 37
12.616822 55.569187 38
12.616493 55.56855 39
12.616434 55.568214 41A
12.616245 55.568367 41B
12.616361 55.567993 41C
12.615886 55.568134 43
12.615696 55.568382 44
12.614737 55.567528 47
12.614765 55.567856 48
12.614735 55.56726 49
12.614294 55.56777 50
12.614217 55.5674 51
12.613675 55.567215 53
12.613355 55.567146 55
12.613247 55.567375 56
12.613093 55.567066 57
12.612837 55.56725 58
12.612774 55.56696 59
12.611223 55.567028 60
12.612139 55.566776 61
12.611464 55.56683 62
12.61193 55.566692 63
12.611567 55.566578 65
12.61127 55.566498 67
12.618932 55.569534 25A
12.618306 55.569794 25B
12.618617 55.570465 20
12.619709 55.571224 14
12.619448 55.571064 16
12.610434 55.655277 1
