12.601659 55.57696 300
12.601353 55.59786 156
12.600883 55.597958 158
12.60026 55.59725 160
12.602826 55.5981 163
12.599304 55.59664 166
12.598737 55.596237 170
12.600151 55.596493 173
12.597542 55.59418 174
12.596818 55.593307 190
12.596491 55.59311 192
12.596083 55.59258 196
12.597749 55.59337 197
12.595962 55.592278 198
12.597315 55.593258 199A
12.597441 55.59313 199B
12.597416 55.592724 201
12.59619 55.59173 209
12.596214 55.59137 211
12.595954 55.590355 212
12.597856 55.58588 244
12.597877 55.585316 246
12.607965 55.587666 249
12.607904 55.587704 249R
12.604442 55.58649 251
12.598001 55.58406 252
12.59975 55.584496 253
12.599293 55.584106 256
12.599638 55.584164 257A
12.599893 55.584003 259
12.59943 55.583496 260
12.600005 55.58377 261
12.599625 55.583065 262
12.600559 55.58308 265
12.599489 55.58251 266
12.599982 55.58244 266B
12.599904 55.581814 268
12.600669 55.58263 269
12.598863 55.58172 270
12.600846 55.582287 271
12.600042 55.58141 272
12.598085 55.580376 276
12.600742 55.581486 277
12.599821 55.580456 278
12.600363 55.57971 280
12.600914 55.580902 281
12.600907 55.580914 283
12.601248 55.579563 289
12.601356 55.578964 301
12.596914 55.596287 172
12.615733 55.593098 249A
12.615928 55.593945 249B
12.557194 55.683838 1
