12.670961 55.5925 3
12.671035 55.592712 4
12.671172 55.592625 7
12.67156 55.592777 8
12.671298 55.592636 9
12.67172 55.592827 10
12.671465 55.592655 11
12.671658 55.59267 13
12.672311 55.59277 19
12.672403 55.59286 20
12.672517 55.592873 22
12.672615 55.592876 24
12.672745 55.592915 26
12.673289 55.59285 27
12.672935 55.59293 28
12.673465 55.592854 29
12.673079 55.59294 30
12.673638 55.59286 31
12.673207 55.592957 32
12.672399 55.592945 20A
12.671242 55.59277 6A
12.671327 55.59278 6B
12.593604 55.615513 2
