12.671995 55.595615 3
12.67189 55.59582 5
12.671418 55.595894 6
12.671795 55.59609 7
12.671396 55.596046 8
12.671998 55.596237 9
12.671324 55.596165 10
12.671731 55.5964 11
12.671205 55.596405 12
12.672205 55.59661 13
12.671038 55.596596 14
12.67148 55.59662 15
12.671348 55.596886 17
12.670762 55.59712 18A
12.670552 55.597057 18B
12.671805 55.59702 19
12.670886 55.59724 20
12.671636 55.597153 21
12.670811 55.59741 22
12.671561 55.59727 23
12.670537 55.59754 24
12.67153 55.5974 25
12.670656 55.597706 26
12.6715 55.59754 27
12.67088 55.59786 28
12.671576 55.597664 29
12.670837 55.598106 30
12.671461 55.59779 31
12.670611 55.598248 32
12.671373 55.597954 33
12.670554 55.598392 34
12.671639 55.598103 35
12.670692 55.59853 36
12.6713 55.598267 37
12.670375 55.598667 38
12.671192 55.598442 39
12.670386 55.598797 40
12.671141 55.598602 41
12.670513 55.598946 42
12.671128 55.598732 43
12.67103 55.59887 45
12.670345 55.599415 46
12.671399 55.59911 47
12.670178 55.599552 48
12.671153 55.59928 49
12.669829 55.599648 50
12.671319 55.5995 51
12.66976 55.599808 52
12.671087 55.599426 53
12.669728 55.599957 54
12.671085 55.599632 55
12.669946 55.600147 56
12.669605 55.600307 58
12.671221 55.599846 59
12.669852 55.60051 60
12.670841 55.599792 61
12.669455 55.600597 62
12.670756 55.599964 63
12.66947 55.600754 64
12.671107 55.6 65
12.669647 55.60101 66
12.670453 55.600136 67
12.670345 55.6003 69
12.670407 55.600437 71
12.670502 55.60063 73
12.670965 55.600674 75
12.670903 55.600857 77
12.670192 55.600853 79
12.670149 55.601013 81
12.670113 55.596886 16D
12.670734 55.5963 16A
12.670656 55.596554 16B
12.669917 55.59688 16E
12.670539 55.596897 16C
12.639883 55.66363 9
