12.580998 55.682774 2
12.580919 55.68306 3
12.581114 55.68291 4
12.581125 55.683304 5
12.581443 55.683006 6A
12.58176 55.68291 6B
12.581329 55.683544 7
12.58132 55.683147 8
12.581791 55.684086 9
12.581438 55.683285 10
12.582001 55.684338 11
12.582206 55.68459 13
12.581559 55.683422 14
12.581922 55.683372 14A
12.582108 55.683357 14B
12.582427 55.684837 15
12.58164 55.683514 16
12.582531 55.68496 17
12.581713 55.683613 18
12.582154 55.68341 18A
12.582762 55.685226 19
12.581833 55.683743 20
12.582317 55.683613 20A
12.582986 55.68549 21
12.581924 55.683857 22
12.582212 55.6838 22A
12.583211 55.685757 23
12.582007 55.683945 24
12.583365 55.68601 25
12.582089 55.684044 26
12.582357 55.684017 26A
12.582498 55.683853 26B
12.582191 55.684162 28
12.58258 55.684097 28A
12.583715 55.686455 29
12.582288 55.68428 30
12.582527 55.684254 30A
12.582391 55.684414 32
12.582726 55.684303 32A
12.582938 55.684284 32B
12.582469 55.684517 34
12.582628 55.684498 34A
12.582784 55.684444 34B
12.582564 55.684616 36
12.582964 55.684464 36B
12.584303 55.68718 37
12.582663 55.684746 38
12.584423 55.68732 39
12.582844 55.684944 40
12.5846 55.687508 41
12.582924 55.68504 42
12.584685 55.68762 43
12.583016 55.685146 44
12.583433 55.685017 44A
12.583196 55.685127 44B
12.583096 55.685234 44C
12.583349 55.68554 46
12.583271 55.685314 46A
12.58334 55.685455 46B
12.583447 55.68559 46C
12.583587 55.685455 46D
12.583569 55.685238 46E
12.583296 55.685207 46F
12.585167 55.68812 49
12.583537 55.685776 50
12.585258 55.688232 51
12.585391 55.688393 53
12.584057 55.686398 54
12.585491 55.688503 55
12.584434 55.68683 56
12.585563 55.68881 57A
12.585283 55.68888 57B
12.585 55.688957 57C
12.584718 55.689034 57D
12.584433 55.68911 57E
12.584544 55.68697 58A
12.584589 55.686954 58B
12.584764 55.68717 58C
12.585887 55.689007 59A
12.585825 55.689026 59B
12.585762 55.68904 59C
12.584882 55.68719 60A
12.585214 55.687107 60B
12.585518 55.687023 60C
12.585722 55.689095 61
12.584979 55.68742 62
12.586194 55.689358 63
12.585058 55.687515 64
12.585215 55.68774 66
12.585305 55.68785 68
12.585525 55.688103 70
12.585647 55.68825 74
12.585773 55.688393 76
12.58672 55.69004 73
12.58597 55.688625 78
12.586065 55.68876 80
12.586837 55.689644 92
12.586989 55.689816 94
12.587097 55.68995 96
12.581214 55.683025 6
12.581995 55.68497 15A
12.581933 55.685173 15B
12.581524 55.685062 15C
12.583597 55.685818 50A
12.580964 55.68357 7A
12.580997 55.683617 7B
12.58106 55.683975 7C
12.581567 55.684235 7D
12.582051 55.683533 18B
12.581622 55.68307 8B
12.584154 55.68637 54A
12.581996 55.683453 18C
12.642836 55.634968 1
