15.035762 55.11391 10
15.05119 55.11499 11
15.035542 55.112915 12
15.051487 55.117874 13
15.037139 55.11248 14
15.051201 55.120575 15
15.03495 55.110973 16
15.04953 55.120712 17
15.036871 55.11013 18
15.045055 55.11718 19
15.054144 55.12447 2
15.031881 55.108784 20
15.039717 55.10952 23
15.026744 55.106567 24
15.04022 55.106907 25
15.043922 55.116188 21
15.029708 55.109974 22
15.02473 55.10212 26
15.045777 55.10854 27
15.045263 55.107136 27B
15.034368 55.1071 29
15.060377 55.117355 3
15.029804 55.105602 31
15.053188 55.12397 4
15.063833 55.118095 5
15.040688 55.114567 6
15.052624 55.11998 7
15.039298 55.113014 8
15.053013 55.118336 9
15.02634 55.10433 26A
14.792241 55.27757 1
