15.016761 55.139603 2
15.017186 55.139515 3
15.016827 55.13946 4
15.017323 55.139423 5
15.016898 55.139324 6
15.017392 55.139282 7
14.834191 55.244743 2
15.016761 55.139603 2
15.017186 55.139515 3
15.016827 55.13946 4
15.017323 55.139423 5
15.016898 55.139324 6
15.017392 55.139282 7
14.834191 55.244743 2
15.016761 55.139603 2
15.017186 55.139515 3
15.016827 55.13946 4
15.017323 55.139423 5
15.016898 55.139324 6
15.017392 55.139282 7
14.834191 55.244743 2
15.016761 55.139603 2
15.017186 55.139515 3
15.016827 55.13946 4
15.017323 55.139423 5
15.016898 55.139324 6
15.017392 55.139282 7
14.834191 55.244743 2
15.016761 55.139603 2
15.017186 55.139515 3
15.016827 55.13946 4
15.017323 55.139423 5
15.016898 55.139324 6
15.017392 55.139282 7
14.834191 55.244743 2
15.016761 55.139603 2
15.017186 55.139515 3
15.016827 55.13946 4
15.017323 55.139423 5
15.016898 55.139324 6
15.017392 55.139282 7
14.834191 55.244743 2
