15.040227 55.1282 2
15.038753 55.12396 3
15.028898 55.12886 4
15.030491 55.126484 6
15.056627 55.059807 1
15.040227 55.1282 2
15.038753 55.12396 3
15.028898 55.12886 4
15.030491 55.126484 6
15.056627 55.059807 1
15.040227 55.1282 2
15.038753 55.12396 3
15.028898 55.12886 4
15.030491 55.126484 6
15.056627 55.059807 1
15.040227 55.1282 2
15.038753 55.12396 3
15.028898 55.12886 4
15.030491 55.126484 6
15.056627 55.059807 1
15.040227 55.1282 2
15.038753 55.12396 3
15.028898 55.12886 4
15.030491 55.126484 6
15.056627 55.059807 1
15.040227 55.1282 2
15.038753 55.12396 3
15.028898 55.12886 4
15.030491 55.126484 6
15.056627 55.059807 1
