15.017795 55.15265 10
15.019318 55.153385 12
15.02121 55.155647 14
15.009234 55.156937 2
15.011155 55.15836 3
15.010283 55.15266 4
15.013728 55.159233 5
15.0169 55.15638 6
15.015249 55.157215 7
15.019277 55.156292 8
15.02251 55.15542 9
15.142953 55.13593 3
15.017795 55.15265 10
15.019318 55.153385 12
15.02121 55.155647 14
15.009234 55.156937 2
15.011155 55.15836 3
15.010283 55.15266 4
15.013728 55.159233 5
15.0169 55.15638 6
15.015249 55.157215 7
15.019277 55.156292 8
15.02251 55.15542 9
15.142953 55.13593 3
15.017795 55.15265 10
15.019318 55.153385 12
15.02121 55.155647 14
15.009234 55.156937 2
15.011155 55.15836 3
15.010283 55.15266 4
15.013728 55.159233 5
15.0169 55.15638 6
15.015249 55.157215 7
15.019277 55.156292 8
15.02251 55.15542 9
15.142953 55.13593 3
15.017795 55.15265 10
15.019318 55.153385 12
15.02121 55.155647 14
15.009234 55.156937 2
15.011155 55.15836 3
15.010283 55.15266 4
15.013728 55.159233 5
15.0169 55.15638 6
15.015249 55.157215 7
15.019277 55.156292 8
15.02251 55.15542 9
15.142953 55.13593 3
15.017795 55.15265 10
15.019318 55.153385 12
15.02121 55.155647 14
15.009234 55.156937 2
15.011155 55.15836 3
15.010283 55.15266 4
15.013728 55.159233 5
15.0169 55.15638 6
15.015249 55.157215 7
15.019277 55.156292 8
15.02251 55.15542 9
15.142953 55.13593 3
15.017795 55.15265 10
15.019318 55.153385 12
15.02121 55.155647 14
15.009234 55.156937 2
15.011155 55.15836 3
15.010283 55.15266 4
15.013728 55.159233 5
15.0169 55.15638 6
15.015249 55.157215 7
15.019277 55.156292 8
15.02251 55.15542 9
15.142953 55.13593 3
