15.005294 55.145374 1
14.997388 55.14436 4
15.002048 55.14529 2
15.004396 55.14529 3
15.112539 55.030106 1
15.005294 55.145374 1
14.997388 55.14436 4
15.002048 55.14529 2
15.004396 55.14529 3
15.112539 55.030106 1
15.005294 55.145374 1
14.997388 55.14436 4
15.002048 55.14529 2
15.004396 55.14529 3
15.112539 55.030106 1
15.005294 55.145374 1
14.997388 55.14436 4
15.002048 55.14529 2
15.004396 55.14529 3
15.112539 55.030106 1
15.005294 55.145374 1
14.997388 55.14436 4
15.002048 55.14529 2
15.004396 55.14529 3
15.112539 55.030106 1
15.005294 55.145374 1
14.997388 55.14436 4
15.002048 55.14529 2
15.004396 55.14529 3
15.112539 55.030106 1
