14.994596 55.10876 10
14.984794 55.105915 11
14.990244 55.1086 12
15.000319 55.110218 4
15.007849 55.11458 2
14.999776 55.10924 5
14.998163 55.11157 6
14.998219 55.107265 7
14.995621 55.11167 8
14.994948 55.105457 9
15.000924 55.104366 7B
15.119796 55.06459 1
14.994596 55.10876 10
14.984794 55.105915 11
14.990244 55.1086 12
15.000319 55.110218 4
15.007849 55.11458 2
14.999776 55.10924 5
14.998163 55.11157 6
14.998219 55.107265 7
14.995621 55.11167 8
14.994948 55.105457 9
15.000924 55.104366 7B
15.119796 55.06459 1
14.994596 55.10876 10
14.984794 55.105915 11
14.990244 55.1086 12
15.000319 55.110218 4
15.007849 55.11458 2
14.999776 55.10924 5
14.998163 55.11157 6
14.998219 55.107265 7
14.995621 55.11167 8
14.994948 55.105457 9
15.000924 55.104366 7B
15.119796 55.06459 1
14.994596 55.10876 10
14.984794 55.105915 11
14.990244 55.1086 12
15.000319 55.110218 4
15.007849 55.11458 2
14.999776 55.10924 5
14.998163 55.11157 6
14.998219 55.107265 7
14.995621 55.11167 8
14.994948 55.105457 9
15.000924 55.104366 7B
15.119796 55.06459 1
14.994596 55.10876 10
14.984794 55.105915 11
14.990244 55.1086 12
15.000319 55.110218 4
15.007849 55.11458 2
14.999776 55.10924 5
14.998163 55.11157 6
14.998219 55.107265 7
14.995621 55.11167 8
14.994948 55.105457 9
15.000924 55.104366 7B
15.119796 55.06459 1
14.994596 55.10876 10
14.984794 55.105915 11
14.990244 55.1086 12
15.000319 55.110218 4
15.007849 55.11458 2
14.999776 55.10924 5
14.998163 55.11157 6
14.998219 55.107265 7
14.995621 55.11167 8
14.994948 55.105457 9
15.000924 55.104366 7B
15.119796 55.06459 1
