15.018541 55.135056 1
15.009373 55.131405 10
15.007047 55.1246 11
15.006481 55.129704 12
15.014847 55.134678 2
15.005078 55.12764 13
15.004907 55.130585 14
15.012118 55.134346 4
14.997472 55.12676 15
15.000564 55.128235 16
14.996449 55.12824 18
14.995558 55.130608 22
15.016312 55.13476 3
15.013049 55.13279 5
15.01374 55.133907 6
15.012514 55.130913 7
15.012661 55.13294 8
15.008451 55.127556 9
14.971743 55.211655 1
15.018541 55.135056 1
15.009373 55.131405 10
15.007047 55.1246 11
15.006481 55.129704 12
15.014847 55.134678 2
15.005078 55.12764 13
15.004907 55.130585 14
15.012118 55.134346 4
14.997472 55.12676 15
15.000564 55.128235 16
14.996449 55.12824 18
14.995558 55.130608 22
15.016312 55.13476 3
15.013049 55.13279 5
15.01374 55.133907 6
15.012514 55.130913 7
15.012661 55.13294 8
15.008451 55.127556 9
14.971743 55.211655 1
15.018541 55.135056 1
15.009373 55.131405 10
15.007047 55.1246 11
15.006481 55.129704 12
15.014847 55.134678 2
15.005078 55.12764 13
15.004907 55.130585 14
15.012118 55.134346 4
14.997472 55.12676 15
15.000564 55.128235 16
14.996449 55.12824 18
14.995558 55.130608 22
15.016312 55.13476 3
15.013049 55.13279 5
15.01374 55.133907 6
15.012514 55.130913 7
15.012661 55.13294 8
15.008451 55.127556 9
14.971743 55.211655 1
15.018541 55.135056 1
15.009373 55.131405 10
15.007047 55.1246 11
15.006481 55.129704 12
15.014847 55.134678 2
15.005078 55.12764 13
15.004907 55.130585 14
15.012118 55.134346 4
14.997472 55.12676 15
15.000564 55.128235 16
14.996449 55.12824 18
14.995558 55.130608 22
15.016312 55.13476 3
15.013049 55.13279 5
15.01374 55.133907 6
15.012514 55.130913 7
15.012661 55.13294 8
15.008451 55.127556 9
14.971743 55.211655 1
15.018541 55.135056 1
15.009373 55.131405 10
15.007047 55.1246 11
15.006481 55.129704 12
15.014847 55.134678 2
15.005078 55.12764 13
15.004907 55.130585 14
15.012118 55.134346 4
14.997472 55.12676 15
15.000564 55.128235 16
14.996449 55.12824 18
14.995558 55.130608 22
15.016312 55.13476 3
15.013049 55.13279 5
15.01374 55.133907 6
15.012514 55.130913 7
15.012661 55.13294 8
15.008451 55.127556 9
14.971743 55.211655 1
15.018541 55.135056 1
15.009373 55.131405 10
15.007047 55.1246 11
15.006481 55.129704 12
15.014847 55.134678 2
15.005078 55.12764 13
15.004907 55.130585 14
15.012118 55.134346 4
14.997472 55.12676 15
15.000564 55.128235 16
14.996449 55.12824 18
14.995558 55.130608 22
15.016312 55.13476 3
15.013049 55.13279 5
15.01374 55.133907 6
15.012514 55.130913 7
15.012661 55.13294 8
15.008451 55.127556 9
14.971743 55.211655 1
