15.057617 55.137154 10
15.049512 55.13242 2
15.053462 55.133625 4
15.052255 55.134327 3
15.0528 55.138283 5
15.058575 55.134174 6
15.054077 55.13623 8
15.053385 55.137577 5B
15.057232 55.13735 12
14.703507 55.096687 2
15.057617 55.137154 10
15.049512 55.13242 2
15.053462 55.133625 4
15.052255 55.134327 3
15.0528 55.138283 5
15.058575 55.134174 6
15.054077 55.13623 8
15.053385 55.137577 5B
15.057232 55.13735 12
14.703507 55.096687 2
15.057617 55.137154 10
15.049512 55.13242 2
15.053462 55.133625 4
15.052255 55.134327 3
15.0528 55.138283 5
15.058575 55.134174 6
15.054077 55.13623 8
15.053385 55.137577 5B
15.057232 55.13735 12
14.703507 55.096687 2
15.057617 55.137154 10
15.049512 55.13242 2
15.053462 55.133625 4
15.052255 55.134327 3
15.0528 55.138283 5
15.058575 55.134174 6
15.054077 55.13623 8
15.053385 55.137577 5B
15.057232 55.13735 12
14.703507 55.096687 2
15.057617 55.137154 10
15.049512 55.13242 2
15.053462 55.133625 4
15.052255 55.134327 3
15.0528 55.138283 5
15.058575 55.134174 6
15.054077 55.13623 8
15.053385 55.137577 5B
15.057232 55.13735 12
14.703507 55.096687 2
15.057617 55.137154 10
15.049512 55.13242 2
15.053462 55.133625 4
15.052255 55.134327 3
15.0528 55.138283 5
15.058575 55.134174 6
15.054077 55.13623 8
15.053385 55.137577 5B
15.057232 55.13735 12
14.703507 55.096687 2
