15.041169 55.13247 20
15.031478 55.138046 1
15.034435 55.134396 10
15.03225 55.13582 11
15.035886 55.13477 12
15.029906 55.13819 2
15.033888 55.135517 13
15.036171 55.133026 14
15.031041 55.13652 4
15.03822 55.13601 15
15.036943 55.134537 16
15.034714 55.135376 17
15.037225 55.13443 18
15.039743 55.135017 19
15.045815 55.131485 23
15.045142 55.130127 24
15.046592 55.131046 25
15.04169 55.13426 21
15.044781 55.13268 22
15.051129 55.127018 26
15.046642 55.129913 27
15.051448 55.12437 28
15.04689 55.129784 29
15.03172 55.137684 3
15.05454 55.125923 30A
15.054038 55.12516 30B
15.059671 55.124214 30C
15.048317 55.13051 31
15.065717 55.12291 32
15.049013 55.12885 33
15.065163 55.12199 34
15.051595 55.12997 35
15.068955 55.116642 36
15.051922 55.12902 37
15.056308 55.128796 39
15.060254 55.129433 41
15.058485 55.130123 43
15.03134 55.13768 5
15.03136 55.135834 6
15.031223 55.134003 6A
15.031359 55.13736 7
15.033392 55.133633 8
15.031562 55.136898 9
14.823253 55.25156 3
15.041169 55.13247 20
15.031478 55.138046 1
15.034435 55.134396 10
15.03225 55.13582 11
15.035886 55.13477 12
15.029906 55.13819 2
15.033888 55.135517 13
15.036171 55.133026 14
15.031041 55.13652 4
15.03822 55.13601 15
15.036943 55.134537 16
15.034714 55.135376 17
15.037225 55.13443 18
15.039743 55.135017 19
15.045815 55.131485 23
15.045142 55.130127 24
15.046592 55.131046 25
15.04169 55.13426 21
15.044781 55.13268 22
15.051129 55.127018 26
15.046642 55.129913 27
15.051448 55.12437 28
15.04689 55.129784 29
15.03172 55.137684 3
15.05454 55.125923 30A
15.054038 55.12516 30B
15.059671 55.124214 30C
15.048317 55.13051 31
15.065717 55.12291 32
15.049013 55.12885 33
15.065163 55.12199 34
15.051595 55.12997 35
15.068955 55.116642 36
15.051922 55.12902 37
15.056308 55.128796 39
15.060254 55.129433 41
15.058485 55.130123 43
15.03134 55.13768 5
15.03136 55.135834 6
15.031223 55.134003 6A
15.031359 55.13736 7
15.033392 55.133633 8
15.031562 55.136898 9
14.823253 55.25156 3
15.041169 55.13247 20
15.031478 55.138046 1
15.034435 55.134396 10
15.03225 55.13582 11
15.035886 55.13477 12
15.029906 55.13819 2
15.033888 55.135517 13
15.036171 55.133026 14
15.031041 55.13652 4
15.03822 55.13601 15
15.036943 55.134537 16
15.034714 55.135376 17
15.037225 55.13443 18
15.039743 55.135017 19
15.045815 55.131485 23
15.045142 55.130127 24
15.046592 55.131046 25
15.04169 55.13426 21
15.044781 55.13268 22
15.051129 55.127018 26
15.046642 55.129913 27
15.051448 55.12437 28
15.04689 55.129784 29
15.03172 55.137684 3
15.05454 55.125923 30A
15.054038 55.12516 30B
15.059671 55.124214 30C
15.048317 55.13051 31
15.065717 55.12291 32
15.049013 55.12885 33
15.065163 55.12199 34
15.051595 55.12997 35
15.068955 55.116642 36
15.051922 55.12902 37
15.056308 55.128796 39
15.060254 55.129433 41
15.058485 55.130123 43
15.03134 55.13768 5
15.03136 55.135834 6
15.031223 55.134003 6A
15.031359 55.13736 7
15.033392 55.133633 8
15.031562 55.136898 9
14.823253 55.25156 3
15.041169 55.13247 20
15.031478 55.138046 1
15.034435 55.134396 10
15.03225 55.13582 11
15.035886 55.13477 12
15.029906 55.13819 2
15.033888 55.135517 13
15.036171 55.133026 14
15.031041 55.13652 4
15.03822 55.13601 15
15.036943 55.134537 16
15.034714 55.135376 17
15.037225 55.13443 18
15.039743 55.135017 19
15.045815 55.131485 23
15.045142 55.130127 24
15.046592 55.131046 25
15.04169 55.13426 21
15.044781 55.13268 22
15.051129 55.127018 26
15.046642 55.129913 27
15.051448 55.12437 28
15.04689 55.129784 29
15.03172 55.137684 3
15.05454 55.125923 30A
15.054038 55.12516 30B
15.059671 55.124214 30C
15.048317 55.13051 31
15.065717 55.12291 32
15.049013 55.12885 33
15.065163 55.12199 34
15.051595 55.12997 35
15.068955 55.116642 36
15.051922 55.12902 37
15.056308 55.128796 39
15.060254 55.129433 41
15.058485 55.130123 43
15.03134 55.13768 5
15.03136 55.135834 6
15.031223 55.134003 6A
15.031359 55.13736 7
15.033392 55.133633 8
15.031562 55.136898 9
14.823253 55.25156 3
15.041169 55.13247 20
15.031478 55.138046 1
15.034435 55.134396 10
15.03225 55.13582 11
15.035886 55.13477 12
15.029906 55.13819 2
15.033888 55.135517 13
15.036171 55.133026 14
15.031041 55.13652 4
15.03822 55.13601 15
15.036943 55.134537 16
15.034714 55.135376 17
15.037225 55.13443 18
15.039743 55.135017 19
15.045815 55.131485 23
15.045142 55.130127 24
15.046592 55.131046 25
15.04169 55.13426 21
15.044781 55.13268 22
15.051129 55.127018 26
15.046642 55.129913 27
15.051448 55.12437 28
15.04689 55.129784 29
15.03172 55.137684 3
15.05454 55.125923 30A
15.054038 55.12516 30B
15.059671 55.124214 30C
15.048317 55.13051 31
15.065717 55.12291 32
15.049013 55.12885 33
15.065163 55.12199 34
15.051595 55.12997 35
15.068955 55.116642 36
15.051922 55.12902 37
15.056308 55.128796 39
15.060254 55.129433 41
15.058485 55.130123 43
15.03134 55.13768 5
15.03136 55.135834 6
15.031223 55.134003 6A
15.031359 55.13736 7
15.033392 55.133633 8
15.031562 55.136898 9
14.823253 55.25156 3
15.041169 55.13247 20
15.031478 55.138046 1
15.034435 55.134396 10
15.03225 55.13582 11
15.035886 55.13477 12
15.029906 55.13819 2
15.033888 55.135517 13
15.036171 55.133026 14
15.031041 55.13652 4
15.03822 55.13601 15
15.036943 55.134537 16
15.034714 55.135376 17
15.037225 55.13443 18
15.039743 55.135017 19
15.045815 55.131485 23
15.045142 55.130127 24
15.046592 55.131046 25
15.04169 55.13426 21
15.044781 55.13268 22
15.051129 55.127018 26
15.046642 55.129913 27
15.051448 55.12437 28
15.04689 55.129784 29
15.03172 55.137684 3
15.05454 55.125923 30A
15.054038 55.12516 30B
15.059671 55.124214 30C
15.048317 55.13051 31
15.065717 55.12291 32
15.049013 55.12885 33
15.065163 55.12199 34
15.051595 55.12997 35
15.068955 55.116642 36
15.051922 55.12902 37
15.056308 55.128796 39
15.060254 55.129433 41
15.058485 55.130123 43
15.03134 55.13768 5
15.03136 55.135834 6
15.031223 55.134003 6A
15.031359 55.13736 7
15.033392 55.133633 8
15.031562 55.136898 9
14.823253 55.25156 3
