15.016287 55.139984 20
15.012913 55.14191 1
15.013939 55.14063 10
15.01406 55.141144 11
15.014324 55.14048 12
15.012456 55.141808 2
15.014589 55.14085 13
15.014968 55.140106 14
15.012544 55.14171 4
15.014706 55.140694 15
15.015354 55.139977 16
15.015745 55.13989 18
15.015418 55.140312 19
15.01634 55.14038 23
15.017441 55.14012 24
15.016823 55.140408 25
15.015961 55.140327 21
15.0167 55.140083 22
15.017809 55.140305 26
15.017347 55.140545 27
15.017551 55.14046 29
15.012987 55.14179 3
15.013058 55.141705 5
15.013435 55.14097 6
15.013484 55.141495 7
15.013772 55.14079 8
15.013785 55.14126 9
15.012745 55.14182 1V
