15.016042 55.13933 2
15.016917 55.139816 3
15.01718 55.13986 5
14.790916 55.283646 1
15.016042 55.13933 2
15.016917 55.139816 3
15.01718 55.13986 5
14.790916 55.283646 1
15.016042 55.13933 2
15.016917 55.139816 3
15.01718 55.13986 5
14.790916 55.283646 1
15.016042 55.13933 2
15.016917 55.139816 3
15.01718 55.13986 5
14.790916 55.283646 1
15.016042 55.13933 2
15.016917 55.139816 3
15.01718 55.13986 5
14.790916 55.283646 1
15.016042 55.13933 2
15.016917 55.139816 3
15.01718 55.13986 5
14.790916 55.283646 1
