15.032496 55.11974 10
15.041583 55.12199 11
15.031591 55.119026 12
15.028476 55.123737 2
15.025273 55.115128 14
15.031036 55.122875 4
15.028396 55.11334 16
15.024771 55.111588 18
15.033792 55.11759 20
15.033404 55.119835 3
15.034644 55.1197 5
15.031091 55.122433 6
15.032083 55.12014 8
15.036247 55.12035 7
15.041088 55.120274 9
15.033011 55.11933 10C
15.110752 55.04199 1C
15.032496 55.11974 10
15.041583 55.12199 11
15.031591 55.119026 12
15.028476 55.123737 2
15.025273 55.115128 14
15.031036 55.122875 4
15.028396 55.11334 16
15.024771 55.111588 18
15.033792 55.11759 20
15.033404 55.119835 3
15.034644 55.1197 5
15.031091 55.122433 6
15.032083 55.12014 8
15.036247 55.12035 7
15.041088 55.120274 9
15.033011 55.11933 10C
15.110752 55.04199 1C
15.032496 55.11974 10
15.041583 55.12199 11
15.031591 55.119026 12
15.028476 55.123737 2
15.025273 55.115128 14
15.031036 55.122875 4
15.028396 55.11334 16
15.024771 55.111588 18
15.033792 55.11759 20
15.033404 55.119835 3
15.034644 55.1197 5
15.031091 55.122433 6
15.032083 55.12014 8
15.036247 55.12035 7
15.041088 55.120274 9
15.033011 55.11933 10C
15.110752 55.04199 1C
15.032496 55.11974 10
15.041583 55.12199 11
15.031591 55.119026 12
15.028476 55.123737 2
15.025273 55.115128 14
15.031036 55.122875 4
15.028396 55.11334 16
15.024771 55.111588 18
15.033792 55.11759 20
15.033404 55.119835 3
15.034644 55.1197 5
15.031091 55.122433 6
15.032083 55.12014 8
15.036247 55.12035 7
15.041088 55.120274 9
15.033011 55.11933 10C
15.110752 55.04199 1C
15.032496 55.11974 10
15.041583 55.12199 11
15.031591 55.119026 12
15.028476 55.123737 2
15.025273 55.115128 14
15.031036 55.122875 4
15.028396 55.11334 16
15.024771 55.111588 18
15.033792 55.11759 20
15.033404 55.119835 3
15.034644 55.1197 5
15.031091 55.122433 6
15.032083 55.12014 8
15.036247 55.12035 7
15.041088 55.120274 9
15.033011 55.11933 10C
15.110752 55.04199 1C
15.032496 55.11974 10
15.041583 55.12199 11
15.031591 55.119026 12
15.028476 55.123737 2
15.025273 55.115128 14
15.031036 55.122875 4
15.028396 55.11334 16
15.024771 55.111588 18
15.033792 55.11759 20
15.033404 55.119835 3
15.034644 55.1197 5
15.031091 55.122433 6
15.032083 55.12014 8
15.036247 55.12035 7
15.041088 55.120274 9
15.033011 55.11933 10C
15.110752 55.04199 1C
