14.98356 55.119007 2
14.985539 55.118446 4
14.979657 55.126575 1B
14.983109 55.125385 3
14.983091 55.123035 5
14.985623 55.122505 7
14.98356 55.119007 2
14.985539 55.118446 4
14.979657 55.126575 1B
14.983109 55.125385 3
14.983091 55.123035 5
14.985623 55.122505 7
14.98356 55.119007 2
14.985539 55.118446 4
14.979657 55.126575 1B
14.983109 55.125385 3
14.983091 55.123035 5
14.985623 55.122505 7
14.98356 55.119007 2
14.985539 55.118446 4
14.979657 55.126575 1B
14.983109 55.125385 3
14.983091 55.123035 5
14.985623 55.122505 7
14.98356 55.119007 2
14.985539 55.118446 4
14.979657 55.126575 1B
14.983109 55.125385 3
14.983091 55.123035 5
14.985623 55.122505 7
14.98356 55.119007 2
14.985539 55.118446 4
14.979657 55.126575 1B
14.983109 55.125385 3
14.983091 55.123035 5
14.985623 55.122505 7
