15.050127 55.16516 10A
15.049593 55.165432 10B
15.027597 55.16837 11
15.051768 55.16523 12A
15.051547 55.16571 12B
15.049409 55.15784 2
15.022974 55.172146 13
15.044663 55.161263 14
15.022372 55.17465 15
15.042335 55.162 16
15.043516 55.163967 18
15.041416 55.166092 24
15.044476 55.16767 20
15.043116 55.169865 22
15.037005 55.166016 26
15.033913 55.17236 28
15.042001 55.160244 3
15.034849 55.171936 30
15.030563 55.171604 32
15.031454 55.173378 34
15.030713 55.173454 36
15.029313 55.173244 38
15.027351 55.17383 46
15.049624 55.161938 4
15.02369 55.17475 40
15.024856 55.174835 42
15.025985 55.174595 44
15.040141 55.16116 5
15.047871 55.16609 6
15.048397 55.164436 8
15.038957 55.16096 7
15.034219 55.164772 9
15.049686 55.163067 4B
15.03665 55.166004 26E
15.03721 55.16544 26A
15.050127 55.16516 10A
15.049593 55.165432 10B
15.027597 55.16837 11
15.051768 55.16523 12A
15.051547 55.16571 12B
15.049409 55.15784 2
15.022974 55.172146 13
15.044663 55.161263 14
15.022372 55.17465 15
15.042335 55.162 16
15.043516 55.163967 18
15.041416 55.166092 24
15.044476 55.16767 20
15.043116 55.169865 22
15.037005 55.166016 26
15.033913 55.17236 28
15.042001 55.160244 3
15.034849 55.171936 30
15.030563 55.171604 32
15.031454 55.173378 34
15.030713 55.173454 36
15.029313 55.173244 38
15.027351 55.17383 46
15.049624 55.161938 4
15.02369 55.17475 40
15.024856 55.174835 42
15.025985 55.174595 44
15.040141 55.16116 5
15.047871 55.16609 6
15.048397 55.164436 8
15.038957 55.16096 7
15.034219 55.164772 9
15.049686 55.163067 4B
15.03665 55.166004 26E
15.03721 55.16544 26A
15.050127 55.16516 10A
15.049593 55.165432 10B
15.027597 55.16837 11
15.051768 55.16523 12A
15.051547 55.16571 12B
15.049409 55.15784 2
15.022974 55.172146 13
15.044663 55.161263 14
15.022372 55.17465 15
15.042335 55.162 16
15.043516 55.163967 18
15.041416 55.166092 24
15.044476 55.16767 20
15.043116 55.169865 22
15.037005 55.166016 26
15.033913 55.17236 28
15.042001 55.160244 3
15.034849 55.171936 30
15.030563 55.171604 32
15.031454 55.173378 34
15.030713 55.173454 36
15.029313 55.173244 38
15.027351 55.17383 46
15.049624 55.161938 4
15.02369 55.17475 40
15.024856 55.174835 42
15.025985 55.174595 44
15.040141 55.16116 5
15.047871 55.16609 6
15.048397 55.164436 8
15.038957 55.16096 7
15.034219 55.164772 9
15.049686 55.163067 4B
15.03665 55.166004 26E
15.03721 55.16544 26A
15.050127 55.16516 10A
15.049593 55.165432 10B
15.027597 55.16837 11
15.051768 55.16523 12A
15.051547 55.16571 12B
15.049409 55.15784 2
15.022974 55.172146 13
15.044663 55.161263 14
15.022372 55.17465 15
15.042335 55.162 16
15.043516 55.163967 18
15.041416 55.166092 24
15.044476 55.16767 20
15.043116 55.169865 22
15.037005 55.166016 26
15.033913 55.17236 28
15.042001 55.160244 3
15.034849 55.171936 30
15.030563 55.171604 32
15.031454 55.173378 34
15.030713 55.173454 36
15.029313 55.173244 38
15.027351 55.17383 46
15.049624 55.161938 4
15.02369 55.17475 40
15.024856 55.174835 42
15.025985 55.174595 44
15.040141 55.16116 5
15.047871 55.16609 6
15.048397 55.164436 8
15.038957 55.16096 7
15.034219 55.164772 9
15.049686 55.163067 4B
15.03665 55.166004 26E
15.03721 55.16544 26A
15.050127 55.16516 10A
15.049593 55.165432 10B
15.027597 55.16837 11
15.051768 55.16523 12A
15.051547 55.16571 12B
15.049409 55.15784 2
15.022974 55.172146 13
15.044663 55.161263 14
15.022372 55.17465 15
15.042335 55.162 16
15.043516 55.163967 18
15.041416 55.166092 24
15.044476 55.16767 20
15.043116 55.169865 22
15.037005 55.166016 26
15.033913 55.17236 28
15.042001 55.160244 3
15.034849 55.171936 30
15.030563 55.171604 32
15.031454 55.173378 34
15.030713 55.173454 36
15.029313 55.173244 38
15.027351 55.17383 46
15.049624 55.161938 4
15.02369 55.17475 40
15.024856 55.174835 42
15.025985 55.174595 44
15.040141 55.16116 5
15.047871 55.16609 6
15.048397 55.164436 8
15.038957 55.16096 7
15.034219 55.164772 9
15.049686 55.163067 4B
15.03665 55.166004 26E
15.03721 55.16544 26A
15.050127 55.16516 10A
15.049593 55.165432 10B
15.027597 55.16837 11
15.051768 55.16523 12A
15.051547 55.16571 12B
15.049409 55.15784 2
15.022974 55.172146 13
15.044663 55.161263 14
15.022372 55.17465 15
15.042335 55.162 16
15.043516 55.163967 18
15.041416 55.166092 24
15.044476 55.16767 20
15.043116 55.169865 22
15.037005 55.166016 26
15.033913 55.17236 28
15.042001 55.160244 3
15.034849 55.171936 30
15.030563 55.171604 32
15.031454 55.173378 34
15.030713 55.173454 36
15.029313 55.173244 38
15.027351 55.17383 46
15.049624 55.161938 4
15.02369 55.17475 40
15.024856 55.174835 42
15.025985 55.174595 44
15.040141 55.16116 5
15.047871 55.16609 6
15.048397 55.164436 8
15.038957 55.16096 7
15.034219 55.164772 9
15.049686 55.163067 4B
15.03665 55.166004 26E
15.03721 55.16544 26A
