15.008005 55.13901 10
15.008239 55.13972 11
15.007282 55.140537 2
15.008345 55.139538 13
15.008446 55.139355 15
15.008562 55.139183 17
15.008675 55.13899 19
15.00844 55.140987 2A
15.007895 55.14041 3
15.007522 55.140083 4
15.007703 55.139736 6
15.007967 55.139362 8
15.008071 55.140083 7
15.008144 55.139896 9
14.713298 55.168934 2
14.718757 55.103302 1
15.008005 55.13901 10
15.008239 55.13972 11
15.007282 55.140537 2
15.008345 55.139538 13
15.008446 55.139355 15
15.008562 55.139183 17
15.008675 55.13899 19
15.00844 55.140987 2A
15.007895 55.14041 3
15.007522 55.140083 4
15.007703 55.139736 6
15.007967 55.139362 8
15.008071 55.140083 7
15.008144 55.139896 9
14.713298 55.168934 2
14.718757 55.103302 1
15.008005 55.13901 10
15.008239 55.13972 11
15.007282 55.140537 2
15.008345 55.139538 13
15.008446 55.139355 15
15.008562 55.139183 17
15.008675 55.13899 19
15.00844 55.140987 2A
15.007895 55.14041 3
15.007522 55.140083 4
15.007703 55.139736 6
15.007967 55.139362 8
15.008071 55.140083 7
15.008144 55.139896 9
14.713298 55.168934 2
14.718757 55.103302 1
15.008005 55.13901 10
15.008239 55.13972 11
15.007282 55.140537 2
15.008345 55.139538 13
15.008446 55.139355 15
15.008562 55.139183 17
15.008675 55.13899 19
15.00844 55.140987 2A
15.007895 55.14041 3
15.007522 55.140083 4
15.007703 55.139736 6
15.007967 55.139362 8
15.008071 55.140083 7
15.008144 55.139896 9
14.713298 55.168934 2
14.718757 55.103302 1
15.008005 55.13901 10
15.008239 55.13972 11
15.007282 55.140537 2
15.008345 55.139538 13
15.008446 55.139355 15
15.008562 55.139183 17
15.008675 55.13899 19
15.00844 55.140987 2A
15.007895 55.14041 3
15.007522 55.140083 4
15.007703 55.139736 6
15.007967 55.139362 8
15.008071 55.140083 7
15.008144 55.139896 9
14.713298 55.168934 2
14.718757 55.103302 1
15.008005 55.13901 10
15.008239 55.13972 11
15.007282 55.140537 2
15.008345 55.139538 13
15.008446 55.139355 15
15.008562 55.139183 17
15.008675 55.13899 19
15.00844 55.140987 2A
15.007895 55.14041 3
15.007522 55.140083 4
15.007703 55.139736 6
15.007967 55.139362 8
15.008071 55.140083 7
15.008144 55.139896 9
14.713298 55.168934 2
14.718757 55.103302 1
