15.014855 55.1617 10
15.014069 55.171158 11
15.01412 55.165737 12
15.009793 55.15467 2
15.017029 55.171494 13
15.013377 55.167656 14
15.015505 55.17341 15
15.014636 55.16909 16
15.018433 55.169064 18
15.02014 55.169846 24
15.018546 55.169483 20
15.019351 55.169487 22
15.018615 55.16997 26
15.018528 55.17044 28
15.004022 55.163906 3
15.019176 55.170464 30
15.019813 55.1705 32
15.02044 55.170753 34
15.018931 55.17152 36
15.021394 55.173153 38
15.005165 55.154297 4
15.009969 55.168484 5
15.004354 55.155334 6
15.008624 55.162685 8
15.01372 55.169952 7
15.011809 55.171238 9
15.007809 55.16803 3B
15.006898 55.156197 6B
14.968645 55.213654 1
