14.972353 55.144188 10
14.973274 55.14067 11
14.989432 55.15544 2
14.987755 55.150433 3
14.983592 55.152332 4
14.977994 55.143845 5
14.978683 55.14622 6
14.975474 55.14533 8
14.977368 55.141914 7
14.984654 55.148674 4B
15.116515 55.02502 1
14.972353 55.144188 10
14.973274 55.14067 11
14.989432 55.15544 2
14.987755 55.150433 3
14.983592 55.152332 4
14.977994 55.143845 5
14.978683 55.14622 6
14.975474 55.14533 8
14.977368 55.141914 7
14.984654 55.148674 4B
15.116515 55.02502 1
14.972353 55.144188 10
14.973274 55.14067 11
14.989432 55.15544 2
14.987755 55.150433 3
14.983592 55.152332 4
14.977994 55.143845 5
14.978683 55.14622 6
14.975474 55.14533 8
14.977368 55.141914 7
14.984654 55.148674 4B
15.116515 55.02502 1
14.972353 55.144188 10
14.973274 55.14067 11
14.989432 55.15544 2
14.987755 55.150433 3
14.983592 55.152332 4
14.977994 55.143845 5
14.978683 55.14622 6
14.975474 55.14533 8
14.977368 55.141914 7
14.984654 55.148674 4B
15.116515 55.02502 1
14.972353 55.144188 10
14.973274 55.14067 11
14.989432 55.15544 2
14.987755 55.150433 3
14.983592 55.152332 4
14.977994 55.143845 5
14.978683 55.14622 6
14.975474 55.14533 8
14.977368 55.141914 7
14.984654 55.148674 4B
15.116515 55.02502 1
14.972353 55.144188 10
14.973274 55.14067 11
14.989432 55.15544 2
14.987755 55.150433 3
14.983592 55.152332 4
14.977994 55.143845 5
14.978683 55.14622 6
14.975474 55.14533 8
14.977368 55.141914 7
14.984654 55.148674 4B
15.116515 55.02502 1
