15.014878 55.13966 1
15.027479 55.13704 10
15.019295 55.138393 11
15.027835 55.138535 12
15.019537 55.138416 13
15.031282 55.138615 14
15.020316 55.13841 15
15.033086 55.13872 16
15.021632 55.138504 17
15.03388 55.13849 18
15.022514 55.138554 19
15.050636 55.139286 22
15.023134 55.138866 23
15.049773 55.13867 24
15.023718 55.138645 25
15.040366 55.13835 20
15.022849 55.138565 21
15.048225 55.136482 26
15.026257 55.139545 27
15.059302 55.137447 28
15.014578 55.1391 2A
15.014943 55.13917 2B
15.02723 55.13896 29A
15.027356 55.139072 29B
15.015072 55.139458 3
15.060069 55.137455 30
15.029095 55.13915 31
15.034872 55.143997 33
15.037774 55.14177 35
15.044478 55.141907 37
15.050389 55.14007 39
15.06031 55.14043 47
15.061444 55.139034 49
15.015159 55.138615 4A
15.015124 55.138947 4
15.054485 55.13931 41
15.055897 55.139866 43
15.056953 55.139015 45
15.015246 55.139362 5
15.063539 55.14004 51
15.064394 55.139015 53
15.065056 55.13905 55
15.066595 55.139206 57
15.016153 55.138252 6
15.026512 55.1384 8
15.01738 55.138786 9
15.135396 55.13624 1
15.014878 55.13966 1
15.027479 55.13704 10
15.019295 55.138393 11
15.027835 55.138535 12
15.019537 55.138416 13
15.031282 55.138615 14
15.020316 55.13841 15
15.033086 55.13872 16
15.021632 55.138504 17
15.03388 55.13849 18
15.022514 55.138554 19
15.050636 55.139286 22
15.023134 55.138866 23
15.049773 55.13867 24
15.023718 55.138645 25
15.040366 55.13835 20
15.022849 55.138565 21
15.048225 55.136482 26
15.026257 55.139545 27
15.059302 55.137447 28
15.014578 55.1391 2A
15.014943 55.13917 2B
15.02723 55.13896 29A
15.027356 55.139072 29B
15.015072 55.139458 3
15.060069 55.137455 30
15.029095 55.13915 31
15.034872 55.143997 33
15.037774 55.14177 35
15.044478 55.141907 37
15.050389 55.14007 39
15.06031 55.14043 47
15.061444 55.139034 49
15.015159 55.138615 4A
15.015124 55.138947 4
15.054485 55.13931 41
15.055897 55.139866 43
15.056953 55.139015 45
15.015246 55.139362 5
15.063539 55.14004 51
15.064394 55.139015 53
15.065056 55.13905 55
15.066595 55.139206 57
15.016153 55.138252 6
15.026512 55.1384 8
15.01738 55.138786 9
15.135396 55.13624 1
15.014878 55.13966 1
15.027479 55.13704 10
15.019295 55.138393 11
15.027835 55.138535 12
15.019537 55.138416 13
15.031282 55.138615 14
15.020316 55.13841 15
15.033086 55.13872 16
15.021632 55.138504 17
15.03388 55.13849 18
15.022514 55.138554 19
15.050636 55.139286 22
15.023134 55.138866 23
15.049773 55.13867 24
15.023718 55.138645 25
15.040366 55.13835 20
15.022849 55.138565 21
15.048225 55.136482 26
15.026257 55.139545 27
15.059302 55.137447 28
15.014578 55.1391 2A
15.014943 55.13917 2B
15.02723 55.13896 29A
15.027356 55.139072 29B
15.015072 55.139458 3
15.060069 55.137455 30
15.029095 55.13915 31
15.034872 55.143997 33
15.037774 55.14177 35
15.044478 55.141907 37
15.050389 55.14007 39
15.06031 55.14043 47
15.061444 55.139034 49
15.015159 55.138615 4A
15.015124 55.138947 4
15.054485 55.13931 41
15.055897 55.139866 43
15.056953 55.139015 45
15.015246 55.139362 5
15.063539 55.14004 51
15.064394 55.139015 53
15.065056 55.13905 55
15.066595 55.139206 57
15.016153 55.138252 6
15.026512 55.1384 8
15.01738 55.138786 9
15.135396 55.13624 1
15.014878 55.13966 1
15.027479 55.13704 10
15.019295 55.138393 11
15.027835 55.138535 12
15.019537 55.138416 13
15.031282 55.138615 14
15.020316 55.13841 15
15.033086 55.13872 16
15.021632 55.138504 17
15.03388 55.13849 18
15.022514 55.138554 19
15.050636 55.139286 22
15.023134 55.138866 23
15.049773 55.13867 24
15.023718 55.138645 25
15.040366 55.13835 20
15.022849 55.138565 21
15.048225 55.136482 26
15.026257 55.139545 27
15.059302 55.137447 28
15.014578 55.1391 2A
15.014943 55.13917 2B
15.02723 55.13896 29A
15.027356 55.139072 29B
15.015072 55.139458 3
15.060069 55.137455 30
15.029095 55.13915 31
15.034872 55.143997 33
15.037774 55.14177 35
15.044478 55.141907 37
15.050389 55.14007 39
15.06031 55.14043 47
15.061444 55.139034 49
15.015159 55.138615 4A
15.015124 55.138947 4
15.054485 55.13931 41
15.055897 55.139866 43
15.056953 55.139015 45
15.015246 55.139362 5
15.063539 55.14004 51
15.064394 55.139015 53
15.065056 55.13905 55
15.066595 55.139206 57
15.016153 55.138252 6
15.026512 55.1384 8
15.01738 55.138786 9
15.135396 55.13624 1
15.014878 55.13966 1
15.027479 55.13704 10
15.019295 55.138393 11
15.027835 55.138535 12
15.019537 55.138416 13
15.031282 55.138615 14
15.020316 55.13841 15
15.033086 55.13872 16
15.021632 55.138504 17
15.03388 55.13849 18
15.022514 55.138554 19
15.050636 55.139286 22
15.023134 55.138866 23
15.049773 55.13867 24
15.023718 55.138645 25
15.040366 55.13835 20
15.022849 55.138565 21
15.048225 55.136482 26
15.026257 55.139545 27
15.059302 55.137447 28
15.014578 55.1391 2A
15.014943 55.13917 2B
15.02723 55.13896 29A
15.027356 55.139072 29B
15.015072 55.139458 3
15.060069 55.137455 30
15.029095 55.13915 31
15.034872 55.143997 33
15.037774 55.14177 35
15.044478 55.141907 37
15.050389 55.14007 39
15.06031 55.14043 47
15.061444 55.139034 49
15.015159 55.138615 4A
15.015124 55.138947 4
15.054485 55.13931 41
15.055897 55.139866 43
15.056953 55.139015 45
15.015246 55.139362 5
15.063539 55.14004 51
15.064394 55.139015 53
15.065056 55.13905 55
15.066595 55.139206 57
15.016153 55.138252 6
15.026512 55.1384 8
15.01738 55.138786 9
15.135396 55.13624 1
15.014878 55.13966 1
15.027479 55.13704 10
15.019295 55.138393 11
15.027835 55.138535 12
15.019537 55.138416 13
15.031282 55.138615 14
15.020316 55.13841 15
15.033086 55.13872 16
15.021632 55.138504 17
15.03388 55.13849 18
15.022514 55.138554 19
15.050636 55.139286 22
15.023134 55.138866 23
15.049773 55.13867 24
15.023718 55.138645 25
15.040366 55.13835 20
15.022849 55.138565 21
15.048225 55.136482 26
15.026257 55.139545 27
15.059302 55.137447 28
15.014578 55.1391 2A
15.014943 55.13917 2B
15.02723 55.13896 29A
15.027356 55.139072 29B
15.015072 55.139458 3
15.060069 55.137455 30
15.029095 55.13915 31
15.034872 55.143997 33
15.037774 55.14177 35
15.044478 55.141907 37
15.050389 55.14007 39
15.06031 55.14043 47
15.061444 55.139034 49
15.015159 55.138615 4A
15.015124 55.138947 4
15.054485 55.13931 41
15.055897 55.139866 43
15.056953 55.139015 45
15.015246 55.139362 5
15.063539 55.14004 51
15.064394 55.139015 53
15.065056 55.13905 55
15.066595 55.139206 57
15.016153 55.138252 6
15.026512 55.1384 8
15.01738 55.138786 9
15.135396 55.13624 1
