12.554325 55.6794 2
12.554495 55.679363 2A
12.554035 55.679123 3
12.553882 55.679504 4
12.553924 55.67926 5
12.553432 55.67961 6
12.553627 55.679333 7
12.553322 55.6794 11
12.552594 55.679813 12A
12.552598 55.679573 13
12.551805 55.679993 14
12.552263 55.679653 15
12.55156 55.68005 16
12.551068 55.680183 18
12.551194 55.679905 19
12.550484 55.680305 20
12.550817 55.679993 21
12.550179 55.680378 22
12.550561 55.680058 23A
12.550403 55.680096 23B
12.549866 55.68045 24
12.550036 55.68018 25
12.549509 55.680534 26
12.549133 55.680622 28
12.549477 55.68031 29
12.549193 55.680378 31
12.548945 55.68044 33
12.549803 55.680233 27
12.551815 55.680305 18E
12.551934 55.68027 18F
12.551187 55.68023 18A
12.551122 55.680332 18B
12.551417 55.680412 18C
12.55178 55.680347 18D
12.551304 55.67982 17
12.550773 55.679653 19A
12.515822 55.692696 36
