12.541528 55.673332 3
12.541167 55.67335 4A
12.541134 55.67317 4B
12.541509 55.673023 5
12.541136 55.673046 6
12.540832 55.67304 6B
12.541459 55.67278 7
12.541106 55.672886 8
12.541422 55.67258 9
12.541069 55.67268 10
12.541385 55.67238 11
12.541033 55.672478 12
12.541299 55.671913 13
12.541306 55.671993 13A
12.54099 55.672295 14
12.541819 55.671574 15
12.540957 55.672108 16
12.541678 55.671585 17
12.540922 55.671303 18
12.54144 55.671604 19
12.540633 55.67143 20
12.540667 55.671566 22
12.540744 55.671787 24
12.544397 55.672577 3
