12.505318 55.703022 29
12.50485 55.702896 30
12.505345 55.702885 31A
12.505347 55.702827 31B
12.50535 55.702778 31C
12.504552 55.702583 32
12.505261 55.70247 33
12.504724 55.70243 34
12.505175 55.702328 35
12.504675 55.702274 36
12.50515 55.70221 37
12.504593 55.70208 38
12.505043 55.702065 39
12.504988 55.701923 41
12.504929 55.701775 43
12.504523 55.701828 44
12.504924 55.701614 45
12.504389 55.701622 46
12.504818 55.701466 47
12.504311 55.701458 48
12.504738 55.70133 49
12.504246 55.70126 50
12.504678 55.7012 51
12.504185 55.70109 52
12.50485 55.702484 32B
12.504399 55.70134 48C
12.58393 55.594948 1
