12.505092 55.69688 2
12.504595 55.69686 3
12.504943 55.696983 4
12.504449 55.69696 5
12.504804 55.697075 6
12.504351 55.697025 7
12.504669 55.69716 8
12.503898 55.697342 9
12.504219 55.697468 10
12.503776 55.697414 11
12.504078 55.69756 12
12.503616 55.697525 13
12.503937 55.697655 14A
12.50391 55.69779 14B
12.50413 55.697845 14C
12.504289 55.697884 14D
12.50351 55.69761 15
12.503481 55.698055 16A
12.503672 55.69811 16B
12.503866 55.698154 16C
12.503007 55.69792 17
12.502711 55.698563 18
12.502857 55.698025 19
12.502536 55.69871 20
12.502287 55.698418 21
12.502348 55.698826 22
12.502036 55.698578 23
12.501934 55.699085 24
12.501808 55.69868 25
12.501768 55.6992 26
12.501608 55.698864 27
12.502878 55.698395 16F
12.50286 55.698708 18A
12.585497 55.70043 1
