12.50462 55.69729 2
12.504654 55.697544 3
12.504761 55.697323 4
12.504831 55.697582 5
12.504952 55.697365 6
12.505171 55.697414 8
12.505375 55.697456 10
12.505415 55.697754 14
12.505805 55.698154 22
12.505751 55.698223 24
12.505475 55.698044 11
12.505371 55.69814 13
12.505239 55.698307 15
12.505169 55.698315 17
12.505818 55.69792 18
12.504876 55.69816 25
12.504199 55.698254 52
12.505091 55.697792 66
12.505717 55.697796 16
12.505838 55.698086 20
12.504936 55.698254 21
12.505722 55.698277 26
12.50497 55.69805 27
12.505696 55.698345 28
12.505536 55.698452 30
12.505448 55.69848 32
12.505357 55.698486 34
12.504298 55.698135 56
12.504384 55.69808 58
12.504545 55.698006 60
12.50488 55.69786 64
12.504885 55.6982 23
12.505066 55.69802 29
12.505153 55.698 31
12.505239 55.69796 33
12.505254 55.6985 36
12.504914 55.6985 42
12.504802 55.69846 44
12.504481 55.6982 46
12.504495 55.698265 48
12.504189 55.698196 54
12.504649 55.69796 62
12.505169 55.69851 38
12.50502 55.69852 40
12.504412 55.69832 50
12.504987 55.698303 19
12.582271 55.69846 1
