12.573703 55.67718 2A
12.573764 55.677116 2B
12.57421 55.677063 3
12.574427 55.677116 3A
12.574297 55.677162 3B
12.573895 55.67696 4A
12.573876 55.67691 4B
12.574288 55.676964 5
12.574127 55.676712 6
12.574019 55.676655 6A
12.573912 55.67662 6B
12.573739 55.676685 6C
12.574405 55.676823 7
12.574353 55.676487 8
12.574378 55.676445 8A
12.574559 55.6766 9
12.574467 55.67636 10
12.574622 55.676537 11
12.574728 55.67641 13
12.574798 55.676327 15
12.574858 55.676254 17
12.573832 55.67705 2C
12.573689 55.676838 4C
12.573729 55.676807 4D
12.57386 55.676746 4E
12.573946 55.676823 4F
12.573995 55.67687 4G
12.574057 55.676807 4H
12.57373 55.677162 2
12.574439 55.676785 7A
12.573943 55.67692 4
12.640843 55.63725 1
