12.558823 55.668354 3
12.558943 55.668407 5
12.558571 55.66824 6
12.558429 55.668175 8
12.559078 55.668472 9
12.558313 55.668125 10
12.559385 55.668617 11
12.559458 55.668648 13
12.559536 55.668682 15
12.559603 55.668716 17
12.557773 55.66787 18
12.559705 55.668694 19
12.559763 55.66865 21
12.557786 55.667786 22
12.557845 55.667744 24
12.559886 55.668568 25
12.557911 55.667698 26
12.557969 55.66766 28
12.560091 55.668423 31
12.558018 55.66762 32
12.558062 55.66759 34
12.558119 55.667557 36
12.558161 55.667522 38
12.558183 55.667503 38B
12.560303 55.668274 39
12.558214 55.667484 40
12.560374 55.66822 41
12.558313 55.667416 42
12.560438 55.66818 43
12.558365 55.66738 44
12.56052 55.66812 45
12.558426 55.667336 46
12.558568 55.66724 48
12.56066 55.668026 49
12.558669 55.667164 50
12.55875 55.66711 52
12.558845 55.667046 54
12.56088 55.667873 55
12.560947 55.667828 57
12.559034 55.666912 60
12.561116 55.66771 63
12.559404 55.66665 68
12.561273 55.6676 69
12.561414 55.6675 75
12.559905 55.666878 78
12.561298 55.667374 79
12.561201 55.667324 81
12.559854 55.66701 84A
12.559737 55.667095 84B
12.55962 55.667175 84C
12.559502 55.66726 84D
12.559384 55.66734 84E
12.559267 55.667423 84F
12.55915 55.667507 84G
12.559032 55.667587 84H
12.558917 55.66767 84K
12.561085 55.667274 85
12.561036 55.667248 85B
12.558944 55.667732 86
12.560979 55.667225 89
12.560779 55.66727 91A
12.560642 55.667362 91B
12.560507 55.667458 91C
12.560376 55.66755 91D
12.560242 55.66764 91E
12.560112 55.667736 91F
12.559981 55.667828 91G
12.559846 55.667923 91H
12.559717 55.668015 91K
12.559591 55.66803 93
12.559096 55.667805 94
12.559513 55.66799 97
12.559262 55.667877 100
12.558909 55.667 56
12.561182 55.66768 67
12.561399 55.667435 77
12.561058 55.66727 85A
12.560165 55.668377 37
12.559499 55.66867 13A
12.557887 55.66792 16
12.561333 55.66757 71
12.56073 55.667984 51
