12.554029 55.672127 3
12.554066 55.671974 5
12.554101 55.67187 7
12.554155 55.671772 7A
12.553218 55.671764 8
12.554296 55.671535 9
12.55385 55.671494 10
12.554482 55.671234 11
12.554066 55.67141 12
12.554584 55.671078 13
12.554125 55.671284 14
12.554678 55.670914 15
12.554218 55.671146 16
12.554775 55.67076 17
12.55431 55.670994 18
12.554857 55.67063 19
12.554402 55.670826 20
12.554941 55.6705 21A
12.555026 55.67038 21B
12.554498 55.670685 22
12.55509 55.670246 23
12.554579 55.670563 24
12.555172 55.670113 25
12.554656 55.670433 26
12.555267 55.669952 27
12.554752 55.670277 28
12.55447 55.670265 28A
12.554516 55.670177 28B
12.555475 55.66962 29
12.554834 55.67014 30A
12.554899 55.670033 30B
12.554976 55.669872 32
12.555691 55.669323 33
12.555204 55.669533 34
12.555777 55.669178 35
12.555295 55.669376 36
12.555393 55.669216 38
12.555485 55.669067 40
12.556017 55.668736 41
12.555584 55.66891 42
12.556116 55.668575 43
12.555677 55.66876 44
12.555775 55.668625 46
12.55587 55.66846 48
12.53971 55.678497 1
