12.562792 55.66744 46
12.562504 55.66723 48
12.562208 55.66716 50
12.561714 55.666943 52
12.561024 55.666634 54
12.560777 55.66638 56
12.560146 55.666344 58
12.559998 55.666172 60
12.559358 55.665756 80
12.558937 55.66561 88
12.559065 55.66535 97
12.558448 55.664986 101
12.557877 55.664776 103
12.557644 55.665215 104
12.555666 55.66475 105
12.557344 55.665188 106
12.556927 55.665154 108
12.556192 55.665092 110
12.555926 55.665073 112
12.555282 55.665012 114
12.555025 55.664986 116
12.554286 55.664917 118
12.554092 55.664894 120
12.553917 55.664867 122
12.553032 55.664745 124
12.552814 55.66471 126
12.552548 55.664673 128
12.551863 55.664574 130
12.551663 55.664547 132
12.551419 55.664516 134
12.551209 55.66449 136
12.550571 55.664394 138
12.550318 55.664352 140
12.549903 55.6643 142
12.549207 55.664196 144
12.548953 55.664158 146
12.548701 55.664127 148
12.548096 55.66404 150
12.547919 55.664017 152
12.547742 55.66399 154
12.547562 55.663963 156
12.547371 55.663937 158
12.547184 55.66391 160
12.546573 55.663822 162
12.546387 55.6638 164
12.546213 55.663776 166
12.545609 55.66369 168
12.54539 55.66366 170
12.545209 55.663628 172
12.545001 55.663605 174
12.544809 55.663578 176
12.544613 55.66355 178
12.544004 55.66346 184
12.543732 55.66342 186
12.543519 55.66339 188
12.543334 55.663364 190
12.543098 55.663334 192
12.542898 55.663303 194
12.542701 55.663273 196
12.542524 55.663246 198
12.542286 55.66321 200
12.559204 55.665154 99
12.553491 55.66458 123
12.545412 55.663364 175
12.559193 55.665695 84A
12.558644 55.665596 90
12.564664 55.668762 22
12.612201 55.650112 1
