12.605117 55.681435 50
12.604536 55.681496 51
12.605545 55.681885 52
12.605205 55.682274 53
12.60572 55.682087 54
12.601519 55.67698 1
12.603391 55.677532 20
12.603019 55.6777 24
12.602504 55.677673 28
12.602741 55.679256 31
12.603562 55.679333 34A
12.603625 55.67952 34B
12.603351 55.6801 37
12.603949 55.679955 38
12.604136 55.680164 40
12.603719 55.68054 41
12.604395 55.680473 42
12.604553 55.680656 44
12.604704 55.680836 46
12.605473 55.68273 55
12.604947 55.68301 57
12.605089 55.681343 48
12.603049 55.677402 18
12.542407 55.665886 1
