12.566496 55.678944 2
12.569577 55.682247 3
12.569828 55.682457 5
12.566636 55.67906 6
12.570098 55.68263 7
12.566731 55.679142 8
12.566899 55.679047 8A
12.566788 55.679184 8B
12.570311 55.682816 9
12.566877 55.679256 10
12.570784 55.683132 11
12.56707 55.6794 12
12.567731 55.679462 12A
12.571059 55.683304 15
12.567327 55.679607 16
12.571323 55.683464 17
12.567535 55.679775 18
12.571912 55.683826 19
12.567692 55.67991 20
12.572144 55.683956 21
12.571843 55.68411 21A
12.567962 55.68012 22
12.57236 55.68409 23
12.568116 55.680176 24
12.572554 55.684216 25
12.572261 55.684372 25A
12.568282 55.68008 26
12.572752 55.684345 27
12.572592 55.684433 27A
12.568429 55.680195 28
12.572963 55.68449 29
12.568449 55.68048 30
12.568666 55.680634 32
12.568836 55.68077 34
12.569232 55.6811 38
12.569339 55.68117 42
12.569427 55.681244 44
12.569554 55.681335 46
12.569657 55.68144 48
12.569862 55.681316 48D
12.569877 55.681595 50
12.570055 55.68175 52
12.570214 55.681877 54
12.570461 55.682056 56
12.570638 55.682213 60
12.571382 55.682438 68
12.571535 55.68248 70
12.571793 55.68284 76
12.572082 55.682896 80
12.571974 55.682964 80A
12.572044 55.68301 80B
12.572166 55.683098 82
12.572836 55.683537 90
12.573026 55.683678 92
12.573173 55.68376 94
12.573339 55.683876 96
12.573418 55.683933 102
12.573476 55.68397 104
12.573834 55.68422 106
12.571606 55.683167 15A
12.573338 55.684273 29A
12.571424 55.682655 70F
12.57269 55.683437 88
12.569835 55.681892 52A
12.566635 55.680126 1B
12.566845 55.680458 1C
12.566533 55.680553 1D
12.572199 55.68362 19A
12.571327 55.68309 15B
12.569735 55.681393 48A
12.569995 55.68133 48C
12.570025 55.681377 48B
12.54001 55.69419 1
