12.560463 55.66925 3B
12.560545 55.669292 3C
12.560632 55.669327 3D
12.560729 55.669373 3E
12.560097 55.669083 4
12.560602 55.669067 5A
12.560719 55.66912 5B
12.560837 55.669174 5C
12.560923 55.669212 5D
12.560993 55.669243 5E
12.560162 55.669037 6
12.560784 55.66892 7A
12.560974 55.66901 7B
12.561124 55.669086 7C
12.56085 55.668877 7D
12.560896 55.668846 9
12.560976 55.668873 9B
12.561116 55.668938 9C
12.561256 55.668873 9D
12.561133 55.668816 9E
12.560259 55.668846 10
12.56107 55.668724 11
12.559885 55.668858 12
12.561313 55.66855 13
12.561436 55.668564 13B
12.561554 55.66838 13C
12.559792 55.66873 14
12.561603 55.668247 15
12.560064 55.668552 16A
12.560185 55.668453 16B
12.561493 55.668194 17
12.560558 55.668552 18A
12.560486 55.668568 18B
12.560726 55.66861 20
12.56082 55.668575 22
12.560879 55.668533 24
12.560999 55.66845 28
12.561052 55.66842 28B
12.561086 55.668396 30
12.560452 55.668415 32
12.560605 55.66825 32B
12.56067 55.668118 34
12.560912 55.667946 36
12.561095 55.667816 38
12.561181 55.667763 40
12.561264 55.667706 42
12.561376 55.66763 44
12.56152 55.667522 44B
12.561865 55.66757 44C
12.561811 55.667713 44D
12.561474 55.66795 46
12.561199 55.668137 48
12.561336 55.668247 50
12.561362 55.668713 11A
12.560342 55.668674 18C
12.560516 55.668358 32A
12.559979 55.668594 16
12.560604 55.668236 32C
12.560849 55.668358 18
12.55858 55.66918 1
