12.57601 55.67881 2
12.575857 55.67892 6
12.575806 55.678967 8
12.575443 55.679028 9
12.57573 55.67902 10
12.575869 55.679054 10A
12.575193 55.678997 11
12.575623 55.67909 12
12.575373 55.679077 13
12.575512 55.67916 14
12.57528 55.67913 15
12.575435 55.679207 16
12.575517 55.679276 16A
12.575223 55.679165 17
12.575349 55.67926 18
12.575145 55.67921 19
12.575245 55.67932 20
12.575054 55.679276 21
12.574852 55.67917 21A
12.574983 55.679516 22
12.574898 55.67937 23
12.574679 55.679337 23A
12.574798 55.679245 23B
12.574807 55.679626 24
12.574691 55.6795 25
12.575817 55.67896 8A
12.518945 55.657276 3
