12.587582 55.67777 6
12.588078 55.67812 7
12.588078 55.678314 7A
12.588178 55.678146 7B
12.588266 55.678165 7C
12.588045 55.67787 8
12.588417 55.6782 9
12.588326 55.677933 10
12.589014 55.678337 11
12.588576 55.677994 12
12.589279 55.6784 13
12.589112 55.67859 13A
12.589169 55.67812 14
12.58956 55.678463 15
12.589436 55.67818 16
12.590595 55.67897 23
12.590732 55.67859 24
12.590966 55.678875 26
12.591112 55.67906 28
12.591139 55.679016 28A
12.59119 55.679077 28B
12.591493 55.67897 28C
12.589887 55.678535 17
12.590086 55.678577 17C
12.589692 55.67824 18
12.590175 55.6786 19
12.590264 55.678616 19A
12.590327 55.678642 19B
12.590355 55.678684 19C
12.590388 55.678715 19D
12.586712 55.677532 2
12.589904 55.678288 20
12.590189 55.678356 22
12.587227 55.67794 3
12.591256 55.679234 30
12.586971 55.677624 4
12.58789 55.67809 5
12.591613 55.609222 1
