14.711861 55.20141 1
14.713051 55.202747 3
14.708047 55.204506 5
14.712879 55.200153 6
14.708977 55.205177 7
14.706993 55.206276 7A
14.709534 55.20915 7B
14.710601 55.209423 7C
14.711942 55.200626 8
14.714385 55.209324 9
14.718391 55.216133 11
14.71376 55.202305 12
14.726064 55.217762 13
14.7149 55.206085 14
14.724042 55.219425 15
14.724203 55.21549 16
14.726131 55.224823 17
14.727751 55.22233 17A
14.730726 55.221626 18
14.723404 55.225487 19
14.735041 55.22578 20
14.738294 55.23193 21
14.736179 55.22796 22
14.740307 55.23414 23
14.740959 55.232746 24
14.742503 55.235188 25
14.742545 55.234455 26
14.745375 55.234512 28
14.743079 55.236156 29
14.745208 55.23431 30
14.743248 55.236427 31
14.74351 55.236774 33
14.742421 55.240646 35
14.739553 55.240562 35A
14.747481 55.243248 37
14.745529 55.24835 39
14.745077 55.248386 39A
14.745606 55.24847 39B
14.745404 55.24864 39C
14.745387 55.248734 39D
14.752474 55.2496 41
14.71428 55.200474 6B
14.724645 55.216454 15A
14.823185 55.09702 1
