14.711339 55.180798 3
14.711681 55.180527 4
14.711664 55.180836 5
14.712035 55.18053 6
14.712016 55.18087 7
14.712469 55.180614 8
14.712381 55.18091 9
14.712611 55.180397 10
14.712674 55.180935 11
14.712743 55.18021 12
14.71296 55.180782 13
14.712854 55.180027 14
14.713065 55.180603 15
14.71318 55.18042 17
14.713321 55.18024 19
14.713398 55.180073 21
15.099881 55.139446 2A
14.711339 55.180798 3
14.711681 55.180527 4
14.711664 55.180836 5
14.712035 55.18053 6
14.712016 55.18087 7
14.712469 55.180614 8
14.712381 55.18091 9
14.712611 55.180397 10
14.712674 55.180935 11
14.712743 55.18021 12
14.71296 55.180782 13
14.712854 55.180027 14
14.713065 55.180603 15
14.71318 55.18042 17
14.713321 55.18024 19
14.713398 55.180073 21
15.099881 55.139446 2A
14.711339 55.180798 3
14.711681 55.180527 4
14.711664 55.180836 5
14.712035 55.18053 6
14.712016 55.18087 7
14.712469 55.180614 8
14.712381 55.18091 9
14.712611 55.180397 10
14.712674 55.180935 11
14.712743 55.18021 12
14.71296 55.180782 13
14.712854 55.180027 14
14.713065 55.180603 15
14.71318 55.18042 17
14.713321 55.18024 19
14.713398 55.180073 21
15.099881 55.139446 2A
14.711339 55.180798 3
14.711681 55.180527 4
14.711664 55.180836 5
14.712035 55.18053 6
14.712016 55.18087 7
14.712469 55.180614 8
14.712381 55.18091 9
14.712611 55.180397 10
14.712674 55.180935 11
14.712743 55.18021 12
14.71296 55.180782 13
14.712854 55.180027 14
14.713065 55.180603 15
14.71318 55.18042 17
14.713321 55.18024 19
14.713398 55.180073 21
15.099881 55.139446 2A
14.711339 55.180798 3
14.711681 55.180527 4
14.711664 55.180836 5
14.712035 55.18053 6
14.712016 55.18087 7
14.712469 55.180614 8
14.712381 55.18091 9
14.712611 55.180397 10
14.712674 55.180935 11
14.712743 55.18021 12
14.71296 55.180782 13
14.712854 55.180027 14
14.713065 55.180603 15
14.71318 55.18042 17
14.713321 55.18024 19
14.713398 55.180073 21
15.099881 55.139446 2A
14.711339 55.180798 3
14.711681 55.180527 4
14.711664 55.180836 5
14.712035 55.18053 6
14.712016 55.18087 7
14.712469 55.180614 8
14.712381 55.18091 9
14.712611 55.180397 10
14.712674 55.180935 11
14.712743 55.18021 12
14.71296 55.180782 13
14.712854 55.180027 14
14.713065 55.180603 15
14.71318 55.18042 17
14.713321 55.18024 19
14.713398 55.180073 21
15.099881 55.139446 2A
