14.708079 55.179493 2
14.708463 55.17981 3
14.708315 55.179523 4
14.708759 55.17986 5
14.708566 55.17959 6
14.708968 55.17989 7
14.708825 55.17913 8
14.709234 55.179855 9
14.708937 55.17961 10
14.709394 55.179874 11
14.709235 55.179653 12
14.709579 55.179897 13
14.709721 55.17969 14
14.709724 55.179928 15
14.710077 55.17975 16
14.709904 55.179947 17
14.710432 55.179787 18
14.710052 55.17997 19
14.710674 55.179863 20
14.710338 55.180126 21
14.711006 55.1799 22
14.710807 55.18021 23
14.698843 55.10021 1
