14.740502 55.249954 2
14.739795 55.249977 3
14.740641 55.250103 4
14.740138 55.250484 5
14.741324 55.249928 6
14.743795 55.252686 7
14.745948 55.25283 10
14.740571 55.24841 10A
14.698162 55.098377 1
14.740502 55.249954 2
14.739795 55.249977 3
14.740641 55.250103 4
14.740138 55.250484 5
14.741324 55.249928 6
14.743795 55.252686 7
14.745948 55.25283 10
14.740571 55.24841 10A
14.698162 55.098377 1
14.740502 55.249954 2
14.739795 55.249977 3
14.740641 55.250103 4
14.740138 55.250484 5
14.741324 55.249928 6
14.743795 55.252686 7
14.745948 55.25283 10
14.740571 55.24841 10A
14.698162 55.098377 1
14.740502 55.249954 2
14.739795 55.249977 3
14.740641 55.250103 4
14.740138 55.250484 5
14.741324 55.249928 6
14.743795 55.252686 7
14.745948 55.25283 10
14.740571 55.24841 10A
14.698162 55.098377 1
14.740502 55.249954 2
14.739795 55.249977 3
14.740641 55.250103 4
14.740138 55.250484 5
14.741324 55.249928 6
14.743795 55.252686 7
14.745948 55.25283 10
14.740571 55.24841 10A
14.698162 55.098377 1
14.740502 55.249954 2
14.739795 55.249977 3
14.740641 55.250103 4
14.740138 55.250484 5
14.741324 55.249928 6
14.743795 55.252686 7
14.745948 55.25283 10
14.740571 55.24841 10A
14.698162 55.098377 1
