14.705876 55.18272 2
14.705891 55.182533 4A
14.705895 55.182472 4B
14.706182 55.182213 5
14.705877 55.182404 6
14.706195 55.181965 7
14.705953 55.182045 8
14.706276 55.181686 9
14.705969 55.181957 10
14.706431 55.18121 11
14.705983 55.181885 12
14.706458 55.18114 13
14.706003 55.1818 14
14.706491 55.18104 15
14.706032 55.181698 16
14.706055 55.18162 18
14.70682 55.180798 19
14.706073 55.181572 20
14.706785 55.180588 21A
14.706848 55.180622 21B
14.706144 55.18135 22
14.706994 55.180325 23
14.707085 55.180157 25
14.706183 55.181194 26
14.704697 55.179703 28A
14.707211 55.179028 30
14.707414 55.17977 31
14.707149 55.177982 32
14.707503 55.179646 33
14.707532 55.179375 37
14.707866 55.179123 39
14.707947 55.178997 41
14.708021 55.178875 43
14.708079 55.17871 45
14.708316 55.178513 47
14.708889 55.178745 47A
14.70928 55.17873 47B
14.7091 55.17843 47C
14.70846 55.17831 49
14.707842 55.17341 50
14.708809 55.17615 50A
14.708551 55.178158 51
14.708666 55.177975 53
14.708768 55.17782 55
14.708814 55.177757 57
14.707572 55.177155 58
14.708885 55.177654 59
14.705501 55.176945 60
14.708853 55.177425 61
14.712002 55.169853 90
14.712624 55.163857 100
14.712653 55.163857 102
14.705397 55.180447 26B
14.715448 55.171707 65
14.713634 55.167088 98
14.718576 55.102818 10
14.705876 55.18272 2
14.705891 55.182533 4A
14.705895 55.182472 4B
14.706182 55.182213 5
14.705877 55.182404 6
14.706195 55.181965 7
14.705953 55.182045 8
14.706276 55.181686 9
14.705969 55.181957 10
14.706431 55.18121 11
14.705983 55.181885 12
14.706458 55.18114 13
14.706003 55.1818 14
14.706491 55.18104 15
14.706032 55.181698 16
14.706055 55.18162 18
14.70682 55.180798 19
14.706073 55.181572 20
14.706785 55.180588 21A
14.706848 55.180622 21B
14.706144 55.18135 22
14.706994 55.180325 23
14.707085 55.180157 25
14.706183 55.181194 26
14.704697 55.179703 28A
14.707211 55.179028 30
14.707414 55.17977 31
14.707149 55.177982 32
14.707503 55.179646 33
14.707532 55.179375 37
14.707866 55.179123 39
14.707947 55.178997 41
14.708021 55.178875 43
14.708079 55.17871 45
14.708316 55.178513 47
14.708889 55.178745 47A
14.70928 55.17873 47B
14.7091 55.17843 47C
14.70846 55.17831 49
14.707842 55.17341 50
14.708809 55.17615 50A
14.708551 55.178158 51
14.708666 55.177975 53
14.708768 55.17782 55
14.708814 55.177757 57
14.707572 55.177155 58
14.708885 55.177654 59
14.705501 55.176945 60
14.708853 55.177425 61
14.712002 55.169853 90
14.712624 55.163857 100
14.712653 55.163857 102
14.705397 55.180447 26B
14.715448 55.171707 65
14.713634 55.167088 98
14.718576 55.102818 10
14.705876 55.18272 2
14.705891 55.182533 4A
14.705895 55.182472 4B
14.706182 55.182213 5
14.705877 55.182404 6
14.706195 55.181965 7
14.705953 55.182045 8
14.706276 55.181686 9
14.705969 55.181957 10
14.706431 55.18121 11
14.705983 55.181885 12
14.706458 55.18114 13
14.706003 55.1818 14
14.706491 55.18104 15
14.706032 55.181698 16
14.706055 55.18162 18
14.70682 55.180798 19
14.706073 55.181572 20
14.706785 55.180588 21A
14.706848 55.180622 21B
14.706144 55.18135 22
14.706994 55.180325 23
14.707085 55.180157 25
14.706183 55.181194 26
14.704697 55.179703 28A
14.707211 55.179028 30
14.707414 55.17977 31
14.707149 55.177982 32
14.707503 55.179646 33
14.707532 55.179375 37
14.707866 55.179123 39
14.707947 55.178997 41
14.708021 55.178875 43
14.708079 55.17871 45
14.708316 55.178513 47
14.708889 55.178745 47A
14.70928 55.17873 47B
14.7091 55.17843 47C
14.70846 55.17831 49
14.707842 55.17341 50
14.708809 55.17615 50A
14.708551 55.178158 51
14.708666 55.177975 53
14.708768 55.17782 55
14.708814 55.177757 57
14.707572 55.177155 58
14.708885 55.177654 59
14.705501 55.176945 60
14.708853 55.177425 61
14.712002 55.169853 90
14.712624 55.163857 100
14.712653 55.163857 102
14.705397 55.180447 26B
14.715448 55.171707 65
14.713634 55.167088 98
14.718576 55.102818 10
14.705876 55.18272 2
14.705891 55.182533 4A
14.705895 55.182472 4B
14.706182 55.182213 5
14.705877 55.182404 6
14.706195 55.181965 7
14.705953 55.182045 8
14.706276 55.181686 9
14.705969 55.181957 10
14.706431 55.18121 11
14.705983 55.181885 12
14.706458 55.18114 13
14.706003 55.1818 14
14.706491 55.18104 15
14.706032 55.181698 16
14.706055 55.18162 18
14.70682 55.180798 19
14.706073 55.181572 20
14.706785 55.180588 21A
14.706848 55.180622 21B
14.706144 55.18135 22
14.706994 55.180325 23
14.707085 55.180157 25
14.706183 55.181194 26
14.704697 55.179703 28A
14.707211 55.179028 30
14.707414 55.17977 31
14.707149 55.177982 32
14.707503 55.179646 33
14.707532 55.179375 37
14.707866 55.179123 39
14.707947 55.178997 41
14.708021 55.178875 43
14.708079 55.17871 45
14.708316 55.178513 47
14.708889 55.178745 47A
14.70928 55.17873 47B
14.7091 55.17843 47C
14.70846 55.17831 49
14.707842 55.17341 50
14.708809 55.17615 50A
14.708551 55.178158 51
14.708666 55.177975 53
14.708768 55.17782 55
14.708814 55.177757 57
14.707572 55.177155 58
14.708885 55.177654 59
14.705501 55.176945 60
14.708853 55.177425 61
14.712002 55.169853 90
14.712624 55.163857 100
14.712653 55.163857 102
14.705397 55.180447 26B
14.715448 55.171707 65
14.713634 55.167088 98
14.718576 55.102818 10
14.705876 55.18272 2
14.705891 55.182533 4A
14.705895 55.182472 4B
14.706182 55.182213 5
14.705877 55.182404 6
14.706195 55.181965 7
14.705953 55.182045 8
14.706276 55.181686 9
14.705969 55.181957 10
14.706431 55.18121 11
14.705983 55.181885 12
14.706458 55.18114 13
14.706003 55.1818 14
14.706491 55.18104 15
14.706032 55.181698 16
14.706055 55.18162 18
14.70682 55.180798 19
14.706073 55.181572 20
14.706785 55.180588 21A
14.706848 55.180622 21B
14.706144 55.18135 22
14.706994 55.180325 23
14.707085 55.180157 25
14.706183 55.181194 26
14.704697 55.179703 28A
14.707211 55.179028 30
14.707414 55.17977 31
14.707149 55.177982 32
14.707503 55.179646 33
14.707532 55.179375 37
14.707866 55.179123 39
14.707947 55.178997 41
14.708021 55.178875 43
14.708079 55.17871 45
14.708316 55.178513 47
14.708889 55.178745 47A
14.70928 55.17873 47B
14.7091 55.17843 47C
14.70846 55.17831 49
14.707842 55.17341 50
14.708809 55.17615 50A
14.708551 55.178158 51
14.708666 55.177975 53
14.708768 55.17782 55
14.708814 55.177757 57
14.707572 55.177155 58
14.708885 55.177654 59
14.705501 55.176945 60
14.708853 55.177425 61
14.712002 55.169853 90
14.712624 55.163857 100
14.712653 55.163857 102
14.705397 55.180447 26B
14.715448 55.171707 65
14.713634 55.167088 98
14.718576 55.102818 10
14.705876 55.18272 2
14.705891 55.182533 4A
14.705895 55.182472 4B
14.706182 55.182213 5
14.705877 55.182404 6
14.706195 55.181965 7
14.705953 55.182045 8
14.706276 55.181686 9
14.705969 55.181957 10
14.706431 55.18121 11
14.705983 55.181885 12
14.706458 55.18114 13
14.706003 55.1818 14
14.706491 55.18104 15
14.706032 55.181698 16
14.706055 55.18162 18
14.70682 55.180798 19
14.706073 55.181572 20
14.706785 55.180588 21A
14.706848 55.180622 21B
14.706144 55.18135 22
14.706994 55.180325 23
14.707085 55.180157 25
14.706183 55.181194 26
14.704697 55.179703 28A
14.707211 55.179028 30
14.707414 55.17977 31
14.707149 55.177982 32
14.707503 55.179646 33
14.707532 55.179375 37
14.707866 55.179123 39
14.707947 55.178997 41
14.708021 55.178875 43
14.708079 55.17871 45
14.708316 55.178513 47
14.708889 55.178745 47A
14.70928 55.17873 47B
14.7091 55.17843 47C
14.70846 55.17831 49
14.707842 55.17341 50
14.708809 55.17615 50A
14.708551 55.178158 51
14.708666 55.177975 53
14.708768 55.17782 55
14.708814 55.177757 57
14.707572 55.177155 58
14.708885 55.177654 59
14.705501 55.176945 60
14.708853 55.177425 61
14.712002 55.169853 90
14.712624 55.163857 100
14.712653 55.163857 102
14.705397 55.180447 26B
14.715448 55.171707 65
14.713634 55.167088 98
14.718576 55.102818 10
