14.705849 55.183456 2
14.705169 55.183086 3
14.705601 55.183414 4
14.705527 55.183304 6
14.705588 55.18321 8
15.130887 55.064793 1
14.686025 55.09886 1
14.705849 55.183456 2
14.705169 55.183086 3
14.705601 55.183414 4
14.705527 55.183304 6
14.705588 55.18321 8
15.130887 55.064793 1
14.686025 55.09886 1
14.705849 55.183456 2
14.705169 55.183086 3
14.705601 55.183414 4
14.705527 55.183304 6
14.705588 55.18321 8
15.130887 55.064793 1
14.686025 55.09886 1
14.705849 55.183456 2
14.705169 55.183086 3
14.705601 55.183414 4
14.705527 55.183304 6
14.705588 55.18321 8
15.130887 55.064793 1
14.686025 55.09886 1
14.705849 55.183456 2
14.705169 55.183086 3
14.705601 55.183414 4
14.705527 55.183304 6
14.705588 55.18321 8
15.130887 55.064793 1
14.686025 55.09886 1
14.705849 55.183456 2
14.705169 55.183086 3
14.705601 55.183414 4
14.705527 55.183304 6
14.705588 55.18321 8
15.130887 55.064793 1
14.686025 55.09886 1
