14.708091 55.18199 1
14.707468 55.18221 2
14.707552 55.182045 3
14.707334 55.182243 4
14.707116 55.18218 5
14.707194 55.18228 6
14.706741 55.182285 7
14.706634 55.182312 9
14.706312 55.182556 10
14.706179 55.1826 10A
14.706191 55.182304 11
14.706187 55.182358 13
14.706187 55.182415 15
14.920717 55.068836 1
14.708091 55.18199 1
14.707468 55.18221 2
14.707552 55.182045 3
14.707334 55.182243 4
14.707116 55.18218 5
14.707194 55.18228 6
14.706741 55.182285 7
14.706634 55.182312 9
14.706312 55.182556 10
14.706179 55.1826 10A
14.706191 55.182304 11
14.706187 55.182358 13
14.706187 55.182415 15
14.920717 55.068836 1
14.708091 55.18199 1
14.707468 55.18221 2
14.707552 55.182045 3
14.707334 55.182243 4
14.707116 55.18218 5
14.707194 55.18228 6
14.706741 55.182285 7
14.706634 55.182312 9
14.706312 55.182556 10
14.706179 55.1826 10A
14.706191 55.182304 11
14.706187 55.182358 13
14.706187 55.182415 15
14.920717 55.068836 1
14.708091 55.18199 1
14.707468 55.18221 2
14.707552 55.182045 3
14.707334 55.182243 4
14.707116 55.18218 5
14.707194 55.18228 6
14.706741 55.182285 7
14.706634 55.182312 9
14.706312 55.182556 10
14.706179 55.1826 10A
14.706191 55.182304 11
14.706187 55.182358 13
14.706187 55.182415 15
14.920717 55.068836 1
14.708091 55.18199 1
14.707468 55.18221 2
14.707552 55.182045 3
14.707334 55.182243 4
14.707116 55.18218 5
14.707194 55.18228 6
14.706741 55.182285 7
14.706634 55.182312 9
14.706312 55.182556 10
14.706179 55.1826 10A
14.706191 55.182304 11
14.706187 55.182358 13
14.706187 55.182415 15
14.920717 55.068836 1
14.708091 55.18199 1
14.707468 55.18221 2
14.707552 55.182045 3
14.707334 55.182243 4
14.707116 55.18218 5
14.707194 55.18228 6
14.706741 55.182285 7
14.706634 55.182312 9
14.706312 55.182556 10
14.706179 55.1826 10A
14.706191 55.182304 11
14.706187 55.182358 13
14.706187 55.182415 15
14.920717 55.068836 1
