14.706069 55.1815 2
14.705771 55.181435 4
14.705488 55.18119 7
14.705633 55.181404 8
14.70508 55.181145 9
14.705514 55.181374 10
14.704932 55.181107 11
14.704608 55.181194 12
14.704665 55.180977 13
14.704409 55.18078 13A
14.704491 55.18118 14
14.704053 55.181 15
14.704331 55.181164 16
14.703911 55.180984 17
14.70423 55.181156 18
14.704062 55.181145 20
14.703875 55.18113 22
14.703641 55.181114 24
14.704283 55.111324 2A
14.706069 55.1815 2
14.705771 55.181435 4
14.705488 55.18119 7
14.705633 55.181404 8
14.70508 55.181145 9
14.705514 55.181374 10
14.704932 55.181107 11
14.704608 55.181194 12
14.704665 55.180977 13
14.704409 55.18078 13A
14.704491 55.18118 14
14.704053 55.181 15
14.704331 55.181164 16
14.703911 55.180984 17
14.70423 55.181156 18
14.704062 55.181145 20
14.703875 55.18113 22
14.703641 55.181114 24
14.704283 55.111324 2A
14.706069 55.1815 2
14.705771 55.181435 4
14.705488 55.18119 7
14.705633 55.181404 8
14.70508 55.181145 9
14.705514 55.181374 10
14.704932 55.181107 11
14.704608 55.181194 12
14.704665 55.180977 13
14.704409 55.18078 13A
14.704491 55.18118 14
14.704053 55.181 15
14.704331 55.181164 16
14.703911 55.180984 17
14.70423 55.181156 18
14.704062 55.181145 20
14.703875 55.18113 22
14.703641 55.181114 24
14.704283 55.111324 2A
14.706069 55.1815 2
14.705771 55.181435 4
14.705488 55.18119 7
14.705633 55.181404 8
14.70508 55.181145 9
14.705514 55.181374 10
14.704932 55.181107 11
14.704608 55.181194 12
14.704665 55.180977 13
14.704409 55.18078 13A
14.704491 55.18118 14
14.704053 55.181 15
14.704331 55.181164 16
14.703911 55.180984 17
14.70423 55.181156 18
14.704062 55.181145 20
14.703875 55.18113 22
14.703641 55.181114 24
14.704283 55.111324 2A
14.706069 55.1815 2
14.705771 55.181435 4
14.705488 55.18119 7
14.705633 55.181404 8
14.70508 55.181145 9
14.705514 55.181374 10
14.704932 55.181107 11
14.704608 55.181194 12
14.704665 55.180977 13
14.704409 55.18078 13A
14.704491 55.18118 14
14.704053 55.181 15
14.704331 55.181164 16
14.703911 55.180984 17
14.70423 55.181156 18
14.704062 55.181145 20
14.703875 55.18113 22
14.703641 55.181114 24
14.704283 55.111324 2A
14.706069 55.1815 2
14.705771 55.181435 4
14.705488 55.18119 7
14.705633 55.181404 8
14.70508 55.181145 9
14.705514 55.181374 10
14.704932 55.181107 11
14.704608 55.181194 12
14.704665 55.180977 13
14.704409 55.18078 13A
14.704491 55.18118 14
14.704053 55.181 15
14.704331 55.181164 16
14.703911 55.180984 17
14.70423 55.181156 18
14.704062 55.181145 20
14.703875 55.18113 22
14.703641 55.181114 24
14.704283 55.111324 2A
