14.71441 55.175976 8
14.714454 55.175823 41
14.714117 55.176086 5
14.714915 55.176117 35
14.714736 55.17603 25
14.715153 55.176075 37
14.714802 55.176136 34
14.715168 55.175743 14
14.715196 55.175938 29
14.714343 55.17617 23
14.7154 55.175877 31
14.71477 55.175896 10
14.714161 55.176247 21
14.715085 55.175793 13
14.715472 55.175983 40
14.715363 55.17601 39
14.715511 55.17584 32
14.713718 55.176228 1
14.714975 55.175827 12
14.713872 55.17637 18
14.715258 55.176044 38
14.714431 55.17612 24
14.713925 55.17616 3
14.714961 55.175983 27
14.714062 55.17628 20
14.714222 55.17605 6
14.715084 55.175964 28
14.715035 55.176105 36
14.713957 55.176315 19
14.715301 55.17591 30
14.714314 55.17601 7
14.714668 55.17593 9
14.71426 55.176212 22
14.713803 55.176193 2
14.714025 55.176125 4
14.715354 55.175655 16
14.714849 55.176006 26
14.714879 55.175865 11
14.71375 55.176388 17
14.715256 55.175697 15
14.714688 55.17615 33
