14.712195 55.179813 3
14.712412 55.17953 4
14.712628 55.179905 5
14.712776 55.17963 6
14.714434 55.1802 7
14.713244 55.179703 8
14.713537 55.179794 10
14.714094 55.17988 12
14.714525 55.179943 14
14.695849 55.09957 1
14.712195 55.179813 3
14.712412 55.17953 4
14.712628 55.179905 5
14.712776 55.17963 6
14.714434 55.1802 7
14.713244 55.179703 8
14.713537 55.179794 10
14.714094 55.17988 12
14.714525 55.179943 14
14.695849 55.09957 1
14.712195 55.179813 3
14.712412 55.17953 4
14.712628 55.179905 5
14.712776 55.17963 6
14.714434 55.1802 7
14.713244 55.179703 8
14.713537 55.179794 10
14.714094 55.17988 12
14.714525 55.179943 14
14.695849 55.09957 1
14.712195 55.179813 3
14.712412 55.17953 4
14.712628 55.179905 5
14.712776 55.17963 6
14.714434 55.1802 7
14.713244 55.179703 8
14.713537 55.179794 10
14.714094 55.17988 12
14.714525 55.179943 14
14.695849 55.09957 1
14.712195 55.179813 3
14.712412 55.17953 4
14.712628 55.179905 5
14.712776 55.17963 6
14.714434 55.1802 7
14.713244 55.179703 8
14.713537 55.179794 10
14.714094 55.17988 12
14.714525 55.179943 14
14.695849 55.09957 1
14.712195 55.179813 3
14.712412 55.17953 4
14.712628 55.179905 5
14.712776 55.17963 6
14.714434 55.1802 7
14.713244 55.179703 8
14.713537 55.179794 10
14.714094 55.17988 12
14.714525 55.179943 14
14.695849 55.09957 1
