14.705237 55.184055 1
14.703886 55.184166 2
14.704885 55.183975 3
14.703743 55.18451 4
14.704141 55.18397 5
14.703979 55.184 7
14.7038 55.18391 9
14.705451 55.18412 1A
14.691021 55.100533 1
15.135394 55.06344 2
14.705237 55.184055 1
14.703886 55.184166 2
14.704885 55.183975 3
14.703743 55.18451 4
14.704141 55.18397 5
14.703979 55.184 7
14.7038 55.18391 9
14.705451 55.18412 1A
14.691021 55.100533 1
15.135394 55.06344 2
14.705237 55.184055 1
14.703886 55.184166 2
14.704885 55.183975 3
14.703743 55.18451 4
14.704141 55.18397 5
14.703979 55.184 7
14.7038 55.18391 9
14.705451 55.18412 1A
14.691021 55.100533 1
15.135394 55.06344 2
14.705237 55.184055 1
14.703886 55.184166 2
14.704885 55.183975 3
14.703743 55.18451 4
14.704141 55.18397 5
14.703979 55.184 7
14.7038 55.18391 9
14.705451 55.18412 1A
14.691021 55.100533 1
15.135394 55.06344 2
14.705237 55.184055 1
14.703886 55.184166 2
14.704885 55.183975 3
14.703743 55.18451 4
14.704141 55.18397 5
14.703979 55.184 7
14.7038 55.18391 9
14.705451 55.18412 1A
14.691021 55.100533 1
15.135394 55.06344 2
14.705237 55.184055 1
14.703886 55.184166 2
14.704885 55.183975 3
14.703743 55.18451 4
14.704141 55.18397 5
14.703979 55.184 7
14.7038 55.18391 9
14.705451 55.18412 1A
14.691021 55.100533 1
15.135394 55.06344 2
