14.713687 55.212303 2
14.713954 55.213135 2B
14.711509 55.211094 3
14.709532 55.211407 4
14.710891 55.21074 5
14.709073 55.211105 6
14.708079 55.209312 7
14.70866 55.2093 7A
14.708772 55.092857 2
14.713687 55.212303 2
14.713954 55.213135 2B
14.711509 55.211094 3
14.709532 55.211407 4
14.710891 55.21074 5
14.709073 55.211105 6
14.708079 55.209312 7
14.70866 55.2093 7A
14.708772 55.092857 2
14.713687 55.212303 2
14.713954 55.213135 2B
14.711509 55.211094 3
14.709532 55.211407 4
14.710891 55.21074 5
14.709073 55.211105 6
14.708079 55.209312 7
14.70866 55.2093 7A
14.708772 55.092857 2
14.713687 55.212303 2
14.713954 55.213135 2B
14.711509 55.211094 3
14.709532 55.211407 4
14.710891 55.21074 5
14.709073 55.211105 6
14.708079 55.209312 7
14.70866 55.2093 7A
14.708772 55.092857 2
14.713687 55.212303 2
14.713954 55.213135 2B
14.711509 55.211094 3
14.709532 55.211407 4
14.710891 55.21074 5
14.709073 55.211105 6
14.708079 55.209312 7
14.70866 55.2093 7A
14.708772 55.092857 2
14.713687 55.212303 2
14.713954 55.213135 2B
14.711509 55.211094 3
14.709532 55.211407 4
14.710891 55.21074 5
14.709073 55.211105 6
14.708079 55.209312 7
14.70866 55.2093 7A
14.708772 55.092857 2
