14.767802 55.169334 2
14.767233 55.169254 4
14.764061 55.16923 6
14.755065 55.16899 8
14.751574 55.168556 1B
14.716874 55.113926 1
14.767802 55.169334 2
14.767233 55.169254 4
14.764061 55.16923 6
14.755065 55.16899 8
14.751574 55.168556 1B
14.716874 55.113926 1
14.767802 55.169334 2
14.767233 55.169254 4
14.764061 55.16923 6
14.755065 55.16899 8
14.751574 55.168556 1B
14.716874 55.113926 1
14.767802 55.169334 2
14.767233 55.169254 4
14.764061 55.16923 6
14.755065 55.16899 8
14.751574 55.168556 1B
14.716874 55.113926 1
14.767802 55.169334 2
14.767233 55.169254 4
14.764061 55.16923 6
14.755065 55.16899 8
14.751574 55.168556 1B
14.716874 55.113926 1
14.767802 55.169334 2
14.767233 55.169254 4
14.764061 55.16923 6
14.755065 55.16899 8
14.751574 55.168556 1B
14.716874 55.113926 1
