14.741088 55.208096 3
14.741625 55.20771 4
14.74139 55.20817 5
14.742233 55.20817 6
14.741595 55.208317 7
14.743023 55.208237 8
14.74178 55.208424 9
14.743475 55.207832 10
14.741986 55.20848 11
14.742497 55.208294 12
14.742662 55.208378 14
14.74245 55.208775 15
14.742836 55.20852 16
14.740887 55.21086 17
14.742764 55.208996 19
14.74301 55.20916 21
14.74369 55.209 22
14.743166 55.209255 23
14.743948 55.209152 24
14.743333 55.20935 25
14.743724 55.20967 25A
14.744075 55.209324 26
14.743928 55.209824 27
14.744217 55.209953 29
14.744416 55.21003 31
14.744826 55.21039 33
14.746137 55.210434 36
14.74522 55.210606 39
14.747283 55.211353 40
14.747847 55.21171 40A
14.745404 55.210716 41
14.748022 55.211945 42
14.74544 55.21082 43
14.74846 55.21234 44
14.746743 55.211704 45
14.748722 55.212543 46
14.744205 55.213406 47
14.747286 55.21194 49
14.747641 55.21226 51
14.7478 55.21262 55
14.763727 55.140575 1
