14.706896 55.183086 1
14.707128 55.183323 2
14.70697 55.183453 3
14.707432 55.184193 4
14.708018 55.184826 4A
14.707025 55.18361 5
14.707407 55.184917 6
14.707046 55.18368 7
14.707011 55.184963 8
14.707181 55.18498 8A
14.707065 55.18383 9
14.70698 55.18503 10
14.707167 55.184162 11
14.707019 55.185196 12
14.707147 55.184223 13
14.707247 55.185383 14
14.706839 55.18432 15
14.707633 55.18557 16
14.707076 55.18443 17
14.707755 55.18559 18
14.707029 55.184547 19
14.707013 55.184605 21
14.706677 55.185314 23A
14.706702 55.185337 23B
14.706731 55.18536 23C
14.706759 55.185387 23D
14.706783 55.18541 23E
14.70681 55.185436 23F
14.707682 55.1857 25
14.756314 55.139877 2
