14.707813 55.176666 2
14.708188 55.176132 3
14.707626 55.176846 4
14.708242 55.175934 5
14.707136 55.176888 6
14.707664 55.176064 7
14.70721 55.176643 8
14.707582 55.176258 9
14.707393 55.176502 10
14.707056 55.176155 11
14.70666 55.17651 12
14.706746 55.17598 13
14.706587 55.176685 14
14.707214 55.175816 15
14.706503 55.176834 16
14.707579 55.175716 17
14.706195 55.176758 18
14.706264 55.176582 20
14.708558 55.17566 21
14.706338 55.176365 22
14.708172 55.175457 23
14.706312 55.17609 24
14.707709 55.175457 25
14.705987 55.17587 26
14.707294 55.175575 27
14.706884 55.17561 29
14.706424 55.17582 31
14.706298 55.175087 33
14.704834 55.175114 35
14.708049 55.175705 19
15.113799 55.0291 1
