14.746777 55.23771 1
14.748884 55.236103 2
14.747337 55.23791 3
14.74846 55.237103 5
14.749287 55.234543 6
14.75038 55.2377 7
14.752161 55.23822 9
14.75766 55.235924 10
14.758815 55.2375 11
14.759185 55.23632 12
14.761295 55.237568 13
14.763036 55.23702 14
14.840938 55.20849 31
14.746777 55.23771 1
14.748884 55.236103 2
14.747337 55.23791 3
14.74846 55.237103 5
14.749287 55.234543 6
14.75038 55.2377 7
14.752161 55.23822 9
14.75766 55.235924 10
14.758815 55.2375 11
14.759185 55.23632 12
14.761295 55.237568 13
14.763036 55.23702 14
14.840938 55.20849 31
14.746777 55.23771 1
14.748884 55.236103 2
14.747337 55.23791 3
14.74846 55.237103 5
14.749287 55.234543 6
14.75038 55.2377 7
14.752161 55.23822 9
14.75766 55.235924 10
14.758815 55.2375 11
14.759185 55.23632 12
14.761295 55.237568 13
14.763036 55.23702 14
14.840938 55.20849 31
14.746777 55.23771 1
14.748884 55.236103 2
14.747337 55.23791 3
14.74846 55.237103 5
14.749287 55.234543 6
14.75038 55.2377 7
14.752161 55.23822 9
14.75766 55.235924 10
14.758815 55.2375 11
14.759185 55.23632 12
14.761295 55.237568 13
14.763036 55.23702 14
14.840938 55.20849 31
14.746777 55.23771 1
14.748884 55.236103 2
14.747337 55.23791 3
14.74846 55.237103 5
14.749287 55.234543 6
14.75038 55.2377 7
14.752161 55.23822 9
14.75766 55.235924 10
14.758815 55.2375 11
14.759185 55.23632 12
14.761295 55.237568 13
14.763036 55.23702 14
14.840938 55.20849 31
14.746777 55.23771 1
14.748884 55.236103 2
14.747337 55.23791 3
14.74846 55.237103 5
14.749287 55.234543 6
14.75038 55.2377 7
14.752161 55.23822 9
14.75766 55.235924 10
14.758815 55.2375 11
14.759185 55.23632 12
14.761295 55.237568 13
14.763036 55.23702 14
14.840938 55.20849 31
