14.7071 55.18406 1
14.706573 55.184376 3
14.705899 55.1843 4
14.707069 55.183933 6
14.705987 55.18436 2A
14.70612 55.18437 2B
14.690386 55.09327 9
14.7071 55.18406 1
14.706573 55.184376 3
14.705899 55.1843 4
14.707069 55.183933 6
14.705987 55.18436 2A
14.70612 55.18437 2B
14.690386 55.09327 9
14.7071 55.18406 1
14.706573 55.184376 3
14.705899 55.1843 4
14.707069 55.183933 6
14.705987 55.18436 2A
14.70612 55.18437 2B
14.690386 55.09327 9
14.7071 55.18406 1
14.706573 55.184376 3
14.705899 55.1843 4
14.707069 55.183933 6
14.705987 55.18436 2A
14.70612 55.18437 2B
14.690386 55.09327 9
14.7071 55.18406 1
14.706573 55.184376 3
14.705899 55.1843 4
14.707069 55.183933 6
14.705987 55.18436 2A
14.70612 55.18437 2B
14.690386 55.09327 9
14.7071 55.18406 1
14.706573 55.184376 3
14.705899 55.1843 4
14.707069 55.183933 6
14.705987 55.18436 2A
14.70612 55.18437 2B
14.690386 55.09327 9
