14.711238 55.16069 4
14.706632 55.160652 6
14.706944 55.162903 8
14.70659 55.16308 10
14.707096 55.16321 12
14.705049 55.16097 14
14.706013 55.160496 6B
14.732934 55.128117 1
14.711238 55.16069 4
14.706632 55.160652 6
14.706944 55.162903 8
14.70659 55.16308 10
14.707096 55.16321 12
14.705049 55.16097 14
14.706013 55.160496 6B
14.732934 55.128117 1
14.711238 55.16069 4
14.706632 55.160652 6
14.706944 55.162903 8
14.70659 55.16308 10
14.707096 55.16321 12
14.705049 55.16097 14
14.706013 55.160496 6B
14.732934 55.128117 1
14.711238 55.16069 4
14.706632 55.160652 6
14.706944 55.162903 8
14.70659 55.16308 10
14.707096 55.16321 12
14.705049 55.16097 14
14.706013 55.160496 6B
14.732934 55.128117 1
14.711238 55.16069 4
14.706632 55.160652 6
14.706944 55.162903 8
14.70659 55.16308 10
14.707096 55.16321 12
14.705049 55.16097 14
14.706013 55.160496 6B
14.732934 55.128117 1
14.711238 55.16069 4
14.706632 55.160652 6
14.706944 55.162903 8
14.70659 55.16308 10
14.707096 55.16321 12
14.705049 55.16097 14
14.706013 55.160496 6B
14.732934 55.128117 1
