14.704258 55.18169 1
14.704591 55.181904 2
14.704078 55.18167 3
14.704512 55.181892 4
14.70395 55.181656 5
14.70425 55.181858 6
14.70379 55.181637 7
14.704129 55.181843 8
14.703697 55.18163 9
14.703895 55.181812 10
14.703456 55.1816 11
14.704258 55.18169 1
14.704591 55.181904 2
14.704078 55.18167 3
14.704512 55.181892 4
14.70395 55.181656 5
14.70425 55.181858 6
14.70379 55.181637 7
14.704129 55.181843 8
14.703697 55.18163 9
14.703895 55.181812 10
14.703456 55.1816 11
14.704258 55.18169 1
14.704591 55.181904 2
14.704078 55.18167 3
14.704512 55.181892 4
14.70395 55.181656 5
14.70425 55.181858 6
14.70379 55.181637 7
14.704129 55.181843 8
14.703697 55.18163 9
14.703895 55.181812 10
14.703456 55.1816 11
14.704258 55.18169 1
14.704591 55.181904 2
14.704078 55.18167 3
14.704512 55.181892 4
14.70395 55.181656 5
14.70425 55.181858 6
14.70379 55.181637 7
14.704129 55.181843 8
14.703697 55.18163 9
14.703895 55.181812 10
14.703456 55.1816 11
14.704258 55.18169 1
14.704591 55.181904 2
14.704078 55.18167 3
14.704512 55.181892 4
14.70395 55.181656 5
14.70425 55.181858 6
14.70379 55.181637 7
14.704129 55.181843 8
14.703697 55.18163 9
14.703895 55.181812 10
14.703456 55.1816 11
14.704258 55.18169 1
14.704591 55.181904 2
14.704078 55.18167 3
14.704512 55.181892 4
14.70395 55.181656 5
14.70425 55.181858 6
14.70379 55.181637 7
14.704129 55.181843 8
14.703697 55.18163 9
14.703895 55.181812 10
14.703456 55.1816 11
