14.708673 55.182438 2
14.708451 55.182632 3
14.708909 55.182304 4
14.708816 55.182594 5
14.70919 55.18231 8
14.709246 55.182503 7
14.970526 55.20987 1
14.708673 55.182438 2
14.708451 55.182632 3
14.708909 55.182304 4
14.708816 55.182594 5
14.70919 55.18231 8
14.709246 55.182503 7
14.970526 55.20987 1
14.708673 55.182438 2
14.708451 55.182632 3
14.708909 55.182304 4
14.708816 55.182594 5
14.70919 55.18231 8
14.709246 55.182503 7
14.970526 55.20987 1
14.708673 55.182438 2
14.708451 55.182632 3
14.708909 55.182304 4
14.708816 55.182594 5
14.70919 55.18231 8
14.709246 55.182503 7
14.970526 55.20987 1
14.708673 55.182438 2
14.708451 55.182632 3
14.708909 55.182304 4
14.708816 55.182594 5
14.70919 55.18231 8
14.709246 55.182503 7
14.970526 55.20987 1
14.708673 55.182438 2
14.708451 55.182632 3
14.708909 55.182304 4
14.708816 55.182594 5
14.70919 55.18231 8
14.709246 55.182503 7
14.970526 55.20987 1
