14.707572 55.18027 1
14.707762 55.180084 2
14.70793 55.18029 3
14.708164 55.180138 4
14.708232 55.18036 5
14.708642 55.18019 6
14.709088 55.18026 8
14.70938 55.180298 10
14.708784 55.180412 11
14.70989 55.180367 12
14.709176 55.18046 13
14.709101 55.180775 13A
14.709424 55.18077 13B
14.710252 55.180416 14
14.709634 55.180523 15
14.710602 55.180416 16
14.710046 55.180576 17
15.124509 55.06406 1
14.707572 55.18027 1
14.707762 55.180084 2
14.70793 55.18029 3
14.708164 55.180138 4
14.708232 55.18036 5
14.708642 55.18019 6
14.709088 55.18026 8
14.70938 55.180298 10
14.708784 55.180412 11
14.70989 55.180367 12
14.709176 55.18046 13
14.709101 55.180775 13A
14.709424 55.18077 13B
14.710252 55.180416 14
14.709634 55.180523 15
14.710602 55.180416 16
14.710046 55.180576 17
15.124509 55.06406 1
14.707572 55.18027 1
14.707762 55.180084 2
14.70793 55.18029 3
14.708164 55.180138 4
14.708232 55.18036 5
14.708642 55.18019 6
14.709088 55.18026 8
14.70938 55.180298 10
14.708784 55.180412 11
14.70989 55.180367 12
14.709176 55.18046 13
14.709101 55.180775 13A
14.709424 55.18077 13B
14.710252 55.180416 14
14.709634 55.180523 15
14.710602 55.180416 16
14.710046 55.180576 17
15.124509 55.06406 1
14.707572 55.18027 1
14.707762 55.180084 2
14.70793 55.18029 3
14.708164 55.180138 4
14.708232 55.18036 5
14.708642 55.18019 6
14.709088 55.18026 8
14.70938 55.180298 10
14.708784 55.180412 11
14.70989 55.180367 12
14.709176 55.18046 13
14.709101 55.180775 13A
14.709424 55.18077 13B
14.710252 55.180416 14
14.709634 55.180523 15
14.710602 55.180416 16
14.710046 55.180576 17
15.124509 55.06406 1
14.707572 55.18027 1
14.707762 55.180084 2
14.70793 55.18029 3
14.708164 55.180138 4
14.708232 55.18036 5
14.708642 55.18019 6
14.709088 55.18026 8
14.70938 55.180298 10
14.708784 55.180412 11
14.70989 55.180367 12
14.709176 55.18046 13
14.709101 55.180775 13A
14.709424 55.18077 13B
14.710252 55.180416 14
14.709634 55.180523 15
14.710602 55.180416 16
14.710046 55.180576 17
15.124509 55.06406 1
14.707572 55.18027 1
14.707762 55.180084 2
14.70793 55.18029 3
14.708164 55.180138 4
14.708232 55.18036 5
14.708642 55.18019 6
14.709088 55.18026 8
14.70938 55.180298 10
14.708784 55.180412 11
14.70989 55.180367 12
14.709176 55.18046 13
14.709101 55.180775 13A
14.709424 55.18077 13B
14.710252 55.180416 14
14.709634 55.180523 15
14.710602 55.180416 16
14.710046 55.180576 17
15.124509 55.06406 1
