14.75819 55.225388 1
14.7489 55.224045 2
14.754197 55.223454 4
14.755134 55.22285 6
14.756151 55.224567 8
14.757804 55.22279 10
14.92354 55.068 1
14.75819 55.225388 1
14.7489 55.224045 2
14.754197 55.223454 4
14.755134 55.22285 6
14.756151 55.224567 8
14.757804 55.22279 10
14.92354 55.068 1
14.75819 55.225388 1
14.7489 55.224045 2
14.754197 55.223454 4
14.755134 55.22285 6
14.756151 55.224567 8
14.757804 55.22279 10
14.92354 55.068 1
14.75819 55.225388 1
14.7489 55.224045 2
14.754197 55.223454 4
14.755134 55.22285 6
14.756151 55.224567 8
14.757804 55.22279 10
14.92354 55.068 1
14.75819 55.225388 1
14.7489 55.224045 2
14.754197 55.223454 4
14.755134 55.22285 6
14.756151 55.224567 8
14.757804 55.22279 10
14.92354 55.068 1
14.75819 55.225388 1
14.7489 55.224045 2
14.754197 55.223454 4
14.755134 55.22285 6
14.756151 55.224567 8
14.757804 55.22279 10
14.92354 55.068 1
