14.706379 55.18694 1
14.706513 55.188023 2
14.706388 55.187008 3
14.706466 55.188076 4
14.706396 55.18707 5
14.706401 55.18814 6
14.706406 55.187145 7
14.706305 55.18834 8
14.706421 55.187286 9
14.706098 55.187283 11
14.705424 55.187172 13
14.705417 55.1875 15
14.70535 55.18765 17
14.706414 55.187508 19
14.706401 55.1876 21
14.705865 55.18763 21A
14.706384 55.187805 23
14.706325 55.187904 25
14.706279 55.18796 27
14.706158 55.188103 29
14.70609 55.18818 31
14.705941 55.188133 33
14.705294 55.188076 35
14.872234 55.21852 1
14.706379 55.18694 1
14.706513 55.188023 2
14.706388 55.187008 3
14.706466 55.188076 4
14.706396 55.18707 5
14.706401 55.18814 6
14.706406 55.187145 7
14.706305 55.18834 8
14.706421 55.187286 9
14.706098 55.187283 11
14.705424 55.187172 13
14.705417 55.1875 15
14.70535 55.18765 17
14.706414 55.187508 19
14.706401 55.1876 21
14.705865 55.18763 21A
14.706384 55.187805 23
14.706325 55.187904 25
14.706279 55.18796 27
14.706158 55.188103 29
14.70609 55.18818 31
14.705941 55.188133 33
14.705294 55.188076 35
14.872234 55.21852 1
14.706379 55.18694 1
14.706513 55.188023 2
14.706388 55.187008 3
14.706466 55.188076 4
14.706396 55.18707 5
14.706401 55.18814 6
14.706406 55.187145 7
14.706305 55.18834 8
14.706421 55.187286 9
14.706098 55.187283 11
14.705424 55.187172 13
14.705417 55.1875 15
14.70535 55.18765 17
14.706414 55.187508 19
14.706401 55.1876 21
14.705865 55.18763 21A
14.706384 55.187805 23
14.706325 55.187904 25
14.706279 55.18796 27
14.706158 55.188103 29
14.70609 55.18818 31
14.705941 55.188133 33
14.705294 55.188076 35
14.872234 55.21852 1
14.706379 55.18694 1
14.706513 55.188023 2
14.706388 55.187008 3
14.706466 55.188076 4
14.706396 55.18707 5
14.706401 55.18814 6
14.706406 55.187145 7
14.706305 55.18834 8
14.706421 55.187286 9
14.706098 55.187283 11
14.705424 55.187172 13
14.705417 55.1875 15
14.70535 55.18765 17
14.706414 55.187508 19
14.706401 55.1876 21
14.705865 55.18763 21A
14.706384 55.187805 23
14.706325 55.187904 25
14.706279 55.18796 27
14.706158 55.188103 29
14.70609 55.18818 31
14.705941 55.188133 33
14.705294 55.188076 35
14.872234 55.21852 1
14.706379 55.18694 1
14.706513 55.188023 2
14.706388 55.187008 3
14.706466 55.188076 4
14.706396 55.18707 5
14.706401 55.18814 6
14.706406 55.187145 7
14.706305 55.18834 8
14.706421 55.187286 9
14.706098 55.187283 11
14.705424 55.187172 13
14.705417 55.1875 15
14.70535 55.18765 17
14.706414 55.187508 19
14.706401 55.1876 21
14.705865 55.18763 21A
14.706384 55.187805 23
14.706325 55.187904 25
14.706279 55.18796 27
14.706158 55.188103 29
14.70609 55.18818 31
14.705941 55.188133 33
14.705294 55.188076 35
14.872234 55.21852 1
14.706379 55.18694 1
14.706513 55.188023 2
14.706388 55.187008 3
14.706466 55.188076 4
14.706396 55.18707 5
14.706401 55.18814 6
14.706406 55.187145 7
14.706305 55.18834 8
14.706421 55.187286 9
14.706098 55.187283 11
14.705424 55.187172 13
14.705417 55.1875 15
14.70535 55.18765 17
14.706414 55.187508 19
14.706401 55.1876 21
14.705865 55.18763 21A
14.706384 55.187805 23
14.706325 55.187904 25
14.706279 55.18796 27
14.706158 55.188103 29
14.70609 55.18818 31
14.705941 55.188133 33
14.705294 55.188076 35
14.872234 55.21852 1
