14.739449 55.2473 1B
14.739772 55.247646 3
14.740477 55.247604 4
14.740604 55.247814 6
14.738771 55.24779 7
14.73976 55.24793 9
14.740843 55.248013 10
14.73959 55.24843 11
14.741256 55.248375 12
14.74002 55.24859 13
14.740672 55.248615 14
14.741868 55.248768 16
14.739786 55.249043 17
14.742175 55.249302 18
14.741735 55.249294 20
14.740268 55.249023 22
14.740607 55.249718 24
14.740189 55.24941 21
14.740012 55.249214 19
14.739876 55.247276 1A
15.144617 55.13306 2
14.739449 55.2473 1B
14.739772 55.247646 3
14.740477 55.247604 4
14.740604 55.247814 6
14.738771 55.24779 7
14.73976 55.24793 9
14.740843 55.248013 10
14.73959 55.24843 11
14.741256 55.248375 12
14.74002 55.24859 13
14.740672 55.248615 14
14.741868 55.248768 16
14.739786 55.249043 17
14.742175 55.249302 18
14.741735 55.249294 20
14.740268 55.249023 22
14.740607 55.249718 24
14.740189 55.24941 21
14.740012 55.249214 19
14.739876 55.247276 1A
15.144617 55.13306 2
14.739449 55.2473 1B
14.739772 55.247646 3
14.740477 55.247604 4
14.740604 55.247814 6
14.738771 55.24779 7
14.73976 55.24793 9
14.740843 55.248013 10
14.73959 55.24843 11
14.741256 55.248375 12
14.74002 55.24859 13
14.740672 55.248615 14
14.741868 55.248768 16
14.739786 55.249043 17
14.742175 55.249302 18
14.741735 55.249294 20
14.740268 55.249023 22
14.740607 55.249718 24
14.740189 55.24941 21
14.740012 55.249214 19
14.739876 55.247276 1A
15.144617 55.13306 2
14.739449 55.2473 1B
14.739772 55.247646 3
14.740477 55.247604 4
14.740604 55.247814 6
14.738771 55.24779 7
14.73976 55.24793 9
14.740843 55.248013 10
14.73959 55.24843 11
14.741256 55.248375 12
14.74002 55.24859 13
14.740672 55.248615 14
14.741868 55.248768 16
14.739786 55.249043 17
14.742175 55.249302 18
14.741735 55.249294 20
14.740268 55.249023 22
14.740607 55.249718 24
14.740189 55.24941 21
14.740012 55.249214 19
14.739876 55.247276 1A
15.144617 55.13306 2
14.739449 55.2473 1B
14.739772 55.247646 3
14.740477 55.247604 4
14.740604 55.247814 6
14.738771 55.24779 7
14.73976 55.24793 9
14.740843 55.248013 10
14.73959 55.24843 11
14.741256 55.248375 12
14.74002 55.24859 13
14.740672 55.248615 14
14.741868 55.248768 16
14.739786 55.249043 17
14.742175 55.249302 18
14.741735 55.249294 20
14.740268 55.249023 22
14.740607 55.249718 24
14.740189 55.24941 21
14.740012 55.249214 19
14.739876 55.247276 1A
15.144617 55.13306 2
14.739449 55.2473 1B
14.739772 55.247646 3
14.740477 55.247604 4
14.740604 55.247814 6
14.738771 55.24779 7
14.73976 55.24793 9
14.740843 55.248013 10
14.73959 55.24843 11
14.741256 55.248375 12
14.74002 55.24859 13
14.740672 55.248615 14
14.741868 55.248768 16
14.739786 55.249043 17
14.742175 55.249302 18
14.741735 55.249294 20
14.740268 55.249023 22
14.740607 55.249718 24
14.740189 55.24941 21
14.740012 55.249214 19
14.739876 55.247276 1A
15.144617 55.13306 2
