14.704735 55.184895 1B
14.7049 55.1849 3
14.706554 55.18476 4
14.706669 55.184757 6
14.706836 55.184753 8
14.706218 55.184902 9
14.706374 55.1849 11
14.706644 55.18495 13
14.780388 55.28884 1
14.704735 55.184895 1B
14.7049 55.1849 3
14.706554 55.18476 4
14.706669 55.184757 6
14.706836 55.184753 8
14.706218 55.184902 9
14.706374 55.1849 11
14.706644 55.18495 13
14.780388 55.28884 1
14.704735 55.184895 1B
14.7049 55.1849 3
14.706554 55.18476 4
14.706669 55.184757 6
14.706836 55.184753 8
14.706218 55.184902 9
14.706374 55.1849 11
14.706644 55.18495 13
14.780388 55.28884 1
14.704735 55.184895 1B
14.7049 55.1849 3
14.706554 55.18476 4
14.706669 55.184757 6
14.706836 55.184753 8
14.706218 55.184902 9
14.706374 55.1849 11
14.706644 55.18495 13
14.780388 55.28884 1
14.704735 55.184895 1B
14.7049 55.1849 3
14.706554 55.18476 4
14.706669 55.184757 6
14.706836 55.184753 8
14.706218 55.184902 9
14.706374 55.1849 11
14.706644 55.18495 13
14.780388 55.28884 1
14.704735 55.184895 1B
14.7049 55.1849 3
14.706554 55.18476 4
14.706669 55.184757 6
14.706836 55.184753 8
14.706218 55.184902 9
14.706374 55.1849 11
14.706644 55.18495 13
14.780388 55.28884 1
