14.707951 55.183006 1B
14.708145 55.18317 3
14.706494 55.182823 4
14.708443 55.183224 5
14.706654 55.1828 6
14.708552 55.183266 7
14.707674 55.1828 8
14.708778 55.183357 9
14.708423 55.183006 10
14.708929 55.183414 11
14.708904 55.183228 12
14.709037 55.18346 13
14.709078 55.183296 14
14.709275 55.183544 15
14.709191 55.18334 16
14.709351 55.183575 17
14.709329 55.183395 18
14.709438 55.183605 19
14.709425 55.183437 20
14.70618 55.182854 2
14.719871 55.155792 1
14.707951 55.183006 1B
14.708145 55.18317 3
14.706494 55.182823 4
14.708443 55.183224 5
14.706654 55.1828 6
14.708552 55.183266 7
14.707674 55.1828 8
14.708778 55.183357 9
14.708423 55.183006 10
14.708929 55.183414 11
14.708904 55.183228 12
14.709037 55.18346 13
14.709078 55.183296 14
14.709275 55.183544 15
14.709191 55.18334 16
14.709351 55.183575 17
14.709329 55.183395 18
14.709438 55.183605 19
14.709425 55.183437 20
14.70618 55.182854 2
14.719871 55.155792 1
14.707951 55.183006 1B
14.708145 55.18317 3
14.706494 55.182823 4
14.708443 55.183224 5
14.706654 55.1828 6
14.708552 55.183266 7
14.707674 55.1828 8
14.708778 55.183357 9
14.708423 55.183006 10
14.708929 55.183414 11
14.708904 55.183228 12
14.709037 55.18346 13
14.709078 55.183296 14
14.709275 55.183544 15
14.709191 55.18334 16
14.709351 55.183575 17
14.709329 55.183395 18
14.709438 55.183605 19
14.709425 55.183437 20
14.70618 55.182854 2
14.719871 55.155792 1
14.707951 55.183006 1B
14.708145 55.18317 3
14.706494 55.182823 4
14.708443 55.183224 5
14.706654 55.1828 6
14.708552 55.183266 7
14.707674 55.1828 8
14.708778 55.183357 9
14.708423 55.183006 10
14.708929 55.183414 11
14.708904 55.183228 12
14.709037 55.18346 13
14.709078 55.183296 14
14.709275 55.183544 15
14.709191 55.18334 16
14.709351 55.183575 17
14.709329 55.183395 18
14.709438 55.183605 19
14.709425 55.183437 20
14.70618 55.182854 2
14.719871 55.155792 1
14.707951 55.183006 1B
14.708145 55.18317 3
14.706494 55.182823 4
14.708443 55.183224 5
14.706654 55.1828 6
14.708552 55.183266 7
14.707674 55.1828 8
14.708778 55.183357 9
14.708423 55.183006 10
14.708929 55.183414 11
14.708904 55.183228 12
14.709037 55.18346 13
14.709078 55.183296 14
14.709275 55.183544 15
14.709191 55.18334 16
14.709351 55.183575 17
14.709329 55.183395 18
14.709438 55.183605 19
14.709425 55.183437 20
14.70618 55.182854 2
14.719871 55.155792 1
14.707951 55.183006 1B
14.708145 55.18317 3
14.706494 55.182823 4
14.708443 55.183224 5
14.706654 55.1828 6
14.708552 55.183266 7
14.707674 55.1828 8
14.708778 55.183357 9
14.708423 55.183006 10
14.708929 55.183414 11
14.708904 55.183228 12
14.709037 55.18346 13
14.709078 55.183296 14
14.709275 55.183544 15
14.709191 55.18334 16
14.709351 55.183575 17
14.709329 55.183395 18
14.709438 55.183605 19
14.709425 55.183437 20
14.70618 55.182854 2
14.719871 55.155792 1
