14.717571 55.164703 2
14.718285 55.164383 3
14.716898 55.16489 4
14.718342 55.164093 5
14.716897 55.164627 6
14.718347 55.163822 7
14.716896 55.164333 8
14.718369 55.16355 9
14.717554 55.16433 10
14.718477 55.163242 11
14.716796 55.16387 12
14.718303 55.162956 13
14.717197 55.163883 14
14.717665 55.16389 16
14.717685 55.16348 18
14.717225 55.16346 20
14.716785 55.16345 22
14.716857 55.163 24
14.717251 55.16301 26
14.71772 55.16302 28
14.718137 55.163177 1V
14.906051 55.169865 1
14.717571 55.164703 2
14.718285 55.164383 3
14.716898 55.16489 4
14.718342 55.164093 5
14.716897 55.164627 6
14.718347 55.163822 7
14.716896 55.164333 8
14.718369 55.16355 9
14.717554 55.16433 10
14.718477 55.163242 11
14.716796 55.16387 12
14.718303 55.162956 13
14.717197 55.163883 14
14.717665 55.16389 16
14.717685 55.16348 18
14.717225 55.16346 20
14.716785 55.16345 22
14.716857 55.163 24
14.717251 55.16301 26
14.71772 55.16302 28
14.718137 55.163177 1V
14.906051 55.169865 1
14.717571 55.164703 2
14.718285 55.164383 3
14.716898 55.16489 4
14.718342 55.164093 5
14.716897 55.164627 6
14.718347 55.163822 7
14.716896 55.164333 8
14.718369 55.16355 9
14.717554 55.16433 10
14.718477 55.163242 11
14.716796 55.16387 12
14.718303 55.162956 13
14.717197 55.163883 14
14.717665 55.16389 16
14.717685 55.16348 18
14.717225 55.16346 20
14.716785 55.16345 22
14.716857 55.163 24
14.717251 55.16301 26
14.71772 55.16302 28
14.718137 55.163177 1V
14.906051 55.169865 1
14.717571 55.164703 2
14.718285 55.164383 3
14.716898 55.16489 4
14.718342 55.164093 5
14.716897 55.164627 6
14.718347 55.163822 7
14.716896 55.164333 8
14.718369 55.16355 9
14.717554 55.16433 10
14.718477 55.163242 11
14.716796 55.16387 12
14.718303 55.162956 13
14.717197 55.163883 14
14.717665 55.16389 16
14.717685 55.16348 18
14.717225 55.16346 20
14.716785 55.16345 22
14.716857 55.163 24
14.717251 55.16301 26
14.71772 55.16302 28
14.718137 55.163177 1V
14.906051 55.169865 1
14.717571 55.164703 2
14.718285 55.164383 3
14.716898 55.16489 4
14.718342 55.164093 5
14.716897 55.164627 6
14.718347 55.163822 7
14.716896 55.164333 8
14.718369 55.16355 9
14.717554 55.16433 10
14.718477 55.163242 11
14.716796 55.16387 12
14.718303 55.162956 13
14.717197 55.163883 14
14.717665 55.16389 16
14.717685 55.16348 18
14.717225 55.16346 20
14.716785 55.16345 22
14.716857 55.163 24
14.717251 55.16301 26
14.71772 55.16302 28
14.718137 55.163177 1V
14.906051 55.169865 1
14.717571 55.164703 2
14.718285 55.164383 3
14.716898 55.16489 4
14.718342 55.164093 5
14.716897 55.164627 6
14.718347 55.163822 7
14.716896 55.164333 8
14.718369 55.16355 9
14.717554 55.16433 10
14.718477 55.163242 11
14.716796 55.16387 12
14.718303 55.162956 13
14.717197 55.163883 14
14.717665 55.16389 16
14.717685 55.16348 18
14.717225 55.16346 20
14.716785 55.16345 22
14.716857 55.163 24
14.717251 55.16301 26
14.71772 55.16302 28
14.718137 55.163177 1V
14.906051 55.169865 1
