14.712763 55.18134 1
14.712621 55.181545 2
14.712295 55.18165 2B
14.71227 55.181168 3
14.712046 55.181164 3A
14.711891 55.181347 3C
14.711761 55.181602 4
14.7115 55.181625 4A
14.711265 55.181644 4B
14.711288 55.181446 5
14.711034 55.18167 6
14.71091 55.181503 7
14.710277 55.18174 8
14.710491 55.18156 9
14.71011 55.181843 10
14.710323 55.181587 11
14.709511 55.181866 12
14.710204 55.181602 13
14.709298 55.181908 14
14.710067 55.18162 15
14.709118 55.18195 16
14.70991 55.18165 17
14.708932 55.18199 18A
14.70885 55.182007 18B
14.710145 55.181232 19A
14.709674 55.181286 19C
14.709634 55.181435 19D
14.708733 55.182034 20
14.708604 55.18206 20A
14.708476 55.182087 20B
14.708359 55.182114 20C
14.709562 55.181705 21
14.707856 55.18236 22
14.709428 55.181732 23
14.707712 55.182453 24
14.709291 55.181767 25
14.707591 55.182526 26
14.709074 55.18181 27
14.707642 55.182674 28
14.708944 55.18184 29
14.707392 55.18265 30
14.708756 55.18188 31
14.707281 55.182724 32
14.708535 55.181927 33A
14.708636 55.181904 33B
14.708561 55.181812 33C
14.707245 55.183018 34
14.70836 55.181957 35
14.706741 55.183067 36
14.707394 55.18244 37B
14.706636 55.183147 38
14.707058 55.182663 39
14.70653 55.183228 40
14.706994 55.1827 41
14.70636 55.183422 42
14.706904 55.18276 43
14.706373 55.183834 44
14.706421 55.183086 45
14.706025 55.18393 46
14.706115 55.18338 47
14.70599 55.184 48
14.70596 55.183594 49
14.705915 55.183674 49A
14.705904 55.184166 52
14.7058 55.183884 53
14.705761 55.18395 55
14.705729 55.184013 57
14.705691 55.184086 59
14.705813 55.18434 60
14.705642 55.18417 61
14.705992 55.18452 62
14.706008 55.184715 64
14.705279 55.184258 65
14.705843 55.184937 66
14.70522 55.18456 67
14.705881 55.185074 68
14.706126 55.185333 72
14.705561 55.18494 73
14.706209 55.185436 74
14.705586 55.185036 75
14.706534 55.185627 76
14.705891 55.185337 77
14.7065 55.185993 78
14.70598 55.18545 79
14.706516 55.18612 80
14.706044 55.18555 81
14.706529 55.186237 82
14.706106 55.185646 83
14.706555 55.18643 84
14.706236 55.185886 85
14.706588 55.186653 86
14.70627 55.18608 87
14.706291 55.18614 87A
14.706742 55.186813 88
14.70629 55.186237 89
14.70689 55.186947 90
14.706301 55.186386 91
14.707014 55.187046 92
14.706319 55.186474 93
14.707461 55.187416 94
14.706342 55.186676 95
14.70754 55.187485 96
14.70636 55.186783 97
14.707631 55.187557 98
14.706876 55.187283 99
14.707696 55.187614 100
14.707553 55.187775 100A
14.709238 55.188572 101
14.70801 55.18768 102
14.708218 55.187737 104
14.708454 55.1878 106
14.708898 55.187683 108
14.708958 55.18796 110
14.70927 55.187782 112
14.705839 55.183792 51
14.705871 55.184235 58
14.707516 55.18238 37A
14.705945 55.184093 50
14.707259 55.182533 37C
14.7056 55.184242 61A
14.706042 55.18522 70
14.699653 55.09612 1
14.712763 55.18134 1
14.712621 55.181545 2
14.712295 55.18165 2B
14.71227 55.181168 3
14.712046 55.181164 3A
14.711891 55.181347 3C
14.711761 55.181602 4
14.7115 55.181625 4A
14.711265 55.181644 4B
14.711288 55.181446 5
14.711034 55.18167 6
14.71091 55.181503 7
14.710277 55.18174 8
14.710491 55.18156 9
14.71011 55.181843 10
14.710323 55.181587 11
14.709511 55.181866 12
14.710204 55.181602 13
14.709298 55.181908 14
14.710067 55.18162 15
14.709118 55.18195 16
14.70991 55.18165 17
14.708932 55.18199 18A
14.70885 55.182007 18B
14.710145 55.181232 19A
14.709674 55.181286 19C
14.709634 55.181435 19D
14.708733 55.182034 20
14.708604 55.18206 20A
14.708476 55.182087 20B
14.708359 55.182114 20C
14.709562 55.181705 21
14.707856 55.18236 22
14.709428 55.181732 23
14.707712 55.182453 24
14.709291 55.181767 25
14.707591 55.182526 26
14.709074 55.18181 27
14.707642 55.182674 28
14.708944 55.18184 29
14.707392 55.18265 30
14.708756 55.18188 31
14.707281 55.182724 32
14.708535 55.181927 33A
14.708636 55.181904 33B
14.708561 55.181812 33C
14.707245 55.183018 34
14.70836 55.181957 35
14.706741 55.183067 36
14.707394 55.18244 37B
14.706636 55.183147 38
14.707058 55.182663 39
14.70653 55.183228 40
14.706994 55.1827 41
14.70636 55.183422 42
14.706904 55.18276 43
14.706373 55.183834 44
14.706421 55.183086 45
14.706025 55.18393 46
14.706115 55.18338 47
14.70599 55.184 48
14.70596 55.183594 49
14.705915 55.183674 49A
14.705904 55.184166 52
14.7058 55.183884 53
14.705761 55.18395 55
14.705729 55.184013 57
14.705691 55.184086 59
14.705813 55.18434 60
14.705642 55.18417 61
14.705992 55.18452 62
14.706008 55.184715 64
14.705279 55.184258 65
14.705843 55.184937 66
14.70522 55.18456 67
14.705881 55.185074 68
14.706126 55.185333 72
14.705561 55.18494 73
14.706209 55.185436 74
14.705586 55.185036 75
14.706534 55.185627 76
14.705891 55.185337 77
14.7065 55.185993 78
14.70598 55.18545 79
14.706516 55.18612 80
14.706044 55.18555 81
14.706529 55.186237 82
14.706106 55.185646 83
14.706555 55.18643 84
14.706236 55.185886 85
14.706588 55.186653 86
14.70627 55.18608 87
14.706291 55.18614 87A
14.706742 55.186813 88
14.70629 55.186237 89
14.70689 55.186947 90
14.706301 55.186386 91
14.707014 55.187046 92
14.706319 55.186474 93
14.707461 55.187416 94
14.706342 55.186676 95
14.70754 55.187485 96
14.70636 55.186783 97
14.707631 55.187557 98
14.706876 55.187283 99
14.707696 55.187614 100
14.707553 55.187775 100A
14.709238 55.188572 101
14.70801 55.18768 102
14.708218 55.187737 104
14.708454 55.1878 106
14.708898 55.187683 108
14.708958 55.18796 110
14.70927 55.187782 112
14.705839 55.183792 51
14.705871 55.184235 58
14.707516 55.18238 37A
14.705945 55.184093 50
14.707259 55.182533 37C
14.7056 55.184242 61A
14.706042 55.18522 70
14.699653 55.09612 1
14.712763 55.18134 1
14.712621 55.181545 2
14.712295 55.18165 2B
14.71227 55.181168 3
14.712046 55.181164 3A
14.711891 55.181347 3C
14.711761 55.181602 4
14.7115 55.181625 4A
14.711265 55.181644 4B
14.711288 55.181446 5
14.711034 55.18167 6
14.71091 55.181503 7
14.710277 55.18174 8
14.710491 55.18156 9
14.71011 55.181843 10
14.710323 55.181587 11
14.709511 55.181866 12
14.710204 55.181602 13
14.709298 55.181908 14
14.710067 55.18162 15
14.709118 55.18195 16
14.70991 55.18165 17
14.708932 55.18199 18A
14.70885 55.182007 18B
14.710145 55.181232 19A
14.709674 55.181286 19C
14.709634 55.181435 19D
14.708733 55.182034 20
14.708604 55.18206 20A
14.708476 55.182087 20B
14.708359 55.182114 20C
14.709562 55.181705 21
14.707856 55.18236 22
14.709428 55.181732 23
14.707712 55.182453 24
14.709291 55.181767 25
14.707591 55.182526 26
14.709074 55.18181 27
14.707642 55.182674 28
14.708944 55.18184 29
14.707392 55.18265 30
14.708756 55.18188 31
14.707281 55.182724 32
14.708535 55.181927 33A
14.708636 55.181904 33B
14.708561 55.181812 33C
14.707245 55.183018 34
14.70836 55.181957 35
14.706741 55.183067 36
14.707394 55.18244 37B
14.706636 55.183147 38
14.707058 55.182663 39
14.70653 55.183228 40
14.706994 55.1827 41
14.70636 55.183422 42
14.706904 55.18276 43
14.706373 55.183834 44
14.706421 55.183086 45
14.706025 55.18393 46
14.706115 55.18338 47
14.70599 55.184 48
14.70596 55.183594 49
14.705915 55.183674 49A
14.705904 55.184166 52
14.7058 55.183884 53
14.705761 55.18395 55
14.705729 55.184013 57
14.705691 55.184086 59
14.705813 55.18434 60
14.705642 55.18417 61
14.705992 55.18452 62
14.706008 55.184715 64
14.705279 55.184258 65
14.705843 55.184937 66
14.70522 55.18456 67
14.705881 55.185074 68
14.706126 55.185333 72
14.705561 55.18494 73
14.706209 55.185436 74
14.705586 55.185036 75
14.706534 55.185627 76
14.705891 55.185337 77
14.7065 55.185993 78
14.70598 55.18545 79
14.706516 55.18612 80
14.706044 55.18555 81
14.706529 55.186237 82
14.706106 55.185646 83
14.706555 55.18643 84
14.706236 55.185886 85
14.706588 55.186653 86
14.70627 55.18608 87
14.706291 55.18614 87A
14.706742 55.186813 88
14.70629 55.186237 89
14.70689 55.186947 90
14.706301 55.186386 91
14.707014 55.187046 92
14.706319 55.186474 93
14.707461 55.187416 94
14.706342 55.186676 95
14.70754 55.187485 96
14.70636 55.186783 97
14.707631 55.187557 98
14.706876 55.187283 99
14.707696 55.187614 100
14.707553 55.187775 100A
14.709238 55.188572 101
14.70801 55.18768 102
14.708218 55.187737 104
14.708454 55.1878 106
14.708898 55.187683 108
14.708958 55.18796 110
14.70927 55.187782 112
14.705839 55.183792 51
14.705871 55.184235 58
14.707516 55.18238 37A
14.705945 55.184093 50
14.707259 55.182533 37C
14.7056 55.184242 61A
14.706042 55.18522 70
14.699653 55.09612 1
14.712763 55.18134 1
14.712621 55.181545 2
14.712295 55.18165 2B
14.71227 55.181168 3
14.712046 55.181164 3A
14.711891 55.181347 3C
14.711761 55.181602 4
14.7115 55.181625 4A
14.711265 55.181644 4B
14.711288 55.181446 5
14.711034 55.18167 6
14.71091 55.181503 7
14.710277 55.18174 8
14.710491 55.18156 9
14.71011 55.181843 10
14.710323 55.181587 11
14.709511 55.181866 12
14.710204 55.181602 13
14.709298 55.181908 14
14.710067 55.18162 15
14.709118 55.18195 16
14.70991 55.18165 17
14.708932 55.18199 18A
14.70885 55.182007 18B
14.710145 55.181232 19A
14.709674 55.181286 19C
14.709634 55.181435 19D
14.708733 55.182034 20
14.708604 55.18206 20A
14.708476 55.182087 20B
14.708359 55.182114 20C
14.709562 55.181705 21
14.707856 55.18236 22
14.709428 55.181732 23
14.707712 55.182453 24
14.709291 55.181767 25
14.707591 55.182526 26
14.709074 55.18181 27
14.707642 55.182674 28
14.708944 55.18184 29
14.707392 55.18265 30
14.708756 55.18188 31
14.707281 55.182724 32
14.708535 55.181927 33A
14.708636 55.181904 33B
14.708561 55.181812 33C
14.707245 55.183018 34
14.70836 55.181957 35
14.706741 55.183067 36
14.707394 55.18244 37B
14.706636 55.183147 38
14.707058 55.182663 39
14.70653 55.183228 40
14.706994 55.1827 41
14.70636 55.183422 42
14.706904 55.18276 43
14.706373 55.183834 44
14.706421 55.183086 45
14.706025 55.18393 46
14.706115 55.18338 47
14.70599 55.184 48
14.70596 55.183594 49
14.705915 55.183674 49A
14.705904 55.184166 52
14.7058 55.183884 53
14.705761 55.18395 55
14.705729 55.184013 57
14.705691 55.184086 59
14.705813 55.18434 60
14.705642 55.18417 61
14.705992 55.18452 62
14.706008 55.184715 64
14.705279 55.184258 65
14.705843 55.184937 66
14.70522 55.18456 67
14.705881 55.185074 68
14.706126 55.185333 72
14.705561 55.18494 73
14.706209 55.185436 74
14.705586 55.185036 75
14.706534 55.185627 76
14.705891 55.185337 77
14.7065 55.185993 78
14.70598 55.18545 79
14.706516 55.18612 80
14.706044 55.18555 81
14.706529 55.186237 82
14.706106 55.185646 83
14.706555 55.18643 84
14.706236 55.185886 85
14.706588 55.186653 86
14.70627 55.18608 87
14.706291 55.18614 87A
14.706742 55.186813 88
14.70629 55.186237 89
14.70689 55.186947 90
14.706301 55.186386 91
14.707014 55.187046 92
14.706319 55.186474 93
14.707461 55.187416 94
14.706342 55.186676 95
14.70754 55.187485 96
14.70636 55.186783 97
14.707631 55.187557 98
14.706876 55.187283 99
14.707696 55.187614 100
14.707553 55.187775 100A
14.709238 55.188572 101
14.70801 55.18768 102
14.708218 55.187737 104
14.708454 55.1878 106
14.708898 55.187683 108
14.708958 55.18796 110
14.70927 55.187782 112
14.705839 55.183792 51
14.705871 55.184235 58
14.707516 55.18238 37A
14.705945 55.184093 50
14.707259 55.182533 37C
14.7056 55.184242 61A
14.706042 55.18522 70
14.699653 55.09612 1
14.712763 55.18134 1
14.712621 55.181545 2
14.712295 55.18165 2B
14.71227 55.181168 3
14.712046 55.181164 3A
14.711891 55.181347 3C
14.711761 55.181602 4
14.7115 55.181625 4A
14.711265 55.181644 4B
14.711288 55.181446 5
14.711034 55.18167 6
14.71091 55.181503 7
14.710277 55.18174 8
14.710491 55.18156 9
14.71011 55.181843 10
14.710323 55.181587 11
14.709511 55.181866 12
14.710204 55.181602 13
14.709298 55.181908 14
14.710067 55.18162 15
14.709118 55.18195 16
14.70991 55.18165 17
14.708932 55.18199 18A
14.70885 55.182007 18B
14.710145 55.181232 19A
14.709674 55.181286 19C
14.709634 55.181435 19D
14.708733 55.182034 20
14.708604 55.18206 20A
14.708476 55.182087 20B
14.708359 55.182114 20C
14.709562 55.181705 21
14.707856 55.18236 22
14.709428 55.181732 23
14.707712 55.182453 24
14.709291 55.181767 25
14.707591 55.182526 26
14.709074 55.18181 27
14.707642 55.182674 28
14.708944 55.18184 29
14.707392 55.18265 30
14.708756 55.18188 31
14.707281 55.182724 32
14.708535 55.181927 33A
14.708636 55.181904 33B
14.708561 55.181812 33C
14.707245 55.183018 34
14.70836 55.181957 35
14.706741 55.183067 36
14.707394 55.18244 37B
14.706636 55.183147 38
14.707058 55.182663 39
14.70653 55.183228 40
14.706994 55.1827 41
14.70636 55.183422 42
14.706904 55.18276 43
14.706373 55.183834 44
14.706421 55.183086 45
14.706025 55.18393 46
14.706115 55.18338 47
14.70599 55.184 48
14.70596 55.183594 49
14.705915 55.183674 49A
14.705904 55.184166 52
14.7058 55.183884 53
14.705761 55.18395 55
14.705729 55.184013 57
14.705691 55.184086 59
14.705813 55.18434 60
14.705642 55.18417 61
14.705992 55.18452 62
14.706008 55.184715 64
14.705279 55.184258 65
14.705843 55.184937 66
14.70522 55.18456 67
14.705881 55.185074 68
14.706126 55.185333 72
14.705561 55.18494 73
14.706209 55.185436 74
14.705586 55.185036 75
14.706534 55.185627 76
14.705891 55.185337 77
14.7065 55.185993 78
14.70598 55.18545 79
14.706516 55.18612 80
14.706044 55.18555 81
14.706529 55.186237 82
14.706106 55.185646 83
14.706555 55.18643 84
14.706236 55.185886 85
14.706588 55.186653 86
14.70627 55.18608 87
14.706291 55.18614 87A
14.706742 55.186813 88
14.70629 55.186237 89
14.70689 55.186947 90
14.706301 55.186386 91
14.707014 55.187046 92
14.706319 55.186474 93
14.707461 55.187416 94
14.706342 55.186676 95
14.70754 55.187485 96
14.70636 55.186783 97
14.707631 55.187557 98
14.706876 55.187283 99
14.707696 55.187614 100
14.707553 55.187775 100A
14.709238 55.188572 101
14.70801 55.18768 102
14.708218 55.187737 104
14.708454 55.1878 106
14.708898 55.187683 108
14.708958 55.18796 110
14.70927 55.187782 112
14.705839 55.183792 51
14.705871 55.184235 58
14.707516 55.18238 37A
14.705945 55.184093 50
14.707259 55.182533 37C
14.7056 55.184242 61A
14.706042 55.18522 70
14.699653 55.09612 1
14.712763 55.18134 1
14.712621 55.181545 2
14.712295 55.18165 2B
14.71227 55.181168 3
14.712046 55.181164 3A
14.711891 55.181347 3C
14.711761 55.181602 4
14.7115 55.181625 4A
14.711265 55.181644 4B
14.711288 55.181446 5
14.711034 55.18167 6
14.71091 55.181503 7
14.710277 55.18174 8
14.710491 55.18156 9
14.71011 55.181843 10
14.710323 55.181587 11
14.709511 55.181866 12
14.710204 55.181602 13
14.709298 55.181908 14
14.710067 55.18162 15
14.709118 55.18195 16
14.70991 55.18165 17
14.708932 55.18199 18A
14.70885 55.182007 18B
14.710145 55.181232 19A
14.709674 55.181286 19C
14.709634 55.181435 19D
14.708733 55.182034 20
14.708604 55.18206 20A
14.708476 55.182087 20B
14.708359 55.182114 20C
14.709562 55.181705 21
14.707856 55.18236 22
14.709428 55.181732 23
14.707712 55.182453 24
14.709291 55.181767 25
14.707591 55.182526 26
14.709074 55.18181 27
14.707642 55.182674 28
14.708944 55.18184 29
14.707392 55.18265 30
14.708756 55.18188 31
14.707281 55.182724 32
14.708535 55.181927 33A
14.708636 55.181904 33B
14.708561 55.181812 33C
14.707245 55.183018 34
14.70836 55.181957 35
14.706741 55.183067 36
14.707394 55.18244 37B
14.706636 55.183147 38
14.707058 55.182663 39
14.70653 55.183228 40
14.706994 55.1827 41
14.70636 55.183422 42
14.706904 55.18276 43
14.706373 55.183834 44
14.706421 55.183086 45
14.706025 55.18393 46
14.706115 55.18338 47
14.70599 55.184 48
14.70596 55.183594 49
14.705915 55.183674 49A
14.705904 55.184166 52
14.7058 55.183884 53
14.705761 55.18395 55
14.705729 55.184013 57
14.705691 55.184086 59
14.705813 55.18434 60
14.705642 55.18417 61
14.705992 55.18452 62
14.706008 55.184715 64
14.705279 55.184258 65
14.705843 55.184937 66
14.70522 55.18456 67
14.705881 55.185074 68
14.706126 55.185333 72
14.705561 55.18494 73
14.706209 55.185436 74
14.705586 55.185036 75
14.706534 55.185627 76
14.705891 55.185337 77
14.7065 55.185993 78
14.70598 55.18545 79
14.706516 55.18612 80
14.706044 55.18555 81
14.706529 55.186237 82
14.706106 55.185646 83
14.706555 55.18643 84
14.706236 55.185886 85
14.706588 55.186653 86
14.70627 55.18608 87
14.706291 55.18614 87A
14.706742 55.186813 88
14.70629 55.186237 89
14.70689 55.186947 90
14.706301 55.186386 91
14.707014 55.187046 92
14.706319 55.186474 93
14.707461 55.187416 94
14.706342 55.186676 95
14.70754 55.187485 96
14.70636 55.186783 97
14.707631 55.187557 98
14.706876 55.187283 99
14.707696 55.187614 100
14.707553 55.187775 100A
14.709238 55.188572 101
14.70801 55.18768 102
14.708218 55.187737 104
14.708454 55.1878 106
14.708898 55.187683 108
14.708958 55.18796 110
14.70927 55.187782 112
14.705839 55.183792 51
14.705871 55.184235 58
14.707516 55.18238 37A
14.705945 55.184093 50
14.707259 55.182533 37C
14.7056 55.184242 61A
14.706042 55.18522 70
14.699653 55.09612 1
