14.713619 55.181183 2
14.713557 55.181618 5
14.713396 55.181885 5A
14.713966 55.18175 7
14.71407 55.181477 9
14.715961 55.180954 10
14.714329 55.18145 11
14.714645 55.181824 13
14.716398 55.181404 15
14.720206 55.180943 25
14.723089 55.17986 30
14.725345 55.18303 31
14.726497 55.18224 35
14.725956 55.179016 36
14.726691 55.17811 40
14.732142 55.17956 45
14.745367 55.169926 47
14.732827 55.176453 50
14.732133 55.17609 54
14.738805 55.16969 60
14.738783 55.169106 64
14.741273 55.167507 70
15.142655 55.131702 1
14.713619 55.181183 2
14.713557 55.181618 5
14.713396 55.181885 5A
14.713966 55.18175 7
14.71407 55.181477 9
14.715961 55.180954 10
14.714329 55.18145 11
14.714645 55.181824 13
14.716398 55.181404 15
14.720206 55.180943 25
14.723089 55.17986 30
14.725345 55.18303 31
14.726497 55.18224 35
14.725956 55.179016 36
14.726691 55.17811 40
14.732142 55.17956 45
14.745367 55.169926 47
14.732827 55.176453 50
14.732133 55.17609 54
14.738805 55.16969 60
14.738783 55.169106 64
14.741273 55.167507 70
15.142655 55.131702 1
14.713619 55.181183 2
14.713557 55.181618 5
14.713396 55.181885 5A
14.713966 55.18175 7
14.71407 55.181477 9
14.715961 55.180954 10
14.714329 55.18145 11
14.714645 55.181824 13
14.716398 55.181404 15
14.720206 55.180943 25
14.723089 55.17986 30
14.725345 55.18303 31
14.726497 55.18224 35
14.725956 55.179016 36
14.726691 55.17811 40
14.732142 55.17956 45
14.745367 55.169926 47
14.732827 55.176453 50
14.732133 55.17609 54
14.738805 55.16969 60
14.738783 55.169106 64
14.741273 55.167507 70
15.142655 55.131702 1
14.713619 55.181183 2
14.713557 55.181618 5
14.713396 55.181885 5A
14.713966 55.18175 7
14.71407 55.181477 9
14.715961 55.180954 10
14.714329 55.18145 11
14.714645 55.181824 13
14.716398 55.181404 15
14.720206 55.180943 25
14.723089 55.17986 30
14.725345 55.18303 31
14.726497 55.18224 35
14.725956 55.179016 36
14.726691 55.17811 40
14.732142 55.17956 45
14.745367 55.169926 47
14.732827 55.176453 50
14.732133 55.17609 54
14.738805 55.16969 60
14.738783 55.169106 64
14.741273 55.167507 70
15.142655 55.131702 1
14.713619 55.181183 2
14.713557 55.181618 5
14.713396 55.181885 5A
14.713966 55.18175 7
14.71407 55.181477 9
14.715961 55.180954 10
14.714329 55.18145 11
14.714645 55.181824 13
14.716398 55.181404 15
14.720206 55.180943 25
14.723089 55.17986 30
14.725345 55.18303 31
14.726497 55.18224 35
14.725956 55.179016 36
14.726691 55.17811 40
14.732142 55.17956 45
14.745367 55.169926 47
14.732827 55.176453 50
14.732133 55.17609 54
14.738805 55.16969 60
14.738783 55.169106 64
14.741273 55.167507 70
15.142655 55.131702 1
14.713619 55.181183 2
14.713557 55.181618 5
14.713396 55.181885 5A
14.713966 55.18175 7
14.71407 55.181477 9
14.715961 55.180954 10
14.714329 55.18145 11
14.714645 55.181824 13
14.716398 55.181404 15
14.720206 55.180943 25
14.723089 55.17986 30
14.725345 55.18303 31
14.726497 55.18224 35
14.725956 55.179016 36
14.726691 55.17811 40
14.732142 55.17956 45
14.745367 55.169926 47
14.732827 55.176453 50
14.732133 55.17609 54
14.738805 55.16969 60
14.738783 55.169106 64
14.741273 55.167507 70
15.142655 55.131702 1
