14.703109 55.181164 4
14.703168 55.181015 6
14.703163 55.180897 8
14.70317 55.18067 10
14.703359 55.180225 16
14.703366 55.18 18
14.703256 55.179775 20
14.703414 55.179703 20A
15.134683 55.062103 1
14.703109 55.181164 4
14.703168 55.181015 6
14.703163 55.180897 8
14.70317 55.18067 10
14.703359 55.180225 16
14.703366 55.18 18
14.703256 55.179775 20
14.703414 55.179703 20A
15.134683 55.062103 1
14.703109 55.181164 4
14.703168 55.181015 6
14.703163 55.180897 8
14.70317 55.18067 10
14.703359 55.180225 16
14.703366 55.18 18
14.703256 55.179775 20
14.703414 55.179703 20A
15.134683 55.062103 1
14.703109 55.181164 4
14.703168 55.181015 6
14.703163 55.180897 8
14.70317 55.18067 10
14.703359 55.180225 16
14.703366 55.18 18
14.703256 55.179775 20
14.703414 55.179703 20A
15.134683 55.062103 1
14.703109 55.181164 4
14.703168 55.181015 6
14.703163 55.180897 8
14.70317 55.18067 10
14.703359 55.180225 16
14.703366 55.18 18
14.703256 55.179775 20
14.703414 55.179703 20A
15.134683 55.062103 1
14.703109 55.181164 4
14.703168 55.181015 6
14.703163 55.180897 8
14.70317 55.18067 10
14.703359 55.180225 16
14.703366 55.18 18
14.703256 55.179775 20
14.703414 55.179703 20A
15.134683 55.062103 1
