14.74036 55.18743 2
14.731046 55.18369 3
14.731908 55.192963 4
14.731973 55.18934 5
14.733274 55.19389 6
14.727384 55.188274 7
14.730473 55.19357 8
14.730529 55.192505 9
14.729683 55.194344 10
14.729804 55.193626 11
14.729499 55.193985 13
14.699088 55.099735 2
14.74036 55.18743 2
14.731046 55.18369 3
14.731908 55.192963 4
14.731973 55.18934 5
14.733274 55.19389 6
14.727384 55.188274 7
14.730473 55.19357 8
14.730529 55.192505 9
14.729683 55.194344 10
14.729804 55.193626 11
14.729499 55.193985 13
14.699088 55.099735 2
14.74036 55.18743 2
14.731046 55.18369 3
14.731908 55.192963 4
14.731973 55.18934 5
14.733274 55.19389 6
14.727384 55.188274 7
14.730473 55.19357 8
14.730529 55.192505 9
14.729683 55.194344 10
14.729804 55.193626 11
14.729499 55.193985 13
14.699088 55.099735 2
14.74036 55.18743 2
14.731046 55.18369 3
14.731908 55.192963 4
14.731973 55.18934 5
14.733274 55.19389 6
14.727384 55.188274 7
14.730473 55.19357 8
14.730529 55.192505 9
14.729683 55.194344 10
14.729804 55.193626 11
14.729499 55.193985 13
14.699088 55.099735 2
14.74036 55.18743 2
14.731046 55.18369 3
14.731908 55.192963 4
14.731973 55.18934 5
14.733274 55.19389 6
14.727384 55.188274 7
14.730473 55.19357 8
14.730529 55.192505 9
14.729683 55.194344 10
14.729804 55.193626 11
14.729499 55.193985 13
14.699088 55.099735 2
14.74036 55.18743 2
14.731046 55.18369 3
14.731908 55.192963 4
14.731973 55.18934 5
14.733274 55.19389 6
14.727384 55.188274 7
14.730473 55.19357 8
14.730529 55.192505 9
14.729683 55.194344 10
14.729804 55.193626 11
14.729499 55.193985 13
14.699088 55.099735 2
