14.707578 55.212093 3
14.705972 55.204716 4
14.70666 55.206863 6
14.706425 55.207253 8
14.706333 55.207798 10
14.70629 55.20819 12
14.707648 55.211624 14A
14.707856 55.212154 16
14.70801 55.21229 18
14.708287 55.212563 20
14.708952 55.2141 26
14.709718 55.21577 36
14.709878 55.21616 38
14.710934 55.21807 44
14.711463 55.220264 52
14.711593 55.221397 54
14.711672 55.22159 56
14.712089 55.222225 60
14.712279 55.22254 62
14.712391 55.222706 64
14.712484 55.22285 64A
14.712501 55.223156 66
14.712599 55.223267 66A
14.712778 55.223434 68
14.712951 55.22362 70
14.713167 55.223858 72
14.713492 55.22412 76
14.716201 55.22684 82
14.706427 55.207592 10A
14.712163 55.222984 5
14.706337 55.198624 2C
14.706427 55.209396 14
14.711846 55.22191 58
14.715074 55.22559 82A
14.707082 55.198532 2
14.712442 55.223522 9
14.706357 55.198696 2B
14.706984 55.198624 2A
14.717809 55.2291 15
14.799484 55.27286 1
14.707578 55.212093 3
14.705972 55.204716 4
14.70666 55.206863 6
14.706425 55.207253 8
14.706333 55.207798 10
14.70629 55.20819 12
14.707648 55.211624 14A
14.707856 55.212154 16
14.70801 55.21229 18
14.708287 55.212563 20
14.708952 55.2141 26
14.709718 55.21577 36
14.709878 55.21616 38
14.710934 55.21807 44
14.711463 55.220264 52
14.711593 55.221397 54
14.711672 55.22159 56
14.712089 55.222225 60
14.712279 55.22254 62
14.712391 55.222706 64
14.712484 55.22285 64A
14.712501 55.223156 66
14.712599 55.223267 66A
14.712778 55.223434 68
14.712951 55.22362 70
14.713167 55.223858 72
14.713492 55.22412 76
14.716201 55.22684 82
14.706427 55.207592 10A
14.712163 55.222984 5
14.706337 55.198624 2C
14.706427 55.209396 14
14.711846 55.22191 58
14.715074 55.22559 82A
14.707082 55.198532 2
14.712442 55.223522 9
14.706357 55.198696 2B
14.706984 55.198624 2A
14.717809 55.2291 15
14.799484 55.27286 1
14.707578 55.212093 3
14.705972 55.204716 4
14.70666 55.206863 6
14.706425 55.207253 8
14.706333 55.207798 10
14.70629 55.20819 12
14.707648 55.211624 14A
14.707856 55.212154 16
14.70801 55.21229 18
14.708287 55.212563 20
14.708952 55.2141 26
14.709718 55.21577 36
14.709878 55.21616 38
14.710934 55.21807 44
14.711463 55.220264 52
14.711593 55.221397 54
14.711672 55.22159 56
14.712089 55.222225 60
14.712279 55.22254 62
14.712391 55.222706 64
14.712484 55.22285 64A
14.712501 55.223156 66
14.712599 55.223267 66A
14.712778 55.223434 68
14.712951 55.22362 70
14.713167 55.223858 72
14.713492 55.22412 76
14.716201 55.22684 82
14.706427 55.207592 10A
14.712163 55.222984 5
14.706337 55.198624 2C
14.706427 55.209396 14
14.711846 55.22191 58
14.715074 55.22559 82A
14.707082 55.198532 2
14.712442 55.223522 9
14.706357 55.198696 2B
14.706984 55.198624 2A
14.717809 55.2291 15
14.799484 55.27286 1
14.707578 55.212093 3
14.705972 55.204716 4
14.70666 55.206863 6
14.706425 55.207253 8
14.706333 55.207798 10
14.70629 55.20819 12
14.707648 55.211624 14A
14.707856 55.212154 16
14.70801 55.21229 18
14.708287 55.212563 20
14.708952 55.2141 26
14.709718 55.21577 36
14.709878 55.21616 38
14.710934 55.21807 44
14.711463 55.220264 52
14.711593 55.221397 54
14.711672 55.22159 56
14.712089 55.222225 60
14.712279 55.22254 62
14.712391 55.222706 64
14.712484 55.22285 64A
14.712501 55.223156 66
14.712599 55.223267 66A
14.712778 55.223434 68
14.712951 55.22362 70
14.713167 55.223858 72
14.713492 55.22412 76
14.716201 55.22684 82
14.706427 55.207592 10A
14.712163 55.222984 5
14.706337 55.198624 2C
14.706427 55.209396 14
14.711846 55.22191 58
14.715074 55.22559 82A
14.707082 55.198532 2
14.712442 55.223522 9
14.706357 55.198696 2B
14.706984 55.198624 2A
14.717809 55.2291 15
14.799484 55.27286 1
14.707578 55.212093 3
14.705972 55.204716 4
14.70666 55.206863 6
14.706425 55.207253 8
14.706333 55.207798 10
14.70629 55.20819 12
14.707648 55.211624 14A
14.707856 55.212154 16
14.70801 55.21229 18
14.708287 55.212563 20
14.708952 55.2141 26
14.709718 55.21577 36
14.709878 55.21616 38
14.710934 55.21807 44
14.711463 55.220264 52
14.711593 55.221397 54
14.711672 55.22159 56
14.712089 55.222225 60
14.712279 55.22254 62
14.712391 55.222706 64
14.712484 55.22285 64A
14.712501 55.223156 66
14.712599 55.223267 66A
14.712778 55.223434 68
14.712951 55.22362 70
14.713167 55.223858 72
14.713492 55.22412 76
14.716201 55.22684 82
14.706427 55.207592 10A
14.712163 55.222984 5
14.706337 55.198624 2C
14.706427 55.209396 14
14.711846 55.22191 58
14.715074 55.22559 82A
14.707082 55.198532 2
14.712442 55.223522 9
14.706357 55.198696 2B
14.706984 55.198624 2A
14.717809 55.2291 15
14.799484 55.27286 1
14.707578 55.212093 3
14.705972 55.204716 4
14.70666 55.206863 6
14.706425 55.207253 8
14.706333 55.207798 10
14.70629 55.20819 12
14.707648 55.211624 14A
14.707856 55.212154 16
14.70801 55.21229 18
14.708287 55.212563 20
14.708952 55.2141 26
14.709718 55.21577 36
14.709878 55.21616 38
14.710934 55.21807 44
14.711463 55.220264 52
14.711593 55.221397 54
14.711672 55.22159 56
14.712089 55.222225 60
14.712279 55.22254 62
14.712391 55.222706 64
14.712484 55.22285 64A
14.712501 55.223156 66
14.712599 55.223267 66A
14.712778 55.223434 68
14.712951 55.22362 70
14.713167 55.223858 72
14.713492 55.22412 76
14.716201 55.22684 82
14.706427 55.207592 10A
14.712163 55.222984 5
14.706337 55.198624 2C
14.706427 55.209396 14
14.711846 55.22191 58
14.715074 55.22559 82A
14.707082 55.198532 2
14.712442 55.223522 9
14.706357 55.198696 2B
14.706984 55.198624 2A
14.717809 55.2291 15
14.799484 55.27286 1
