14.717433 55.17959 1
14.71742 55.179344 2
14.717609 55.179596 3
14.71783 55.179386 4
14.718055 55.17968 5
14.718261 55.179523 6
14.718361 55.179832 7
14.718566 55.179554 8
14.718713 55.179947 9
14.718984 55.179604 10
14.719108 55.17992 11
14.719228 55.17971 12
14.717433 55.17959 1
14.71742 55.179344 2
14.717609 55.179596 3
14.71783 55.179386 4
14.718055 55.17968 5
14.718261 55.179523 6
14.718361 55.179832 7
14.718566 55.179554 8
14.718713 55.179947 9
14.718984 55.179604 10
14.719108 55.17992 11
14.719228 55.17971 12
14.717433 55.17959 1
14.71742 55.179344 2
14.717609 55.179596 3
14.71783 55.179386 4
14.718055 55.17968 5
14.718261 55.179523 6
14.718361 55.179832 7
14.718566 55.179554 8
14.718713 55.179947 9
14.718984 55.179604 10
14.719108 55.17992 11
14.719228 55.17971 12
14.717433 55.17959 1
14.71742 55.179344 2
14.717609 55.179596 3
14.71783 55.179386 4
14.718055 55.17968 5
14.718261 55.179523 6
14.718361 55.179832 7
14.718566 55.179554 8
14.718713 55.179947 9
14.718984 55.179604 10
14.719108 55.17992 11
14.719228 55.17971 12
14.717433 55.17959 1
14.71742 55.179344 2
14.717609 55.179596 3
14.71783 55.179386 4
14.718055 55.17968 5
14.718261 55.179523 6
14.718361 55.179832 7
14.718566 55.179554 8
14.718713 55.179947 9
14.718984 55.179604 10
14.719108 55.17992 11
14.719228 55.17971 12
14.717433 55.17959 1
14.71742 55.179344 2
14.717609 55.179596 3
14.71783 55.179386 4
14.718055 55.17968 5
14.718261 55.179523 6
14.718361 55.179832 7
14.718566 55.179554 8
14.718713 55.179947 9
14.718984 55.179604 10
14.719108 55.17992 11
14.719228 55.17971 12
