14.715299 55.180466 1
14.71522 55.18055 1A
14.715125 55.180283 1B
14.715472 55.1803 1C
14.713764 55.180798 2
14.715411 55.179993 3A
14.715411 55.17993 3B
14.715432 55.17986 3C
14.715776 55.179955 3D
14.715786 55.179882 3E
14.716067 55.180096 3F
14.716076 55.180035 3G
14.716084 55.179962 3H
14.716098 55.179897 3I
14.714511 55.180485 4
14.715852 55.179394 5
14.714418 55.179287 6
14.716025 55.177486 8
14.71585 55.1777 10
14.716305 55.177246 12
14.71602 55.17718 14
14.716649 55.17686 16
14.716372 55.176746 18
14.715936 55.176777 20
14.715961 55.176403 22
14.716294 55.176506 24
14.716808 55.176563 26
14.717204 55.176136 28
14.717016 55.17631 30
14.716661 55.176174 32
14.716206 55.176056 34
14.716245 55.175854 36
14.716736 55.17589 38
14.71665 55.175503 40
14.716954 55.17528 42
14.717186 55.175148 44
14.717253 55.1754 46
14.717417 55.175465 48
14.717447 55.17524 50
14.717617 55.175297 52
14.717819 55.175686 54B
14.717599 55.175823 56
14.717234 55.175762 58
14.71702 55.175674 60
14.7184 55.175705 62
14.715299 55.180466 1
14.71522 55.18055 1A
14.715125 55.180283 1B
14.715472 55.1803 1C
14.713764 55.180798 2
14.715411 55.179993 3A
14.715411 55.17993 3B
14.715432 55.17986 3C
14.715776 55.179955 3D
14.715786 55.179882 3E
14.716067 55.180096 3F
14.716076 55.180035 3G
14.716084 55.179962 3H
14.716098 55.179897 3I
14.714511 55.180485 4
14.715852 55.179394 5
14.714418 55.179287 6
14.716025 55.177486 8
14.71585 55.1777 10
14.716305 55.177246 12
14.71602 55.17718 14
14.716649 55.17686 16
14.716372 55.176746 18
14.715936 55.176777 20
14.715961 55.176403 22
14.716294 55.176506 24
14.716808 55.176563 26
14.717204 55.176136 28
14.717016 55.17631 30
14.716661 55.176174 32
14.716206 55.176056 34
14.716245 55.175854 36
14.716736 55.17589 38
14.71665 55.175503 40
14.716954 55.17528 42
14.717186 55.175148 44
14.717253 55.1754 46
14.717417 55.175465 48
14.717447 55.17524 50
14.717617 55.175297 52
14.717819 55.175686 54B
14.717599 55.175823 56
14.717234 55.175762 58
14.71702 55.175674 60
14.7184 55.175705 62
14.715299 55.180466 1
14.71522 55.18055 1A
14.715125 55.180283 1B
14.715472 55.1803 1C
14.713764 55.180798 2
14.715411 55.179993 3A
14.715411 55.17993 3B
14.715432 55.17986 3C
14.715776 55.179955 3D
14.715786 55.179882 3E
14.716067 55.180096 3F
14.716076 55.180035 3G
14.716084 55.179962 3H
14.716098 55.179897 3I
14.714511 55.180485 4
14.715852 55.179394 5
14.714418 55.179287 6
14.716025 55.177486 8
14.71585 55.1777 10
14.716305 55.177246 12
14.71602 55.17718 14
14.716649 55.17686 16
14.716372 55.176746 18
14.715936 55.176777 20
14.715961 55.176403 22
14.716294 55.176506 24
14.716808 55.176563 26
14.717204 55.176136 28
14.717016 55.17631 30
14.716661 55.176174 32
14.716206 55.176056 34
14.716245 55.175854 36
14.716736 55.17589 38
14.71665 55.175503 40
14.716954 55.17528 42
14.717186 55.175148 44
14.717253 55.1754 46
14.717417 55.175465 48
14.717447 55.17524 50
14.717617 55.175297 52
14.717819 55.175686 54B
14.717599 55.175823 56
14.717234 55.175762 58
14.71702 55.175674 60
14.7184 55.175705 62
14.715299 55.180466 1
14.71522 55.18055 1A
14.715125 55.180283 1B
14.715472 55.1803 1C
14.713764 55.180798 2
14.715411 55.179993 3A
14.715411 55.17993 3B
14.715432 55.17986 3C
14.715776 55.179955 3D
14.715786 55.179882 3E
14.716067 55.180096 3F
14.716076 55.180035 3G
14.716084 55.179962 3H
14.716098 55.179897 3I
14.714511 55.180485 4
14.715852 55.179394 5
14.714418 55.179287 6
14.716025 55.177486 8
14.71585 55.1777 10
14.716305 55.177246 12
14.71602 55.17718 14
14.716649 55.17686 16
14.716372 55.176746 18
14.715936 55.176777 20
14.715961 55.176403 22
14.716294 55.176506 24
14.716808 55.176563 26
14.717204 55.176136 28
14.717016 55.17631 30
14.716661 55.176174 32
14.716206 55.176056 34
14.716245 55.175854 36
14.716736 55.17589 38
14.71665 55.175503 40
14.716954 55.17528 42
14.717186 55.175148 44
14.717253 55.1754 46
14.717417 55.175465 48
14.717447 55.17524 50
14.717617 55.175297 52
14.717819 55.175686 54B
14.717599 55.175823 56
14.717234 55.175762 58
14.71702 55.175674 60
14.7184 55.175705 62
14.715299 55.180466 1
14.71522 55.18055 1A
14.715125 55.180283 1B
14.715472 55.1803 1C
14.713764 55.180798 2
14.715411 55.179993 3A
14.715411 55.17993 3B
14.715432 55.17986 3C
14.715776 55.179955 3D
14.715786 55.179882 3E
14.716067 55.180096 3F
14.716076 55.180035 3G
14.716084 55.179962 3H
14.716098 55.179897 3I
14.714511 55.180485 4
14.715852 55.179394 5
14.714418 55.179287 6
14.716025 55.177486 8
14.71585 55.1777 10
14.716305 55.177246 12
14.71602 55.17718 14
14.716649 55.17686 16
14.716372 55.176746 18
14.715936 55.176777 20
14.715961 55.176403 22
14.716294 55.176506 24
14.716808 55.176563 26
14.717204 55.176136 28
14.717016 55.17631 30
14.716661 55.176174 32
14.716206 55.176056 34
14.716245 55.175854 36
14.716736 55.17589 38
14.71665 55.175503 40
14.716954 55.17528 42
14.717186 55.175148 44
14.717253 55.1754 46
14.717417 55.175465 48
14.717447 55.17524 50
14.717617 55.175297 52
14.717819 55.175686 54B
14.717599 55.175823 56
14.717234 55.175762 58
14.71702 55.175674 60
14.7184 55.175705 62
14.715299 55.180466 1
14.71522 55.18055 1A
14.715125 55.180283 1B
14.715472 55.1803 1C
14.713764 55.180798 2
14.715411 55.179993 3A
14.715411 55.17993 3B
14.715432 55.17986 3C
14.715776 55.179955 3D
14.715786 55.179882 3E
14.716067 55.180096 3F
14.716076 55.180035 3G
14.716084 55.179962 3H
14.716098 55.179897 3I
14.714511 55.180485 4
14.715852 55.179394 5
14.714418 55.179287 6
14.716025 55.177486 8
14.71585 55.1777 10
14.716305 55.177246 12
14.71602 55.17718 14
14.716649 55.17686 16
14.716372 55.176746 18
14.715936 55.176777 20
14.715961 55.176403 22
14.716294 55.176506 24
14.716808 55.176563 26
14.717204 55.176136 28
14.717016 55.17631 30
14.716661 55.176174 32
14.716206 55.176056 34
14.716245 55.175854 36
14.716736 55.17589 38
14.71665 55.175503 40
14.716954 55.17528 42
14.717186 55.175148 44
14.717253 55.1754 46
14.717417 55.175465 48
14.717447 55.17524 50
14.717617 55.175297 52
14.717819 55.175686 54B
14.717599 55.175823 56
14.717234 55.175762 58
14.71702 55.175674 60
14.7184 55.175705 62
