14.705625 55.185173 1
14.7052 55.18535 2
14.705324 55.185204 3
14.704782 55.18542 4
14.705202 55.18521 5
14.704619 55.18542 6
14.70414 55.18556 8
14.80019 55.278576 1
14.705625 55.185173 1
14.7052 55.18535 2
14.705324 55.185204 3
14.704782 55.18542 4
14.705202 55.18521 5
14.704619 55.18542 6
14.70414 55.18556 8
14.80019 55.278576 1
14.705625 55.185173 1
14.7052 55.18535 2
14.705324 55.185204 3
14.704782 55.18542 4
14.705202 55.18521 5
14.704619 55.18542 6
14.70414 55.18556 8
14.80019 55.278576 1
14.705625 55.185173 1
14.7052 55.18535 2
14.705324 55.185204 3
14.704782 55.18542 4
14.705202 55.18521 5
14.704619 55.18542 6
14.70414 55.18556 8
14.80019 55.278576 1
14.705625 55.185173 1
14.7052 55.18535 2
14.705324 55.185204 3
14.704782 55.18542 4
14.705202 55.18521 5
14.704619 55.18542 6
14.70414 55.18556 8
14.80019 55.278576 1
14.705625 55.185173 1
14.7052 55.18535 2
14.705324 55.185204 3
14.704782 55.18542 4
14.705202 55.18521 5
14.704619 55.18542 6
14.70414 55.18556 8
14.80019 55.278576 1
