14.71408 55.222107 3
14.713705 55.21518 6
14.715162 55.218163 8
14.713485 55.218704 10
14.715289 55.220913 12
14.717808 55.222218 14
14.715282 55.223225 16
14.715926 55.223557 18
14.712982 55.213196 4
14.963589 55.08216 1
14.71408 55.222107 3
14.713705 55.21518 6
14.715162 55.218163 8
14.713485 55.218704 10
14.715289 55.220913 12
14.717808 55.222218 14
14.715282 55.223225 16
14.715926 55.223557 18
14.712982 55.213196 4
14.963589 55.08216 1
14.71408 55.222107 3
14.713705 55.21518 6
14.715162 55.218163 8
14.713485 55.218704 10
14.715289 55.220913 12
14.717808 55.222218 14
14.715282 55.223225 16
14.715926 55.223557 18
14.712982 55.213196 4
14.963589 55.08216 1
14.71408 55.222107 3
14.713705 55.21518 6
14.715162 55.218163 8
14.713485 55.218704 10
14.715289 55.220913 12
14.717808 55.222218 14
14.715282 55.223225 16
14.715926 55.223557 18
14.712982 55.213196 4
14.963589 55.08216 1
14.71408 55.222107 3
14.713705 55.21518 6
14.715162 55.218163 8
14.713485 55.218704 10
14.715289 55.220913 12
14.717808 55.222218 14
14.715282 55.223225 16
14.715926 55.223557 18
14.712982 55.213196 4
14.963589 55.08216 1
14.71408 55.222107 3
14.713705 55.21518 6
14.715162 55.218163 8
14.713485 55.218704 10
14.715289 55.220913 12
14.717808 55.222218 14
14.715282 55.223225 16
14.715926 55.223557 18
14.712982 55.213196 4
14.963589 55.08216 1
