14.736152 55.247803 2A
14.736092 55.247707 2B
14.735408 55.247112 6
14.738823 55.246136 7
14.736152 55.2471 8
14.83558 55.073685 2
14.736152 55.247803 2A
14.736092 55.247707 2B
14.735408 55.247112 6
14.738823 55.246136 7
14.736152 55.2471 8
14.83558 55.073685 2
14.736152 55.247803 2A
14.736092 55.247707 2B
14.735408 55.247112 6
14.738823 55.246136 7
14.736152 55.2471 8
14.83558 55.073685 2
14.736152 55.247803 2A
14.736092 55.247707 2B
14.735408 55.247112 6
14.738823 55.246136 7
14.736152 55.2471 8
14.83558 55.073685 2
14.736152 55.247803 2A
14.736092 55.247707 2B
14.735408 55.247112 6
14.738823 55.246136 7
14.736152 55.2471 8
14.83558 55.073685 2
14.736152 55.247803 2A
14.736092 55.247707 2B
14.735408 55.247112 6
14.738823 55.246136 7
14.736152 55.2471 8
14.83558 55.073685 2
