14.739933 55.2441 9
14.744768 55.244884 10
14.744429 55.2448 10A
14.74077 55.244164 11
14.744176 55.245148 12
14.741316 55.244614 13
14.743127 55.24514 14
14.742733 55.245228 16
14.742373 55.24496 22
14.741702 55.245 23
14.741344 55.24524 25
14.741476 55.245804 28
14.73989 55.24518 29
14.739617 55.246964 34
14.738961 55.247147 36
14.740805 55.24548 37
14.73843 55.24728 38
14.74046 55.245495 39
14.738349 55.248074 40
14.740232 55.24553 41
14.739119 55.24888 42
14.739925 55.245823 43
14.739171 55.249065 44
14.740687 55.24576 45A
14.740553 55.24602 45B
14.738932 55.249336 46
14.740413 55.24626 47
14.738593 55.249363 48
14.740555 55.246445 49
14.738614 55.249542 50
14.738776 55.24971 52
14.738956 55.250233 54
14.739639 55.246655 55
14.738902 55.25062 56
14.739608 55.250736 56A
14.738967 55.246674 57
14.738557 55.250298 58
14.738571 55.24679 59
14.738402 55.24959 60
14.737092 55.248814 62
14.737323 55.24899 62A
14.736839 55.24862 62B
14.737288 55.247322 63
14.737591 55.249226 64
14.737647 55.24927 66
14.737723 55.24936 68
14.737902 55.249325 68A
14.737019 55.24753 69
14.738144 55.24977 70
14.738055 55.249615 70A
14.73751 55.24769 71A
14.737727 55.247807 71B
14.737879 55.24796 73
14.737704 55.248447 75
14.737956 55.24811 77
14.738075 55.24833 79
14.738255 55.248524 81
14.738389 55.248684 83
14.738294 55.249115 85
14.737908 55.24884 87
14.737288 55.248577 89
14.737193 55.248547 91
14.737114 55.248524 93
14.737022 55.24849 95
14.736912 55.248455 97
14.736742 55.248425 99
14.73659 55.248344 99A
14.736444 55.2481 101
14.736254 55.248238 101C
14.737236 55.24807 103
14.734867 55.24723 119
14.751267 55.256355 121
14.735237 55.24793 127
14.736802 55.24889 129
14.736931 55.249004 131
14.736957 55.24893 133
14.735556 55.24786 117
14.737031 55.24896 135
14.73759 55.249462 137
14.741046 55.24528 27
14.737723 55.24701 61
15.125011 55.068195 1
14.739933 55.2441 9
14.744768 55.244884 10
14.744429 55.2448 10A
14.74077 55.244164 11
14.744176 55.245148 12
14.741316 55.244614 13
14.743127 55.24514 14
14.742733 55.245228 16
14.742373 55.24496 22
14.741702 55.245 23
14.741344 55.24524 25
14.741476 55.245804 28
14.73989 55.24518 29
14.739617 55.246964 34
14.738961 55.247147 36
14.740805 55.24548 37
14.73843 55.24728 38
14.74046 55.245495 39
14.738349 55.248074 40
14.740232 55.24553 41
14.739119 55.24888 42
14.739925 55.245823 43
14.739171 55.249065 44
14.740687 55.24576 45A
14.740553 55.24602 45B
14.738932 55.249336 46
14.740413 55.24626 47
14.738593 55.249363 48
14.740555 55.246445 49
14.738614 55.249542 50
14.738776 55.24971 52
14.738956 55.250233 54
14.739639 55.246655 55
14.738902 55.25062 56
14.739608 55.250736 56A
14.738967 55.246674 57
14.738557 55.250298 58
14.738571 55.24679 59
14.738402 55.24959 60
14.737092 55.248814 62
14.737323 55.24899 62A
14.736839 55.24862 62B
14.737288 55.247322 63
14.737591 55.249226 64
14.737647 55.24927 66
14.737723 55.24936 68
14.737902 55.249325 68A
14.737019 55.24753 69
14.738144 55.24977 70
14.738055 55.249615 70A
14.73751 55.24769 71A
14.737727 55.247807 71B
14.737879 55.24796 73
14.737704 55.248447 75
14.737956 55.24811 77
14.738075 55.24833 79
14.738255 55.248524 81
14.738389 55.248684 83
14.738294 55.249115 85
14.737908 55.24884 87
14.737288 55.248577 89
14.737193 55.248547 91
14.737114 55.248524 93
14.737022 55.24849 95
14.736912 55.248455 97
14.736742 55.248425 99
14.73659 55.248344 99A
14.736444 55.2481 101
14.736254 55.248238 101C
14.737236 55.24807 103
14.734867 55.24723 119
14.751267 55.256355 121
14.735237 55.24793 127
14.736802 55.24889 129
14.736931 55.249004 131
14.736957 55.24893 133
14.735556 55.24786 117
14.737031 55.24896 135
14.73759 55.249462 137
14.741046 55.24528 27
14.737723 55.24701 61
15.125011 55.068195 1
14.739933 55.2441 9
14.744768 55.244884 10
14.744429 55.2448 10A
14.74077 55.244164 11
14.744176 55.245148 12
14.741316 55.244614 13
14.743127 55.24514 14
14.742733 55.245228 16
14.742373 55.24496 22
14.741702 55.245 23
14.741344 55.24524 25
14.741476 55.245804 28
14.73989 55.24518 29
14.739617 55.246964 34
14.738961 55.247147 36
14.740805 55.24548 37
14.73843 55.24728 38
14.74046 55.245495 39
14.738349 55.248074 40
14.740232 55.24553 41
14.739119 55.24888 42
14.739925 55.245823 43
14.739171 55.249065 44
14.740687 55.24576 45A
14.740553 55.24602 45B
14.738932 55.249336 46
14.740413 55.24626 47
14.738593 55.249363 48
14.740555 55.246445 49
14.738614 55.249542 50
14.738776 55.24971 52
14.738956 55.250233 54
14.739639 55.246655 55
14.738902 55.25062 56
14.739608 55.250736 56A
14.738967 55.246674 57
14.738557 55.250298 58
14.738571 55.24679 59
14.738402 55.24959 60
14.737092 55.248814 62
14.737323 55.24899 62A
14.736839 55.24862 62B
14.737288 55.247322 63
14.737591 55.249226 64
14.737647 55.24927 66
14.737723 55.24936 68
14.737902 55.249325 68A
14.737019 55.24753 69
14.738144 55.24977 70
14.738055 55.249615 70A
14.73751 55.24769 71A
14.737727 55.247807 71B
14.737879 55.24796 73
14.737704 55.248447 75
14.737956 55.24811 77
14.738075 55.24833 79
14.738255 55.248524 81
14.738389 55.248684 83
14.738294 55.249115 85
14.737908 55.24884 87
14.737288 55.248577 89
14.737193 55.248547 91
14.737114 55.248524 93
14.737022 55.24849 95
14.736912 55.248455 97
14.736742 55.248425 99
14.73659 55.248344 99A
14.736444 55.2481 101
14.736254 55.248238 101C
14.737236 55.24807 103
14.734867 55.24723 119
14.751267 55.256355 121
14.735237 55.24793 127
14.736802 55.24889 129
14.736931 55.249004 131
14.736957 55.24893 133
14.735556 55.24786 117
14.737031 55.24896 135
14.73759 55.249462 137
14.741046 55.24528 27
14.737723 55.24701 61
15.125011 55.068195 1
14.739933 55.2441 9
14.744768 55.244884 10
14.744429 55.2448 10A
14.74077 55.244164 11
14.744176 55.245148 12
14.741316 55.244614 13
14.743127 55.24514 14
14.742733 55.245228 16
14.742373 55.24496 22
14.741702 55.245 23
14.741344 55.24524 25
14.741476 55.245804 28
14.73989 55.24518 29
14.739617 55.246964 34
14.738961 55.247147 36
14.740805 55.24548 37
14.73843 55.24728 38
14.74046 55.245495 39
14.738349 55.248074 40
14.740232 55.24553 41
14.739119 55.24888 42
14.739925 55.245823 43
14.739171 55.249065 44
14.740687 55.24576 45A
14.740553 55.24602 45B
14.738932 55.249336 46
14.740413 55.24626 47
14.738593 55.249363 48
14.740555 55.246445 49
14.738614 55.249542 50
14.738776 55.24971 52
14.738956 55.250233 54
14.739639 55.246655 55
14.738902 55.25062 56
14.739608 55.250736 56A
14.738967 55.246674 57
14.738557 55.250298 58
14.738571 55.24679 59
14.738402 55.24959 60
14.737092 55.248814 62
14.737323 55.24899 62A
14.736839 55.24862 62B
14.737288 55.247322 63
14.737591 55.249226 64
14.737647 55.24927 66
14.737723 55.24936 68
14.737902 55.249325 68A
14.737019 55.24753 69
14.738144 55.24977 70
14.738055 55.249615 70A
14.73751 55.24769 71A
14.737727 55.247807 71B
14.737879 55.24796 73
14.737704 55.248447 75
14.737956 55.24811 77
14.738075 55.24833 79
14.738255 55.248524 81
14.738389 55.248684 83
14.738294 55.249115 85
14.737908 55.24884 87
14.737288 55.248577 89
14.737193 55.248547 91
14.737114 55.248524 93
14.737022 55.24849 95
14.736912 55.248455 97
14.736742 55.248425 99
14.73659 55.248344 99A
14.736444 55.2481 101
14.736254 55.248238 101C
14.737236 55.24807 103
14.734867 55.24723 119
14.751267 55.256355 121
14.735237 55.24793 127
14.736802 55.24889 129
14.736931 55.249004 131
14.736957 55.24893 133
14.735556 55.24786 117
14.737031 55.24896 135
14.73759 55.249462 137
14.741046 55.24528 27
14.737723 55.24701 61
15.125011 55.068195 1
14.739933 55.2441 9
14.744768 55.244884 10
14.744429 55.2448 10A
14.74077 55.244164 11
14.744176 55.245148 12
14.741316 55.244614 13
14.743127 55.24514 14
14.742733 55.245228 16
14.742373 55.24496 22
14.741702 55.245 23
14.741344 55.24524 25
14.741476 55.245804 28
14.73989 55.24518 29
14.739617 55.246964 34
14.738961 55.247147 36
14.740805 55.24548 37
14.73843 55.24728 38
14.74046 55.245495 39
14.738349 55.248074 40
14.740232 55.24553 41
14.739119 55.24888 42
14.739925 55.245823 43
14.739171 55.249065 44
14.740687 55.24576 45A
14.740553 55.24602 45B
14.738932 55.249336 46
14.740413 55.24626 47
14.738593 55.249363 48
14.740555 55.246445 49
14.738614 55.249542 50
14.738776 55.24971 52
14.738956 55.250233 54
14.739639 55.246655 55
14.738902 55.25062 56
14.739608 55.250736 56A
14.738967 55.246674 57
14.738557 55.250298 58
14.738571 55.24679 59
14.738402 55.24959 60
14.737092 55.248814 62
14.737323 55.24899 62A
14.736839 55.24862 62B
14.737288 55.247322 63
14.737591 55.249226 64
14.737647 55.24927 66
14.737723 55.24936 68
14.737902 55.249325 68A
14.737019 55.24753 69
14.738144 55.24977 70
14.738055 55.249615 70A
14.73751 55.24769 71A
14.737727 55.247807 71B
14.737879 55.24796 73
14.737704 55.248447 75
14.737956 55.24811 77
14.738075 55.24833 79
14.738255 55.248524 81
14.738389 55.248684 83
14.738294 55.249115 85
14.737908 55.24884 87
14.737288 55.248577 89
14.737193 55.248547 91
14.737114 55.248524 93
14.737022 55.24849 95
14.736912 55.248455 97
14.736742 55.248425 99
14.73659 55.248344 99A
14.736444 55.2481 101
14.736254 55.248238 101C
14.737236 55.24807 103
14.734867 55.24723 119
14.751267 55.256355 121
14.735237 55.24793 127
14.736802 55.24889 129
14.736931 55.249004 131
14.736957 55.24893 133
14.735556 55.24786 117
14.737031 55.24896 135
14.73759 55.249462 137
14.741046 55.24528 27
14.737723 55.24701 61
15.125011 55.068195 1
14.739933 55.2441 9
14.744768 55.244884 10
14.744429 55.2448 10A
14.74077 55.244164 11
14.744176 55.245148 12
14.741316 55.244614 13
14.743127 55.24514 14
14.742733 55.245228 16
14.742373 55.24496 22
14.741702 55.245 23
14.741344 55.24524 25
14.741476 55.245804 28
14.73989 55.24518 29
14.739617 55.246964 34
14.738961 55.247147 36
14.740805 55.24548 37
14.73843 55.24728 38
14.74046 55.245495 39
14.738349 55.248074 40
14.740232 55.24553 41
14.739119 55.24888 42
14.739925 55.245823 43
14.739171 55.249065 44
14.740687 55.24576 45A
14.740553 55.24602 45B
14.738932 55.249336 46
14.740413 55.24626 47
14.738593 55.249363 48
14.740555 55.246445 49
14.738614 55.249542 50
14.738776 55.24971 52
14.738956 55.250233 54
14.739639 55.246655 55
14.738902 55.25062 56
14.739608 55.250736 56A
14.738967 55.246674 57
14.738557 55.250298 58
14.738571 55.24679 59
14.738402 55.24959 60
14.737092 55.248814 62
14.737323 55.24899 62A
14.736839 55.24862 62B
14.737288 55.247322 63
14.737591 55.249226 64
14.737647 55.24927 66
14.737723 55.24936 68
14.737902 55.249325 68A
14.737019 55.24753 69
14.738144 55.24977 70
14.738055 55.249615 70A
14.73751 55.24769 71A
14.737727 55.247807 71B
14.737879 55.24796 73
14.737704 55.248447 75
14.737956 55.24811 77
14.738075 55.24833 79
14.738255 55.248524 81
14.738389 55.248684 83
14.738294 55.249115 85
14.737908 55.24884 87
14.737288 55.248577 89
14.737193 55.248547 91
14.737114 55.248524 93
14.737022 55.24849 95
14.736912 55.248455 97
14.736742 55.248425 99
14.73659 55.248344 99A
14.736444 55.2481 101
14.736254 55.248238 101C
14.737236 55.24807 103
14.734867 55.24723 119
14.751267 55.256355 121
14.735237 55.24793 127
14.736802 55.24889 129
14.736931 55.249004 131
14.736957 55.24893 133
14.735556 55.24786 117
14.737031 55.24896 135
14.73759 55.249462 137
14.741046 55.24528 27
14.737723 55.24701 61
15.125011 55.068195 1
