14.702045 55.183697 2
14.701998 55.18474 10
14.702038 55.184826 12
14.702053 55.18487 14
14.702072 55.18491 16
14.702086 55.184956 18
14.7021 55.184998 20
14.702125 55.185062 22
14.702206 55.185196 24
14.702223 55.18525 26
14.70224 55.185295 28
14.702256 55.185345 30
14.702273 55.18539 32
14.70229 55.185444 34
14.702333 55.18556 36
14.702352 55.18561 38
14.702373 55.185658 40
14.702387 55.185707 42
14.702407 55.185753 44
14.702422 55.185806 46
14.701937 55.18713 60
14.702034 55.186398 50
14.702029 55.186543 52
14.702027 55.186707 54
14.702474 55.18389 90
14.702038 55.186832 56
14.70204 55.18697 58A
14.701651 55.187305 64
14.701515 55.187393 66
14.701398 55.18749 68
14.701799 55.187218 62
14.834431 55.249557 5
14.702045 55.183697 2
14.701998 55.18474 10
14.702038 55.184826 12
14.702053 55.18487 14
14.702072 55.18491 16
14.702086 55.184956 18
14.7021 55.184998 20
14.702125 55.185062 22
14.702206 55.185196 24
14.702223 55.18525 26
14.70224 55.185295 28
14.702256 55.185345 30
14.702273 55.18539 32
14.70229 55.185444 34
14.702333 55.18556 36
14.702352 55.18561 38
14.702373 55.185658 40
14.702387 55.185707 42
14.702407 55.185753 44
14.702422 55.185806 46
14.701937 55.18713 60
14.702034 55.186398 50
14.702029 55.186543 52
14.702027 55.186707 54
14.702474 55.18389 90
14.702038 55.186832 56
14.70204 55.18697 58A
14.701651 55.187305 64
14.701515 55.187393 66
14.701398 55.18749 68
14.701799 55.187218 62
14.834431 55.249557 5
14.702045 55.183697 2
14.701998 55.18474 10
14.702038 55.184826 12
14.702053 55.18487 14
14.702072 55.18491 16
14.702086 55.184956 18
14.7021 55.184998 20
14.702125 55.185062 22
14.702206 55.185196 24
14.702223 55.18525 26
14.70224 55.185295 28
14.702256 55.185345 30
14.702273 55.18539 32
14.70229 55.185444 34
14.702333 55.18556 36
14.702352 55.18561 38
14.702373 55.185658 40
14.702387 55.185707 42
14.702407 55.185753 44
14.702422 55.185806 46
14.701937 55.18713 60
14.702034 55.186398 50
14.702029 55.186543 52
14.702027 55.186707 54
14.702474 55.18389 90
14.702038 55.186832 56
14.70204 55.18697 58A
14.701651 55.187305 64
14.701515 55.187393 66
14.701398 55.18749 68
14.701799 55.187218 62
14.834431 55.249557 5
14.702045 55.183697 2
14.701998 55.18474 10
14.702038 55.184826 12
14.702053 55.18487 14
14.702072 55.18491 16
14.702086 55.184956 18
14.7021 55.184998 20
14.702125 55.185062 22
14.702206 55.185196 24
14.702223 55.18525 26
14.70224 55.185295 28
14.702256 55.185345 30
14.702273 55.18539 32
14.70229 55.185444 34
14.702333 55.18556 36
14.702352 55.18561 38
14.702373 55.185658 40
14.702387 55.185707 42
14.702407 55.185753 44
14.702422 55.185806 46
14.701937 55.18713 60
14.702034 55.186398 50
14.702029 55.186543 52
14.702027 55.186707 54
14.702474 55.18389 90
14.702038 55.186832 56
14.70204 55.18697 58A
14.701651 55.187305 64
14.701515 55.187393 66
14.701398 55.18749 68
14.701799 55.187218 62
14.834431 55.249557 5
14.702045 55.183697 2
14.701998 55.18474 10
14.702038 55.184826 12
14.702053 55.18487 14
14.702072 55.18491 16
14.702086 55.184956 18
14.7021 55.184998 20
14.702125 55.185062 22
14.702206 55.185196 24
14.702223 55.18525 26
14.70224 55.185295 28
14.702256 55.185345 30
14.702273 55.18539 32
14.70229 55.185444 34
14.702333 55.18556 36
14.702352 55.18561 38
14.702373 55.185658 40
14.702387 55.185707 42
14.702407 55.185753 44
14.702422 55.185806 46
14.701937 55.18713 60
14.702034 55.186398 50
14.702029 55.186543 52
14.702027 55.186707 54
14.702474 55.18389 90
14.702038 55.186832 56
14.70204 55.18697 58A
14.701651 55.187305 64
14.701515 55.187393 66
14.701398 55.18749 68
14.701799 55.187218 62
14.834431 55.249557 5
14.702045 55.183697 2
14.701998 55.18474 10
14.702038 55.184826 12
14.702053 55.18487 14
14.702072 55.18491 16
14.702086 55.184956 18
14.7021 55.184998 20
14.702125 55.185062 22
14.702206 55.185196 24
14.702223 55.18525 26
14.70224 55.185295 28
14.702256 55.185345 30
14.702273 55.18539 32
14.70229 55.185444 34
14.702333 55.18556 36
14.702352 55.18561 38
14.702373 55.185658 40
14.702387 55.185707 42
14.702407 55.185753 44
14.702422 55.185806 46
14.701937 55.18713 60
14.702034 55.186398 50
14.702029 55.186543 52
14.702027 55.186707 54
14.702474 55.18389 90
14.702038 55.186832 56
14.70204 55.18697 58A
14.701651 55.187305 64
14.701515 55.187393 66
14.701398 55.18749 68
14.701799 55.187218 62
14.834431 55.249557 5
