14.733269 55.204483 1A
14.72091 55.210766 2
14.722318 55.206074 3
14.720418 55.20692 4
14.723234 55.204865 5
14.723739 55.204258 7
14.720577 55.208588 2B
14.728437 55.206978 2C
14.729836 55.2087 2D
14.730982 55.21037 2E
14.89427 55.21364 1
14.733269 55.204483 1A
14.72091 55.210766 2
14.722318 55.206074 3
14.720418 55.20692 4
14.723234 55.204865 5
14.723739 55.204258 7
14.720577 55.208588 2B
14.728437 55.206978 2C
14.729836 55.2087 2D
14.730982 55.21037 2E
14.89427 55.21364 1
14.733269 55.204483 1A
14.72091 55.210766 2
14.722318 55.206074 3
14.720418 55.20692 4
14.723234 55.204865 5
14.723739 55.204258 7
14.720577 55.208588 2B
14.728437 55.206978 2C
14.729836 55.2087 2D
14.730982 55.21037 2E
14.89427 55.21364 1
14.733269 55.204483 1A
14.72091 55.210766 2
14.722318 55.206074 3
14.720418 55.20692 4
14.723234 55.204865 5
14.723739 55.204258 7
14.720577 55.208588 2B
14.728437 55.206978 2C
14.729836 55.2087 2D
14.730982 55.21037 2E
14.89427 55.21364 1
14.733269 55.204483 1A
14.72091 55.210766 2
14.722318 55.206074 3
14.720418 55.20692 4
14.723234 55.204865 5
14.723739 55.204258 7
14.720577 55.208588 2B
14.728437 55.206978 2C
14.729836 55.2087 2D
14.730982 55.21037 2E
14.89427 55.21364 1
14.733269 55.204483 1A
14.72091 55.210766 2
14.722318 55.206074 3
14.720418 55.20692 4
14.723234 55.204865 5
14.723739 55.204258 7
14.720577 55.208588 2B
14.728437 55.206978 2C
14.729836 55.2087 2D
14.730982 55.21037 2E
14.89427 55.21364 1
