14.71 55.182465 1
14.709907 55.18265 1A
14.709859 55.182804 1B
14.709891 55.18299 1C
14.710707 55.181793 2
14.709844 55.18307 3
14.710785 55.182053 4A
14.710554 55.182217 4B
14.711624 55.182106 4C
14.709826 55.183132 5
14.710444 55.182384 6
14.709768 55.18324 7
14.710406 55.182453 8
14.710505 55.18259 10
14.709585 55.183655 11
14.709461 55.183884 13
14.709426 55.183952 15
14.709123 55.183758 15B
14.708962 55.18369 15C
14.70877 55.183617 15D
14.708608 55.183556 15E
14.708439 55.18347 15F
14.708337 55.183548 15G
14.708749 55.183804 15H
14.708574 55.183777 15K
14.709325 55.18418 17
14.711563 55.182484 20
14.708197 55.185192 23
14.70992 55.183517 24
14.708175 55.18526 25
14.709864 55.183598 26
14.708075 55.18541 27
14.709938 55.183773 28
14.707978 55.185555 29
14.709569 55.184246 32
14.709523 55.184643 34
14.70902 55.18484 36
14.7089 55.185036 38
14.708814 55.185097 40
14.708102 55.185963 44
14.708253 55.186195 44A
14.708362 55.18663 46
14.707793 55.186646 48
14.707653 55.186886 50
14.708952 55.18731 50A
14.709375 55.187416 50B
14.707541 55.18699 52
14.707497 55.187065 54
14.7095 55.187447 54B
14.708748 55.186867 54C
14.709665 55.187103 54D
14.709108 55.18696 54E
14.709618 55.187477 54F
14.707801 55.18713 56
14.707443 55.18718 58
14.707399 55.187244 60
14.707033 55.18774 62
14.709618 55.18411 30
14.717667 55.11066 1
