12.585366 55.68627 5
12.585507 55.686455 6
12.584929 55.686382 7
12.58533 55.6865 8
12.585093 55.68657 10A
12.584804 55.68665 10B
12.584562 55.686707 12
12.584771 55.68646 17A
12.584524 55.686523 17B
12.584303 55.68659 19
12.583876 55.686707 23
12.58372 55.686733 25A
12.583639 55.686756 25B
12.583692 55.686707 25C
12.583421 55.686787 25D
12.583162 55.68687 25E
12.582969 55.686913 25F
12.58286 55.6868 25G
12.583052 55.68675 25H
12.582849 55.686985 31
12.582657 55.68704 33
12.587046 55.686146 2A
12.586841 55.686203 2B
12.586606 55.686264 2C
12.586463 55.686306 2D
12.58628 55.686356 2E
12.586045 55.68642 2F
12.596953 55.628353 3
