12.579496 55.67902 2
12.579115 55.678658 3
12.579302 55.67899 4
12.578908 55.678658 5
12.578718 55.678658 7
12.578572 55.6793 8A
12.578519 55.679432 8B
12.578551 55.678658 9
12.578613 55.678898 10
12.578434 55.679157 10A
12.578229 55.67939 10B
12.577956 55.679596 10C
12.578313 55.678654 11
12.578128 55.678642 13
12.578383 55.678864 14
12.578036 55.678623 15
12.57819 55.67884 16
12.577933 55.67861 17
12.577835 55.678787 18
12.577789 55.678596 19
12.577642 55.67875 20
12.577587 55.67858 21
12.577402 55.678574 23
12.576245 55.678715 24
12.577233 55.678566 25
12.57707 55.678566 27
12.577172 55.678288 27A
12.576841 55.678562 29
12.576772 55.678513 29A
12.576956 55.67831 29B
12.577068 55.67811 29C
12.576589 55.678547 31
12.576394 55.678535 33
12.579309 55.678837 1F
12.579037 55.67895 6
12.578835 55.678925 8
12.578304 55.679035 14B
12.579044 55.67866 3A
12.501891 55.666172 1
