12.554445 55.667076 2
12.554929 55.667057 3
12.55453 55.66697 4
12.555005 55.666965 5
12.554614 55.66689 6
12.555075 55.666874 7
12.554684 55.666805 8
12.555166 55.666782 9
12.554755 55.66672 10
12.554823 55.666637 12
12.55524 55.666702 13
12.554908 55.666557 14
12.555334 55.666607 15
12.554981 55.666485 16
12.555421 55.66651 17
12.555054 55.666397 18
12.555522 55.666405 19
12.55515 55.666298 20
12.555604 55.66631 21
12.555256 55.666172 22
12.555703 55.666206 23
12.555348 55.66608 24
12.555786 55.666115 25
12.555864 55.665573 26
12.555876 55.666016 27
12.555979 55.66545 28
12.555963 55.665913 29
12.556065 55.665367 30
12.556378 55.665466 31
12.556185 55.665222 32
12.556506 55.665333 33
12.556657 55.665176 35
12.5749 55.681225 1
