12.537256 55.67888 2
12.536956 55.67926 3
12.537328 55.679028 4
12.537051 55.679436 5
12.537404 55.67922 6
12.537149 55.67966 7
12.537483 55.679386 8
12.537173 55.679714 9
12.537566 55.679592 10
12.537232 55.679844 11
12.537667 55.67978 12
12.53729 55.679996 13
12.537714 55.679935 14
12.537376 55.680176 15
12.537796 55.68009 16
12.537464 55.68039 17
12.537878 55.680305 18
12.537562 55.680584 19
12.537959 55.680466 20
12.538068 55.68067 22
12.53815 55.680817 24
12.538248 55.68093 26
12.53739 55.67923 6A
12.537455 55.679256 6B
12.62192 55.6484 1
