12.513484 55.691578 3
12.513499 55.691914 4A
12.513268 55.69185 4B
12.513022 55.691475 5A
12.512836 55.691425 5B
12.512658 55.691376 5C
12.512481 55.691322 5D
12.5123 55.691273 5E
12.513018 55.69178 6
12.512844 55.69173 8
12.51257 55.691742 10
12.51225 55.69166 12
12.511979 55.69116 13
12.512003 55.69159 14
12.51177 55.6911 15A
12.511573 55.691048 15B
12.511904 55.691418 16A
12.511718 55.69136 16B
12.511329 55.69098 17
12.511416 55.6914 18
12.511077 55.69091 19
12.511228 55.691273 20A
12.510953 55.69117 20B
12.510653 55.691113 20C
12.510882 55.690853 21
12.510429 55.691017 22
12.510634 55.690784 23
12.510142 55.690937 24
12.510405 55.690727 25
12.509827 55.690857 26
12.510011 55.69062 27
12.607324 55.68778 2
