12.505735 55.68931 2
12.504986 55.689556 3
12.505726 55.689426 4
12.504839 55.68973 5
12.505577 55.689552 6
12.504624 55.689877 7
12.505407 55.68967 8
12.504446 55.690083 9
12.505257 55.689793 10
12.505216 55.689915 12
12.503998 55.690506 13
12.505111 55.690098 14
12.50386 55.69066 15
12.504933 55.690197 16
12.503651 55.690758 17
12.504877 55.69036 18A
12.505015 55.69041 18B
12.503498 55.690937 19
12.503318 55.691128 21
12.504227 55.690746 22
12.503109 55.691257 23
12.504173 55.69089 24
12.502997 55.691353 25
12.504152 55.691074 26
12.502372 55.691944 27
12.503815 55.691147 28
12.502258 55.692047 29
12.503829 55.691315 30
12.502154 55.692146 31
12.502024 55.692257 33
12.502987 55.692036 36
12.502887 55.692127 38
12.502799 55.69221 40
12.502039 55.692936 42
12.501955 55.693012 44
12.501872 55.693096 46
12.501792 55.693172 48
12.501609 55.69335 50
12.501526 55.693428 52
12.584072 55.67824 1
