12.515587 55.6909 175
12.51524 55.691143 177
12.51643 55.69086 178
12.515052 55.691277 179
12.514886 55.691402 181
12.515723 55.691303 182
12.51471 55.69153 183
12.51559 55.691402 184
12.514548 55.69163 185
12.515471 55.691483 186
12.514362 55.691765 187
12.515369 55.69156 188
12.51525 55.691643 190
12.513977 55.692043 191
12.51513 55.691734 192
12.513903 55.692142 193
12.515008 55.691822 194
12.513822 55.692245 195
12.514902 55.691895 196
12.51369 55.692375 197
12.514572 55.692226 198
12.513249 55.69265 199
12.514495 55.692307 200
12.513037 55.69276 201
12.51442 55.692398 202
12.512822 55.692844 203
12.514337 55.692482 204
12.512413 55.69296 205
12.514239 55.692593 206
12.512092 55.693054 207
12.514129 55.692703 208
12.511608 55.693336 209
12.511468 55.69346 211
12.510734 55.693855 213
12.510856 55.693787 215
12.510985 55.693707 217
12.511115 55.69363 219
12.511231 55.693558 221
12.512284 55.693558 222
12.510739 55.694023 223
12.51225 55.693596 224
12.510377 55.69426 225
12.512214 55.69363 226
12.510176 55.6944 227
12.51217 55.693676 228
12.509632 55.69474 229
12.512087 55.69368 230
12.509309 55.694916 231A
12.509247 55.69495 231B
12.50917 55.694996 231C
12.509086 55.69504 231D
12.512056 55.693714 232
12.50889 55.694855 233
12.512026 55.693752 234
12.508921 55.695175 235
12.508722 55.69497 235A
12.511988 55.693794 236
12.508756 55.695274 237
12.511893 55.693806 238
12.511859 55.693836 240
12.508234 55.695587 241
12.511824 55.69387 242
12.508088 55.6957 243
12.511796 55.693897 244
12.507899 55.69581 245
12.511771 55.693928 246
12.507655 55.6959 247
12.511146 55.694263 248
12.507104 55.696342 249
12.510976 55.69435 250
12.506804 55.696472 251
12.510829 55.694447 252
12.5063 55.696754 253
12.510703 55.69453 254
12.510472 55.694653 256
12.509763 55.695065 260
12.509516 55.69522 262
12.509181 55.69543 264
12.50895 55.69557 266
12.508747 55.695705 268
12.50836 55.695942 270
12.507009 55.697006 274
12.515826 55.690514 171
12.515904 55.690674 173
12.514971 55.691326 179A
12.508565 55.69539 239A
12.508419 55.69548 239B
12.516603 55.690983 178A
12.517645 55.69138 178M
12.517461 55.69131 178L
12.517159 55.69118 178F
12.51725 55.690914 178E
12.519405 55.69223 178X
12.518826 55.691826 178U
12.518238 55.691692 178T
12.51732 55.69127 178H
12.519099 55.69208 178V
12.517769 55.691414 178P
12.516798 55.69102 178B
12.517714 55.691147 178K
12.518167 55.691555 178S
12.517999 55.69151 178R
12.516915 55.691097 178D
12.51973 55.69239 178Y
12.517449 55.69097 178G
12.517784 55.691193 178N
12.516986 55.690887 178C
12.510109 55.694054 225A
12.51993 55.68997 2
