12.511173 55.69011 3
12.510937 55.69037 5
12.51084 55.69048 7
12.51289 55.690628 8
12.511391 55.6905 9
12.513296 55.690746 10
12.511291 55.690605 11
12.513458 55.690792 12
12.511831 55.69062 13
12.511737 55.690727 15
12.512282 55.690742 17
12.514508 55.691124 18
12.512185 55.69086 19
12.514637 55.691162 20
12.512376 55.690956 21
12.51424 55.69144 22
12.514447 55.691498 24
12.512789 55.690853 25
12.512993 55.690907 27
12.513175 55.690956 29
12.513401 55.691025 31
12.513589 55.691082 33
12.513937 55.69124 35
12.51381 55.69138 37
12.513616 55.691597 39
12.513687 55.69149 39A
12.513562 55.691406 39B
12.596194 55.63237 1
