12.510704 55.689835 2
12.509859 55.690002 3
12.51063 55.689957 4
12.510524 55.690063 6
12.510518 55.6902 8A
12.510352 55.69017 8B
12.509778 55.690086 9
12.510247 55.690285 10
12.509689 55.690174 11
12.510169 55.690365 12
12.509582 55.690235 13A
12.509555 55.69026 13B
12.510061 55.6905 14
12.50961 55.69044 15
12.509558 55.690495 17
12.509718 55.690834 18
12.509414 55.690556 19
12.509593 55.690945 20
12.509369 55.6906 21
12.509484 55.69108 22
12.509342 55.6907 23
12.509278 55.69076 25
12.509056 55.69147 26
12.509075 55.690845 27
12.508914 55.69161 28
12.509028 55.690987 29
12.508868 55.691647 30
12.508924 55.691074 31
12.508725 55.69178 32
12.508615 55.69129 33A
12.508482 55.691418 33B
12.508685 55.691814 34
12.508402 55.69153 35
12.50858 55.69195 36
12.508353 55.69157 37
12.508522 55.691994 38
12.508261 55.691677 39
12.508406 55.6921 40
12.508223 55.69171 41
12.508352 55.69215 42
12.508109 55.69182 43
12.508242 55.69225 44
12.508071 55.691853 45
12.508197 55.6923 46
12.5081 55.6924 48
12.508044 55.692444 50
12.507807 55.6921 51
12.50776 55.692146 53
12.507256 55.693092 54
12.507657 55.69224 55
12.507615 55.692284 57
12.507397 55.692474 59
12.507222 55.692417 61
12.507055 55.692364 63
12.507137 55.692738 65
12.50791 55.692005 49
12.575889 55.590023 2
