12.506773 55.692604 3
12.505716 55.692257 4
12.506615 55.692448 5
12.505579 55.6922 6
12.506427 55.69228 7
12.505457 55.692142 8
12.506012 55.69181 9
12.50541 55.69191 10A
12.505315 55.69188 10B
12.505932 55.69166 11
12.505731 55.69152 13A
12.505573 55.69133 13B
12.504776 55.69109 14
12.505275 55.69103 15
12.504605 55.690865 16
12.505074 55.69077 17
12.504489 55.69075 18
12.504866 55.690636 19
12.504011 55.690304 20A
12.503789 55.69021 20B
12.504706 55.69048 21
12.503629 55.689915 22
12.504226 55.68998 23
12.502807 55.689396 24
12.503988 55.68974 25A
12.504184 55.689526 25B
12.502672 55.68925 26
12.503767 55.689606 27
12.503567 55.689365 29
12.503306 55.689236 31
12.536684 55.70282 4
