12.509534 55.694675 2
12.509797 55.69436 3
12.509201 55.69466 4
12.509641 55.694275 5
12.508654 55.69444 6
12.509432 55.694164 7
12.509279 55.69409 9
12.508293 55.69408 10
12.509147 55.694023 11
12.50781 55.693886 12
12.50869 55.69374 13
12.508503 55.69367 15
12.508287 55.69358 17
12.506347 55.693302 18
12.508312 55.693466 19
12.506122 55.693214 20
12.508021 55.69322 21
12.50586 55.693108 22
12.507891 55.693336 23
12.505649 55.693027 24
12.5077 55.69334 25
12.504993 55.692814 26
12.507497 55.69326 27
12.504782 55.692772 28
12.507272 55.693172 29
12.504512 55.692726 30
12.506228 55.692795 31
12.504314 55.692703 32
12.506068 55.692734 33
12.50412 55.692688 34
12.505923 55.692673 35
12.503438 55.692677 36
12.503715 55.692352 37
12.5033 55.69268 38
12.503429 55.69237 39
12.503165 55.692688 40
12.502978 55.692406 41
12.503 55.692696 42
12.502727 55.69243 43
12.502667 55.69271 44
12.502527 55.692444 45
12.502521 55.692722 46
12.501726 55.692497 47
12.502356 55.692734 48
12.501567 55.692513 49
12.502187 55.692745 50
12.608525 55.659824 1
