12.503873 55.692955 2B
12.503281 55.692875 3
12.503777 55.69305 4
12.503187 55.69296 5
12.50369 55.693127 6
12.503088 55.693047 7
12.503612 55.693203 8
12.502901 55.693188 9
12.503684 55.693424 10
12.503382 55.693455 10A
12.502805 55.69333 11
12.503238 55.693565 12
12.503109 55.693687 12A
12.502648 55.693478 13
12.502983 55.69381 14
12.50245 55.693607 15
12.502828 55.69393 16
12.502234 55.69376 17A
12.5021 55.693733 17B
12.50261 55.694115 18
12.5021 55.693977 19
12.502226 55.69449 20
12.501629 55.69437 21
12.501931 55.69464 22
12.501507 55.69451 23
12.501858 55.6948 24
12.501759 55.69497 26
12.501513 55.695087 28
12.554793 55.69522 1
