12.50397 55.69223 2
12.505282 55.692383 3
12.503647 55.69217 4
12.505136 55.692307 5
12.503358 55.69197 6
12.505011 55.692253 7
12.503141 55.691883 8
12.504879 55.69219 9
12.502639 55.691696 10
12.50475 55.69212 11
12.502485 55.691635 12
12.502336 55.691578 14
12.503924 55.69174 15
12.502062 55.69146 16
12.504042 55.69162 17
12.501922 55.69141 18
12.503528 55.691574 19
12.501783 55.69136 20
12.503648 55.691456 21
12.502608 55.691196 25
12.502721 55.691086 27
12.502209 55.691048 29
12.502324 55.690933 31
12.501526 55.69062 37
12.672573 55.59509 4
