12.513273 55.692604 2
12.51298 55.69224 3
12.512795 55.692497 4A
12.512614 55.69254 4B
12.512396 55.692574 4C
12.512799 55.692192 5
12.512256 55.692337 6
12.51259 55.692127 7
12.511932 55.69224 8
12.512403 55.692078 9
12.511697 55.692177 10
12.512219 55.692024 11
12.511156 55.692017 12
12.512078 55.691982 13
12.510895 55.691944 14
12.511767 55.691895 15
12.510564 55.69185 16
12.5116 55.691853 17
12.509368 55.69212 18
12.511435 55.691803 19
12.511262 55.691757 21
12.511099 55.69171 23
12.508347 55.69121 24
12.510937 55.691666 25
12.508258 55.691185 26
12.510617 55.69157 27
12.507899 55.691147 28
12.510443 55.69152 29
12.506887 55.690777 30
12.510279 55.69148 31
12.510116 55.69143 33
12.509938 55.691383 35
12.509769 55.691334 37
12.509388 55.69124 39
12.508772 55.691055 41
12.508466 55.690964 43
12.508314 55.69089 45
12.507309 55.690613 49
12.50704 55.690365 51
12.509549 55.691647 20
12.62243 55.66121 1
