12.539191 55.685303 3
12.539107 55.685078 4
12.539461 55.685238 5
12.539516 55.68499 6
12.539701 55.685177 7
12.539959 55.684887 8
12.539957 55.68512 9
12.540595 55.68474 10
12.540184 55.685066 11
12.541166 55.68462 14
12.540914 55.684906 15
12.541792 55.68437 16
12.541173 55.684845 17
12.54264 55.684277 18
12.541446 55.684784 19
12.541629 55.684883 19A
12.542929 55.68421 20
12.542161 55.68494 21
12.543534 55.68407 22
12.543186 55.68462 23
12.543036 55.684723 23B
12.543376 55.684864 23C
12.543432 55.68463 23D
12.544139 55.683884 26
12.544265 55.683777 28
12.544886 55.683613 30
12.542908 55.684814 23A
12.544026 55.68394 24
12.540547 55.68477 10
12.542591 55.685135 21G
12.543591 55.68537 27A
12.542014 55.68512 21A
12.545057 55.684258 39
12.544258 55.684536 29B
12.543306 55.68525 25C
12.54409 55.68441 29A
12.544652 55.68541 33
12.542128 55.68531 21B
12.543511 55.68505 25B
12.54305 55.68516 25A
12.544047 55.685905 27B
12.542626 55.685226 21F
12.545493 55.68423 41
12.544338 55.684807 31
12.542389 55.68541 21C
12.545778 55.6841 43
12.542678 55.68533 21E
12.543629 55.684647 23E
12.542782 55.685528 21D
12.544383 55.68435 37
12.542493 55.685066 21H
12.54494 55.685852 35
12.601622 55.659775 2
