12.557245 55.67244 2
12.557638 55.67228 3
12.557277 55.67233 4
12.557739 55.6721 5
12.557375 55.67216 6
12.557112 55.672043 6A
12.558139 55.67166 7
12.55748 55.672005 8A
12.557523 55.67193 8B
12.557579 55.671867 8C
12.557417 55.67199 8D
12.557504 55.67188 8E
12.557337 55.671867 8F
12.557269 55.671986 8G
12.558247 55.67157 9
12.557653 55.6718 10
12.558392 55.671432 11
12.557759 55.671696 12
12.55853 55.671295 13
12.5579 55.67156 14
12.557968 55.671486 14A
12.558641 55.671177 15
12.55806 55.671402 16
12.557693 55.67129 16C
12.558716 55.671097 17
12.55815 55.671314 18A
12.558268 55.671204 18B
12.559077 55.670773 19A
12.559184 55.670666 19B
12.558361 55.671097 20
12.559342 55.670532 21
12.558493 55.670982 22
12.558425 55.670975 22A
12.558372 55.670883 22B
12.558204 55.67083 22C
12.557945 55.67075 22D
12.557764 55.670685 22E
12.557624 55.670692 22F
12.55944 55.670406 23
12.55886 55.67064 24
12.559106 55.670406 26
12.559201 55.670307 28
12.559364 55.670155 30
12.557268 55.67167 10A
12.587538 55.6905 1
