14.807783 55.073105 2
14.808242 55.073322 3
14.807963 55.073074 4
14.80866 55.073254 5
14.808138 55.072983 6
14.808608 55.073166 7
14.808436 55.072906 8
14.808506 55.073013 10
14.702064 55.09791 2A
14.807783 55.073105 2
14.808242 55.073322 3
14.807963 55.073074 4
14.80866 55.073254 5
14.808138 55.072983 6
14.808608 55.073166 7
14.808436 55.072906 8
14.808506 55.073013 10
14.702064 55.09791 2A
14.807783 55.073105 2
14.808242 55.073322 3
14.807963 55.073074 4
14.80866 55.073254 5
14.808138 55.072983 6
14.808608 55.073166 7
14.808436 55.072906 8
14.808506 55.073013 10
14.702064 55.09791 2A
14.807783 55.073105 2
14.808242 55.073322 3
14.807963 55.073074 4
14.80866 55.073254 5
14.808138 55.072983 6
14.808608 55.073166 7
14.808436 55.072906 8
14.808506 55.073013 10
14.702064 55.09791 2A
14.807783 55.073105 2
14.808242 55.073322 3
14.807963 55.073074 4
14.80866 55.073254 5
14.808138 55.072983 6
14.808608 55.073166 7
14.808436 55.072906 8
14.808506 55.073013 10
14.702064 55.09791 2A
14.807783 55.073105 2
14.808242 55.073322 3
14.807963 55.073074 4
14.80866 55.073254 5
14.808138 55.072983 6
14.808608 55.073166 7
14.808436 55.072906 8
14.808506 55.073013 10
14.702064 55.09791 2A
