14.948755 55.05448 2
14.952581 55.05346 3
14.953553 55.05256 4
14.954973 55.05356 5
14.960736 55.05102 6
14.960894 55.05287 7
14.966785 55.05154 8
14.964297 55.053284 9
14.968287 55.05304 11
14.970648 55.05247 13
14.822887 55.108406 4
14.948755 55.05448 2
14.952581 55.05346 3
14.953553 55.05256 4
14.954973 55.05356 5
14.960736 55.05102 6
14.960894 55.05287 7
14.966785 55.05154 8
14.964297 55.053284 9
14.968287 55.05304 11
14.970648 55.05247 13
14.822887 55.108406 4
14.948755 55.05448 2
14.952581 55.05346 3
14.953553 55.05256 4
14.954973 55.05356 5
14.960736 55.05102 6
14.960894 55.05287 7
14.966785 55.05154 8
14.964297 55.053284 9
14.968287 55.05304 11
14.970648 55.05247 13
14.822887 55.108406 4
14.948755 55.05448 2
14.952581 55.05346 3
14.953553 55.05256 4
14.954973 55.05356 5
14.960736 55.05102 6
14.960894 55.05287 7
14.966785 55.05154 8
14.964297 55.053284 9
14.968287 55.05304 11
14.970648 55.05247 13
14.822887 55.108406 4
14.948755 55.05448 2
14.952581 55.05346 3
14.953553 55.05256 4
14.954973 55.05356 5
14.960736 55.05102 6
14.960894 55.05287 7
14.966785 55.05154 8
14.964297 55.053284 9
14.968287 55.05304 11
14.970648 55.05247 13
14.822887 55.108406 4
14.948755 55.05448 2
14.952581 55.05346 3
14.953553 55.05256 4
14.954973 55.05356 5
14.960736 55.05102 6
14.960894 55.05287 7
14.966785 55.05154 8
14.964297 55.053284 9
14.968287 55.05304 11
14.970648 55.05247 13
14.822887 55.108406 4
