14.807501 55.07252 1
14.807667 55.072025 2
14.807838 55.072437 3
14.808021 55.072037 4
14.80809 55.07244 5
14.807501 55.07252 1
14.807667 55.072025 2
14.807838 55.072437 3
14.808021 55.072037 4
14.80809 55.07244 5
14.807501 55.07252 1
14.807667 55.072025 2
14.807838 55.072437 3
14.808021 55.072037 4
14.80809 55.07244 5
14.807501 55.07252 1
14.807667 55.072025 2
14.807838 55.072437 3
14.808021 55.072037 4
14.80809 55.07244 5
14.807501 55.07252 1
14.807667 55.072025 2
14.807838 55.072437 3
14.808021 55.072037 4
14.80809 55.07244 5
14.807501 55.07252 1
14.807667 55.072025 2
14.807838 55.072437 3
14.808021 55.072037 4
14.80809 55.07244 5
