14.915069 55.076115 1
14.915233 55.076706 2
14.914603 55.075596 3
14.913794 55.075474 5
14.912775 55.076794 6
14.912962 55.075596 7
14.912166 55.075836 8
14.913355 55.076214 9
14.911852 55.075264 10
14.9119 55.075203 10B
14.913232 55.074863 11
14.91152 55.07399 15
14.912187 55.073673 17
14.91074 55.074104 18
14.912877 55.07363 19
14.90979 55.07369 20
14.91227 55.07293 21
14.912259 55.07272 21A
14.912135 55.072815 21B
14.911832 55.07282 21C
14.91165 55.073055 23
14.910865 55.073193 25
14.911932 55.075233 10C
14.912089 55.074493 13
14.914016 55.077183 4
14.911928 55.075207 10D
15.144636 55.10641 1
