14.92825 55.07199 3
14.929295 55.074265 5
14.935507 55.078377 6
14.932344 55.07709 7
14.939033 55.081867 8
14.934594 55.078304 9
14.939756 55.08245 10
14.939329 55.082855 11
14.943732 55.08291 12
14.946782 55.089615 13
14.944616 55.084705 14
14.946128 55.096043 15
14.950118 55.082993 16
14.946171 55.096107 17
14.948259 55.086792 18
14.945372 55.09607 19
14.952226 55.08529 20
14.945225 55.096107 21
14.94465 55.09543 23
14.944777 55.09511 25
14.943515 55.095825 27
14.943004 55.095936 29A
14.941945 55.097664 29B
14.949954 55.09656 31
14.960277 55.08951 33
14.96167 55.08924 35
14.961093 55.089336 35A
14.960863 55.088978 35B
14.960876 55.089718 37
14.932524 55.076595 4
15.120914 55.064495 1
