14.922352 55.070763 2
14.922461 55.07103 8
14.922492 55.07108 10
14.922331 55.071236 11
14.922534 55.071156 12
14.922403 55.071335 13A
14.922374 55.07137 13B
14.922562 55.0712 14
14.922466 55.07146 15
14.922478 55.071564 15A
14.922612 55.071304 16
14.922634 55.071354 18
14.922688 55.071438 20
14.922714 55.071484 22
14.922768 55.071583 24
14.922352 55.070763 2
14.922461 55.07103 8
14.922492 55.07108 10
14.922331 55.071236 11
14.922534 55.071156 12
14.922403 55.071335 13A
14.922374 55.07137 13B
14.922562 55.0712 14
14.922466 55.07146 15
14.922478 55.071564 15A
14.922612 55.071304 16
14.922634 55.071354 18
14.922688 55.071438 20
14.922714 55.071484 22
14.922768 55.071583 24
14.922352 55.070763 2
14.922461 55.07103 8
14.922492 55.07108 10
14.922331 55.071236 11
14.922534 55.071156 12
14.922403 55.071335 13A
14.922374 55.07137 13B
14.922562 55.0712 14
14.922466 55.07146 15
14.922478 55.071564 15A
14.922612 55.071304 16
14.922634 55.071354 18
14.922688 55.071438 20
14.922714 55.071484 22
14.922768 55.071583 24
14.922352 55.070763 2
14.922461 55.07103 8
14.922492 55.07108 10
14.922331 55.071236 11
14.922534 55.071156 12
14.922403 55.071335 13A
14.922374 55.07137 13B
14.922562 55.0712 14
14.922466 55.07146 15
14.922478 55.071564 15A
14.922612 55.071304 16
14.922634 55.071354 18
14.922688 55.071438 20
14.922714 55.071484 22
14.922768 55.071583 24
14.922352 55.070763 2
14.922461 55.07103 8
14.922492 55.07108 10
14.922331 55.071236 11
14.922534 55.071156 12
14.922403 55.071335 13A
14.922374 55.07137 13B
14.922562 55.0712 14
14.922466 55.07146 15
14.922478 55.071564 15A
14.922612 55.071304 16
14.922634 55.071354 18
14.922688 55.071438 20
14.922714 55.071484 22
14.922768 55.071583 24
14.922352 55.070763 2
14.922461 55.07103 8
14.922492 55.07108 10
14.922331 55.071236 11
14.922534 55.071156 12
14.922403 55.071335 13A
14.922374 55.07137 13B
14.922562 55.0712 14
14.922466 55.07146 15
14.922478 55.071564 15A
14.922612 55.071304 16
14.922634 55.071354 18
14.922688 55.071438 20
14.922714 55.071484 22
14.922768 55.071583 24
