14.993963 55.031612 7
14.994434 55.031956 9
14.994338 55.03134 10
14.99462 55.031685 11
14.994534 55.031338 12
14.995084 55.031727 13
14.994599 55.031216 14
14.995071 55.03196 15
14.995443 55.03206 17
14.994646 55.030983 18
14.994404 55.030983 20
14.995931 55.03215 23
14.995822 55.03143 26
14.99652 55.031933 27
14.996224 55.031506 28
14.996947 55.031982 29
14.996941 55.03208 31
14.997065 55.03157 34
14.996822 55.03231 35
14.997231 55.031662 36
14.996978 55.03177 40
14.997189 55.03188 42
14.997301 55.032143 46
14.997161 55.032215 48
14.997175 55.032368 50
14.993357 55.03159 3
14.997169 55.032066 44
14.996753 55.03166 38
14.996886 55.0322 33
14.994605 55.031124 16
14.992472 55.03154 1
14.996839 55.031456 32
14.996461 55.031235 30
14.995021 55.031334 22
14.996033 55.031864 21
14.99543 55.03146 24
14.995532 55.03179 19
14.996393 55.032158 25
14.993472 55.031406 6
14.99285 55.031395 4
14.974803 55.203327 2
