14.926907 55.071827 1
14.926447 55.07188 2
14.926691 55.07177 3
14.926202 55.071808 4
14.926482 55.071705 5
14.926264 55.071648 7
14.926044 55.071583 9
14.925937 55.071743 6
15.112614 55.1434 1
14.926907 55.071827 1
14.926447 55.07188 2
14.926691 55.07177 3
14.926202 55.071808 4
14.926482 55.071705 5
14.926264 55.071648 7
14.926044 55.071583 9
14.925937 55.071743 6
15.112614 55.1434 1
14.926907 55.071827 1
14.926447 55.07188 2
14.926691 55.07177 3
14.926202 55.071808 4
14.926482 55.071705 5
14.926264 55.071648 7
14.926044 55.071583 9
14.925937 55.071743 6
15.112614 55.1434 1
14.926907 55.071827 1
14.926447 55.07188 2
14.926691 55.07177 3
14.926202 55.071808 4
14.926482 55.071705 5
14.926264 55.071648 7
14.926044 55.071583 9
14.925937 55.071743 6
15.112614 55.1434 1
14.926907 55.071827 1
14.926447 55.07188 2
14.926691 55.07177 3
14.926202 55.071808 4
14.926482 55.071705 5
14.926264 55.071648 7
14.926044 55.071583 9
14.925937 55.071743 6
15.112614 55.1434 1
14.926907 55.071827 1
14.926447 55.07188 2
14.926691 55.07177 3
14.926202 55.071808 4
14.926482 55.071705 5
14.926264 55.071648 7
14.926044 55.071583 9
14.925937 55.071743 6
15.112614 55.1434 1
