14.917929 55.045315 2
14.922753 55.04396 3
14.921671 55.04257 4
14.722497 55.09476 1
14.917929 55.045315 2
14.922753 55.04396 3
14.921671 55.04257 4
14.722497 55.09476 1
14.917929 55.045315 2
14.922753 55.04396 3
14.921671 55.04257 4
14.722497 55.09476 1
14.917929 55.045315 2
14.922753 55.04396 3
14.921671 55.04257 4
14.722497 55.09476 1
14.917929 55.045315 2
14.922753 55.04396 3
14.921671 55.04257 4
14.722497 55.09476 1
14.917929 55.045315 2
14.922753 55.04396 3
14.921671 55.04257 4
14.722497 55.09476 1
