14.833989 55.073265 1
14.833515 55.073246 2
14.833986 55.0732 3
14.833607 55.07297 4
14.833989 55.073265 1
14.833515 55.073246 2
14.833986 55.0732 3
14.833607 55.07297 4
14.833989 55.073265 1
14.833515 55.073246 2
14.833986 55.0732 3
14.833607 55.07297 4
14.833989 55.073265 1
14.833515 55.073246 2
14.833986 55.0732 3
14.833607 55.07297 4
14.833989 55.073265 1
14.833515 55.073246 2
14.833986 55.0732 3
14.833607 55.07297 4
14.833989 55.073265 1
14.833515 55.073246 2
14.833986 55.0732 3
14.833607 55.07297 4
