14.831219 55.071705 3
14.832585 55.073498 4
14.829037 55.072098 5
14.831313 55.072186 5A
14.829383 55.075333 6
14.824932 55.07431 7
14.827583 55.076447 8
14.825681 55.07654 9
14.825328 55.076706 11
14.828928 55.079628 12
14.824961 55.07681 13
14.82698 55.080013 14
14.827393 55.077984 15
14.826613 55.08553 16
14.824937 55.079353 17
14.825242 55.081284 18
14.822676 55.081142 19
14.822054 55.08177 22
14.821758 55.08181 24
14.832079 55.072094 2
14.780806 55.180054 1
14.831219 55.071705 3
14.832585 55.073498 4
14.829037 55.072098 5
14.831313 55.072186 5A
14.829383 55.075333 6
14.824932 55.07431 7
14.827583 55.076447 8
14.825681 55.07654 9
14.825328 55.076706 11
14.828928 55.079628 12
14.824961 55.07681 13
14.82698 55.080013 14
14.827393 55.077984 15
14.826613 55.08553 16
14.824937 55.079353 17
14.825242 55.081284 18
14.822676 55.081142 19
14.822054 55.08177 22
14.821758 55.08181 24
14.832079 55.072094 2
14.780806 55.180054 1
14.831219 55.071705 3
14.832585 55.073498 4
14.829037 55.072098 5
14.831313 55.072186 5A
14.829383 55.075333 6
14.824932 55.07431 7
14.827583 55.076447 8
14.825681 55.07654 9
14.825328 55.076706 11
14.828928 55.079628 12
14.824961 55.07681 13
14.82698 55.080013 14
14.827393 55.077984 15
14.826613 55.08553 16
14.824937 55.079353 17
14.825242 55.081284 18
14.822676 55.081142 19
14.822054 55.08177 22
14.821758 55.08181 24
14.832079 55.072094 2
14.780806 55.180054 1
14.831219 55.071705 3
14.832585 55.073498 4
14.829037 55.072098 5
14.831313 55.072186 5A
14.829383 55.075333 6
14.824932 55.07431 7
14.827583 55.076447 8
14.825681 55.07654 9
14.825328 55.076706 11
14.828928 55.079628 12
14.824961 55.07681 13
14.82698 55.080013 14
14.827393 55.077984 15
14.826613 55.08553 16
14.824937 55.079353 17
14.825242 55.081284 18
14.822676 55.081142 19
14.822054 55.08177 22
14.821758 55.08181 24
14.832079 55.072094 2
14.780806 55.180054 1
14.831219 55.071705 3
14.832585 55.073498 4
14.829037 55.072098 5
14.831313 55.072186 5A
14.829383 55.075333 6
14.824932 55.07431 7
14.827583 55.076447 8
14.825681 55.07654 9
14.825328 55.076706 11
14.828928 55.079628 12
14.824961 55.07681 13
14.82698 55.080013 14
14.827393 55.077984 15
14.826613 55.08553 16
14.824937 55.079353 17
14.825242 55.081284 18
14.822676 55.081142 19
14.822054 55.08177 22
14.821758 55.08181 24
14.832079 55.072094 2
14.780806 55.180054 1
14.831219 55.071705 3
14.832585 55.073498 4
14.829037 55.072098 5
14.831313 55.072186 5A
14.829383 55.075333 6
14.824932 55.07431 7
14.827583 55.076447 8
14.825681 55.07654 9
14.825328 55.076706 11
14.828928 55.079628 12
14.824961 55.07681 13
14.82698 55.080013 14
14.827393 55.077984 15
14.826613 55.08553 16
14.824937 55.079353 17
14.825242 55.081284 18
14.822676 55.081142 19
14.822054 55.08177 22
14.821758 55.08181 24
14.832079 55.072094 2
14.780806 55.180054 1
