14.970495 55.006996 1
14.970466 55.006413 2
14.970172 55.007034 3
14.970028 55.006462 4
14.970328 55.00747 5
14.969838 55.005943 6
14.970651 55.00739 7
14.970338 55.005943 8
14.970745 55.00785 9
14.970827 55.00584 10
14.97042 55.00789 11
14.971243 55.00602 12
14.970509 55.008156 13
14.971357 55.006397 14
14.971003 55.00831 15
14.971039 55.00652 16
14.971412 55.00819 17
14.971834 55.008163 19
14.971723 55.00784 21
14.971371 55.00781 23
14.97128 55.00739 25
14.971524 55.007298 27
14.971452 55.00687 29
14.970999 55.006878 31
14.823858 55.107346 1
