14.981569 55.00921 2
14.982023 55.009315 2B
14.982401 55.009487 3
14.983016 55.009575 4
14.983459 55.00968 5
14.984026 55.009754 6
14.983661 55.010124 7
14.983055 55.01003 8
14.982654 55.010033 9
14.98221 55.009975 10
14.981752 55.00999 11
14.981375 55.009914 12
14.980943 55.009888 13
14.980816 55.010506 14
14.981277 55.010506 15
14.98179 55.010525 16
14.982281 55.010494 17
14.982852 55.010574 18
14.983276 55.01064 19
14.983102 55.01104 20
14.98262 55.01095 21
14.982118 55.01103 22
14.981627 55.010937 23
14.981144 55.010895 24
14.980661 55.01087 25
14.980174 55.010777 26
14.979541 55.010666 27
14.978868 55.010616 28
14.978814 55.01021 29
14.979299 55.010197 30
14.979785 55.010242 31
14.98018 55.010185 32
14.980231 55.009613 33
14.979871 55.00963 34
14.979363 55.009647 35
14.978836 55.00964 36
14.978675 55.009182 37
14.979118 55.009132 38
14.97958 55.009243 39
14.980007 55.00914 40
14.980434 55.009155 41
14.979886 55.009857 43U
14.981054 55.011246 45U
14.702967 55.1179 1
