14.918538 55.071106 2
14.91834 55.07046 3
14.918517 55.071167 4
14.918329 55.070522 5
14.918489 55.07127 6
14.918295 55.07061 7
14.918471 55.07133 8
14.918286 55.070667 9
14.918457 55.071445 10
14.918262 55.070763 11
14.918563 55.071613 12
14.918252 55.07082 13
14.918403 55.071827 14
14.918219 55.070908 15
14.918214 55.072227 16
14.918207 55.070957 17
14.918383 55.07237 18
14.918158 55.072468 20
14.918111 55.071148 21
14.918106 55.072582 22
14.918089 55.07268 24
14.918049 55.07282 26
14.916986 55.072277 27
14.918002 55.072998 28
14.917593 55.07265 29
14.917881 55.07338 30
14.91754 55.072834 31
14.918013 55.07339 32
14.917457 55.0731 33
14.918302 55.073414 34
14.917416 55.073273 35
14.91844 55.07343 36
14.917361 55.073444 37
14.917766 55.073715 38
14.91731 55.073612 39
14.917901 55.073727 40
14.917263 55.073776 41
14.918202 55.073723 42
14.918332 55.073734 44
14.917205 55.073963 43
14.918061 55.07136 25
15.110939 55.145214 1
14.918538 55.071106 2
14.91834 55.07046 3
14.918517 55.071167 4
14.918329 55.070522 5
14.918489 55.07127 6
14.918295 55.07061 7
14.918471 55.07133 8
14.918286 55.070667 9
14.918457 55.071445 10
14.918262 55.070763 11
14.918563 55.071613 12
14.918252 55.07082 13
14.918403 55.071827 14
14.918219 55.070908 15
14.918214 55.072227 16
14.918207 55.070957 17
14.918383 55.07237 18
14.918158 55.072468 20
14.918111 55.071148 21
14.918106 55.072582 22
14.918089 55.07268 24
14.918049 55.07282 26
14.916986 55.072277 27
14.918002 55.072998 28
14.917593 55.07265 29
14.917881 55.07338 30
14.91754 55.072834 31
14.918013 55.07339 32
14.917457 55.0731 33
14.918302 55.073414 34
14.917416 55.073273 35
14.91844 55.07343 36
14.917361 55.073444 37
14.917766 55.073715 38
14.91731 55.073612 39
14.917901 55.073727 40
14.917263 55.073776 41
14.918202 55.073723 42
14.918332 55.073734 44
14.917205 55.073963 43
14.918061 55.07136 25
15.110939 55.145214 1
14.918538 55.071106 2
14.91834 55.07046 3
14.918517 55.071167 4
14.918329 55.070522 5
14.918489 55.07127 6
14.918295 55.07061 7
14.918471 55.07133 8
14.918286 55.070667 9
14.918457 55.071445 10
14.918262 55.070763 11
14.918563 55.071613 12
14.918252 55.07082 13
14.918403 55.071827 14
14.918219 55.070908 15
14.918214 55.072227 16
14.918207 55.070957 17
14.918383 55.07237 18
14.918158 55.072468 20
14.918111 55.071148 21
14.918106 55.072582 22
14.918089 55.07268 24
14.918049 55.07282 26
14.916986 55.072277 27
14.918002 55.072998 28
14.917593 55.07265 29
14.917881 55.07338 30
14.91754 55.072834 31
14.918013 55.07339 32
14.917457 55.0731 33
14.918302 55.073414 34
14.917416 55.073273 35
14.91844 55.07343 36
14.917361 55.073444 37
14.917766 55.073715 38
14.91731 55.073612 39
14.917901 55.073727 40
14.917263 55.073776 41
14.918202 55.073723 42
14.918332 55.073734 44
14.917205 55.073963 43
14.918061 55.07136 25
15.110939 55.145214 1
14.918538 55.071106 2
14.91834 55.07046 3
14.918517 55.071167 4
14.918329 55.070522 5
14.918489 55.07127 6
14.918295 55.07061 7
14.918471 55.07133 8
14.918286 55.070667 9
14.918457 55.071445 10
14.918262 55.070763 11
14.918563 55.071613 12
14.918252 55.07082 13
14.918403 55.071827 14
14.918219 55.070908 15
14.918214 55.072227 16
14.918207 55.070957 17
14.918383 55.07237 18
14.918158 55.072468 20
14.918111 55.071148 21
14.918106 55.072582 22
14.918089 55.07268 24
14.918049 55.07282 26
14.916986 55.072277 27
14.918002 55.072998 28
14.917593 55.07265 29
14.917881 55.07338 30
14.91754 55.072834 31
14.918013 55.07339 32
14.917457 55.0731 33
14.918302 55.073414 34
14.917416 55.073273 35
14.91844 55.07343 36
14.917361 55.073444 37
14.917766 55.073715 38
14.91731 55.073612 39
14.917901 55.073727 40
14.917263 55.073776 41
14.918202 55.073723 42
14.918332 55.073734 44
14.917205 55.073963 43
14.918061 55.07136 25
15.110939 55.145214 1
14.918538 55.071106 2
14.91834 55.07046 3
14.918517 55.071167 4
14.918329 55.070522 5
14.918489 55.07127 6
14.918295 55.07061 7
14.918471 55.07133 8
14.918286 55.070667 9
14.918457 55.071445 10
14.918262 55.070763 11
14.918563 55.071613 12
14.918252 55.07082 13
14.918403 55.071827 14
14.918219 55.070908 15
14.918214 55.072227 16
14.918207 55.070957 17
14.918383 55.07237 18
14.918158 55.072468 20
14.918111 55.071148 21
14.918106 55.072582 22
14.918089 55.07268 24
14.918049 55.07282 26
14.916986 55.072277 27
14.918002 55.072998 28
14.917593 55.07265 29
14.917881 55.07338 30
14.91754 55.072834 31
14.918013 55.07339 32
14.917457 55.0731 33
14.918302 55.073414 34
14.917416 55.073273 35
14.91844 55.07343 36
14.917361 55.073444 37
14.917766 55.073715 38
14.91731 55.073612 39
14.917901 55.073727 40
14.917263 55.073776 41
14.918202 55.073723 42
14.918332 55.073734 44
14.917205 55.073963 43
14.918061 55.07136 25
15.110939 55.145214 1
14.918538 55.071106 2
14.91834 55.07046 3
14.918517 55.071167 4
14.918329 55.070522 5
14.918489 55.07127 6
14.918295 55.07061 7
14.918471 55.07133 8
14.918286 55.070667 9
14.918457 55.071445 10
14.918262 55.070763 11
14.918563 55.071613 12
14.918252 55.07082 13
14.918403 55.071827 14
14.918219 55.070908 15
14.918214 55.072227 16
14.918207 55.070957 17
14.918383 55.07237 18
14.918158 55.072468 20
14.918111 55.071148 21
14.918106 55.072582 22
14.918089 55.07268 24
14.918049 55.07282 26
14.916986 55.072277 27
14.918002 55.072998 28
14.917593 55.07265 29
14.917881 55.07338 30
14.91754 55.072834 31
14.918013 55.07339 32
14.917457 55.0731 33
14.918302 55.073414 34
14.917416 55.073273 35
14.91844 55.07343 36
14.917361 55.073444 37
14.917766 55.073715 38
14.91731 55.073612 39
14.917901 55.073727 40
14.917263 55.073776 41
14.918202 55.073723 42
14.918332 55.073734 44
14.917205 55.073963 43
14.918061 55.07136 25
15.110939 55.145214 1
