14.926838 55.065132 2
14.926492 55.064537 3
14.924973 55.06409 4
14.926014 55.06441 5
14.924854 55.06399 6
14.925692 55.064075 7
14.924571 55.063774 8
14.925421 55.063976 9
14.924485 55.063587 10
14.925217 55.06384 11
14.924246 55.063637 12
14.924783 55.063553 13
14.922564 55.063255 14
14.923844 55.06281 15
14.918002 55.06132 16
14.924243 55.062435 17
14.914732 55.058475 18U
14.924502 55.062138 19
14.925247 55.06205 21
14.923919 55.062176 23
14.920066 55.059128 25
14.920084 55.061802 14B
15.059818 54.998352 9
14.926838 55.065132 2
14.926492 55.064537 3
14.924973 55.06409 4
14.926014 55.06441 5
14.924854 55.06399 6
14.925692 55.064075 7
14.924571 55.063774 8
14.925421 55.063976 9
14.924485 55.063587 10
14.925217 55.06384 11
14.924246 55.063637 12
14.924783 55.063553 13
14.922564 55.063255 14
14.923844 55.06281 15
14.918002 55.06132 16
14.924243 55.062435 17
14.914732 55.058475 18U
14.924502 55.062138 19
14.925247 55.06205 21
14.923919 55.062176 23
14.920066 55.059128 25
14.920084 55.061802 14B
15.059818 54.998352 9
14.926838 55.065132 2
14.926492 55.064537 3
14.924973 55.06409 4
14.926014 55.06441 5
14.924854 55.06399 6
14.925692 55.064075 7
14.924571 55.063774 8
14.925421 55.063976 9
14.924485 55.063587 10
14.925217 55.06384 11
14.924246 55.063637 12
14.924783 55.063553 13
14.922564 55.063255 14
14.923844 55.06281 15
14.918002 55.06132 16
14.924243 55.062435 17
14.914732 55.058475 18U
14.924502 55.062138 19
14.925247 55.06205 21
14.923919 55.062176 23
14.920066 55.059128 25
14.920084 55.061802 14B
15.059818 54.998352 9
14.926838 55.065132 2
14.926492 55.064537 3
14.924973 55.06409 4
14.926014 55.06441 5
14.924854 55.06399 6
14.925692 55.064075 7
14.924571 55.063774 8
14.925421 55.063976 9
14.924485 55.063587 10
14.925217 55.06384 11
14.924246 55.063637 12
14.924783 55.063553 13
14.922564 55.063255 14
14.923844 55.06281 15
14.918002 55.06132 16
14.924243 55.062435 17
14.914732 55.058475 18U
14.924502 55.062138 19
14.925247 55.06205 21
14.923919 55.062176 23
14.920066 55.059128 25
14.920084 55.061802 14B
15.059818 54.998352 9
14.926838 55.065132 2
14.926492 55.064537 3
14.924973 55.06409 4
14.926014 55.06441 5
14.924854 55.06399 6
14.925692 55.064075 7
14.924571 55.063774 8
14.925421 55.063976 9
14.924485 55.063587 10
14.925217 55.06384 11
14.924246 55.063637 12
14.924783 55.063553 13
14.922564 55.063255 14
14.923844 55.06281 15
14.918002 55.06132 16
14.924243 55.062435 17
14.914732 55.058475 18U
14.924502 55.062138 19
14.925247 55.06205 21
14.923919 55.062176 23
14.920066 55.059128 25
14.920084 55.061802 14B
15.059818 54.998352 9
14.926838 55.065132 2
14.926492 55.064537 3
14.924973 55.06409 4
14.926014 55.06441 5
14.924854 55.06399 6
14.925692 55.064075 7
14.924571 55.063774 8
14.925421 55.063976 9
14.924485 55.063587 10
14.925217 55.06384 11
14.924246 55.063637 12
14.924783 55.063553 13
14.922564 55.063255 14
14.923844 55.06281 15
14.918002 55.06132 16
14.924243 55.062435 17
14.914732 55.058475 18U
14.924502 55.062138 19
14.925247 55.06205 21
14.923919 55.062176 23
14.920066 55.059128 25
14.920084 55.061802 14B
15.059818 54.998352 9
