14.964089 55.01379 2
14.962222 55.014854 3
14.963766 55.01411 4
14.962554 55.014885 5
14.963776 55.01448 6
14.963672 55.016132 7
14.964189 55.014988 8
14.963828 55.01638 9
14.963847 55.01518 10
14.963997 55.016613 11
14.964046 55.015583 12
14.964193 55.016872 13
14.964405 55.015896 14
14.964427 55.017117 15
14.964854 55.01575 16
14.96468 55.017357 17
14.964535 55.016277 18
14.964725 55.016495 20
14.964941 55.016773 22
14.965596 55.016747 24
14.965954 55.01703 26
14.965568 55.01715 28
14.965164 55.017242 30
15.009231 55.110985 1
