14.922541 55.067726 2
14.92304 55.066456 3
14.92185 55.06549 4
14.922875 55.06606 5
14.921097 55.065163 6
14.922914 55.065872 7
14.922816 55.0657 9
14.923339 55.067024 1A
15.109866 55.04365 2
14.922541 55.067726 2
14.92304 55.066456 3
14.92185 55.06549 4
14.922875 55.06606 5
14.921097 55.065163 6
14.922914 55.065872 7
14.922816 55.0657 9
14.923339 55.067024 1A
15.109866 55.04365 2
14.922541 55.067726 2
14.92304 55.066456 3
14.92185 55.06549 4
14.922875 55.06606 5
14.921097 55.065163 6
14.922914 55.065872 7
14.922816 55.0657 9
14.923339 55.067024 1A
15.109866 55.04365 2
14.922541 55.067726 2
14.92304 55.066456 3
14.92185 55.06549 4
14.922875 55.06606 5
14.921097 55.065163 6
14.922914 55.065872 7
14.922816 55.0657 9
14.923339 55.067024 1A
15.109866 55.04365 2
14.922541 55.067726 2
14.92304 55.066456 3
14.92185 55.06549 4
14.922875 55.06606 5
14.921097 55.065163 6
14.922914 55.065872 7
14.922816 55.0657 9
14.923339 55.067024 1A
15.109866 55.04365 2
14.922541 55.067726 2
14.92304 55.066456 3
14.92185 55.06549 4
14.922875 55.06606 5
14.921097 55.065163 6
14.922914 55.065872 7
14.922816 55.0657 9
14.923339 55.067024 1A
15.109866 55.04365 2
