14.969627 55.066246 2
14.973851 55.06606 3
14.972127 55.06566 4
14.973002 55.06284 4B
14.973523 55.061142 6
14.979971 55.061058 7
14.970889 55.060665 8
14.97786 55.05582 9
14.972418 55.059883 10
14.975083 55.053143 11
14.973827 55.059917 12
14.976417 55.04777 13
14.970147 55.05556 14
14.973403 55.043926 15
14.97459 55.043972 17
14.969622 55.04907 18
14.978416 55.041836 19
14.973894 55.042343 21
14.97202 55.038357 22
14.972069 55.03862 23
14.97279 55.03568 24
14.978665 55.03872 25
14.966339 55.03337 26
14.982655 55.03887 27
14.970472 55.031933 28
14.974073 55.031773 29
14.973821 55.02939 31
14.975882 55.04276 21U
14.724632 55.099094 1
