14.985252 55.002914 2
14.985169 55.002308 3
14.985434 55.003117 4
14.985257 55.002 5
14.984691 55.003162 6
14.985106 55.001705 7
14.984494 55.002895 8
14.984486 55.001987 9
14.984048 55.002922 10
14.984473 55.002354 11
14.984053 55.003216 12
14.984389 55.00259 13
14.98339 55.003258 14
14.983783 55.002342 15
14.983473 55.00302 16
14.983353 55.00255 17
14.982957 55.00319 18
14.982824 55.002712 19
14.980298 55.003445 20
14.982205 55.00287 21
14.980822 55.003242 22
14.981541 55.00302 23
15.130456 55.0728 1
14.985252 55.002914 2
14.985169 55.002308 3
14.985434 55.003117 4
14.985257 55.002 5
14.984691 55.003162 6
14.985106 55.001705 7
14.984494 55.002895 8
14.984486 55.001987 9
14.984048 55.002922 10
14.984473 55.002354 11
14.984053 55.003216 12
14.984389 55.00259 13
14.98339 55.003258 14
14.983783 55.002342 15
14.983473 55.00302 16
14.983353 55.00255 17
14.982957 55.00319 18
14.982824 55.002712 19
14.980298 55.003445 20
14.982205 55.00287 21
14.980822 55.003242 22
14.981541 55.00302 23
15.130456 55.0728 1
14.985252 55.002914 2
14.985169 55.002308 3
14.985434 55.003117 4
14.985257 55.002 5
14.984691 55.003162 6
14.985106 55.001705 7
14.984494 55.002895 8
14.984486 55.001987 9
14.984048 55.002922 10
14.984473 55.002354 11
14.984053 55.003216 12
14.984389 55.00259 13
14.98339 55.003258 14
14.983783 55.002342 15
14.983473 55.00302 16
14.983353 55.00255 17
14.982957 55.00319 18
14.982824 55.002712 19
14.980298 55.003445 20
14.982205 55.00287 21
14.980822 55.003242 22
14.981541 55.00302 23
15.130456 55.0728 1
14.985252 55.002914 2
14.985169 55.002308 3
14.985434 55.003117 4
14.985257 55.002 5
14.984691 55.003162 6
14.985106 55.001705 7
14.984494 55.002895 8
14.984486 55.001987 9
14.984048 55.002922 10
14.984473 55.002354 11
14.984053 55.003216 12
14.984389 55.00259 13
14.98339 55.003258 14
14.983783 55.002342 15
14.983473 55.00302 16
14.983353 55.00255 17
14.982957 55.00319 18
14.982824 55.002712 19
14.980298 55.003445 20
14.982205 55.00287 21
14.980822 55.003242 22
14.981541 55.00302 23
15.130456 55.0728 1
14.985252 55.002914 2
14.985169 55.002308 3
14.985434 55.003117 4
14.985257 55.002 5
14.984691 55.003162 6
14.985106 55.001705 7
14.984494 55.002895 8
14.984486 55.001987 9
14.984048 55.002922 10
14.984473 55.002354 11
14.984053 55.003216 12
14.984389 55.00259 13
14.98339 55.003258 14
14.983783 55.002342 15
14.983473 55.00302 16
14.983353 55.00255 17
14.982957 55.00319 18
14.982824 55.002712 19
14.980298 55.003445 20
14.982205 55.00287 21
14.980822 55.003242 22
14.981541 55.00302 23
15.130456 55.0728 1
14.985252 55.002914 2
14.985169 55.002308 3
14.985434 55.003117 4
14.985257 55.002 5
14.984691 55.003162 6
14.985106 55.001705 7
14.984494 55.002895 8
14.984486 55.001987 9
14.984048 55.002922 10
14.984473 55.002354 11
14.984053 55.003216 12
14.984389 55.00259 13
14.98339 55.003258 14
14.983783 55.002342 15
14.983473 55.00302 16
14.983353 55.00255 17
14.982957 55.00319 18
14.982824 55.002712 19
14.980298 55.003445 20
14.982205 55.00287 21
14.980822 55.003242 22
14.981541 55.00302 23
15.130456 55.0728 1
