14.984546 55.081333 2
14.981168 55.09518 2P
14.986071 55.079227 4
14.986718 55.077526 6
14.990428 55.077045 8
14.992783 55.07572 10
14.992164 55.077652 12
14.716347 55.111237 1
14.984546 55.081333 2
14.981168 55.09518 2P
14.986071 55.079227 4
14.986718 55.077526 6
14.990428 55.077045 8
14.992783 55.07572 10
14.992164 55.077652 12
14.716347 55.111237 1
14.984546 55.081333 2
14.981168 55.09518 2P
14.986071 55.079227 4
14.986718 55.077526 6
14.990428 55.077045 8
14.992783 55.07572 10
14.992164 55.077652 12
14.716347 55.111237 1
14.984546 55.081333 2
14.981168 55.09518 2P
14.986071 55.079227 4
14.986718 55.077526 6
14.990428 55.077045 8
14.992783 55.07572 10
14.992164 55.077652 12
14.716347 55.111237 1
14.984546 55.081333 2
14.981168 55.09518 2P
14.986071 55.079227 4
14.986718 55.077526 6
14.990428 55.077045 8
14.992783 55.07572 10
14.992164 55.077652 12
14.716347 55.111237 1
14.984546 55.081333 2
14.981168 55.09518 2P
14.986071 55.079227 4
14.986718 55.077526 6
14.990428 55.077045 8
14.992783 55.07572 10
14.992164 55.077652 12
14.716347 55.111237 1
