14.835426 55.075077 1
14.834476 55.07525 2
14.834908 55.07511 3
14.834886 55.074966 3A
14.835081 55.0751 3C
14.835054 55.075165 5A
14.834908 55.07514 5B
14.83091 55.077454 6
14.83381 55.074932 9
14.831048 55.075005 10
14.833459 55.074944 11
14.833105 55.074905 13
14.832767 55.074863 15
14.832645 55.07485 17
14.835426 55.075077 1
14.834476 55.07525 2
14.834908 55.07511 3
14.834886 55.074966 3A
14.835081 55.0751 3C
14.835054 55.075165 5A
14.834908 55.07514 5B
14.83091 55.077454 6
14.83381 55.074932 9
14.831048 55.075005 10
14.833459 55.074944 11
14.833105 55.074905 13
14.832767 55.074863 15
14.832645 55.07485 17
14.835426 55.075077 1
14.834476 55.07525 2
14.834908 55.07511 3
14.834886 55.074966 3A
14.835081 55.0751 3C
14.835054 55.075165 5A
14.834908 55.07514 5B
14.83091 55.077454 6
14.83381 55.074932 9
14.831048 55.075005 10
14.833459 55.074944 11
14.833105 55.074905 13
14.832767 55.074863 15
14.832645 55.07485 17
14.835426 55.075077 1
14.834476 55.07525 2
14.834908 55.07511 3
14.834886 55.074966 3A
14.835081 55.0751 3C
14.835054 55.075165 5A
14.834908 55.07514 5B
14.83091 55.077454 6
14.83381 55.074932 9
14.831048 55.075005 10
14.833459 55.074944 11
14.833105 55.074905 13
14.832767 55.074863 15
14.832645 55.07485 17
14.835426 55.075077 1
14.834476 55.07525 2
14.834908 55.07511 3
14.834886 55.074966 3A
14.835081 55.0751 3C
14.835054 55.075165 5A
14.834908 55.07514 5B
14.83091 55.077454 6
14.83381 55.074932 9
14.831048 55.075005 10
14.833459 55.074944 11
14.833105 55.074905 13
14.832767 55.074863 15
14.832645 55.07485 17
14.835426 55.075077 1
14.834476 55.07525 2
14.834908 55.07511 3
14.834886 55.074966 3A
14.835081 55.0751 3C
14.835054 55.075165 5A
14.834908 55.07514 5B
14.83091 55.077454 6
14.83381 55.074932 9
14.831048 55.075005 10
14.833459 55.074944 11
14.833105 55.074905 13
14.832767 55.074863 15
14.832645 55.07485 17
