14.920349 55.071026 3
14.920337 55.07115 5
14.920352 55.0713 7
14.920617 55.071175 8
14.920196 55.07145 9
14.920622 55.071285 10
14.920335 55.071735 11
14.920678 55.07141 12
14.920364 55.071915 13
14.920417 55.072006 15
14.920429 55.07206 17
14.921018 55.07174 18
14.920456 55.07215 19
14.920791 55.071888 20
14.920474 55.072285 21
14.920818 55.072002 22
14.920485 55.072437 23
14.920849 55.072098 24
14.920515 55.072536 25
14.920899 55.07228 26
14.920525 55.072598 27
14.920842 55.07246 28
14.920562 55.072693 29
14.920939 55.0726 30
14.92057 55.07276 31
14.920917 55.072758 32
14.920584 55.072887 33
14.920937 55.072853 34
14.920615 55.073006 35
14.920958 55.072987 36
14.920631 55.073067 37
14.920971 55.07306 38
14.920655 55.073185 39
14.920997 55.07318 40
14.920667 55.073257 41
14.921123 55.07333 42A
14.921554 55.073395 42B
14.921565 55.073452 42C
14.921586 55.07354 42D
14.920709 55.073353 43
14.920716 55.07342 45
14.920733 55.07353 47
14.920749 55.0736 49
14.920779 55.073708 51
14.920791 55.07378 53
14.92078 55.07391 55
14.921167 55.073467 44A
14.920349 55.071026 3
14.920337 55.07115 5
14.920352 55.0713 7
14.920617 55.071175 8
14.920196 55.07145 9
14.920622 55.071285 10
14.920335 55.071735 11
14.920678 55.07141 12
14.920364 55.071915 13
14.920417 55.072006 15
14.920429 55.07206 17
14.921018 55.07174 18
14.920456 55.07215 19
14.920791 55.071888 20
14.920474 55.072285 21
14.920818 55.072002 22
14.920485 55.072437 23
14.920849 55.072098 24
14.920515 55.072536 25
14.920899 55.07228 26
14.920525 55.072598 27
14.920842 55.07246 28
14.920562 55.072693 29
14.920939 55.0726 30
14.92057 55.07276 31
14.920917 55.072758 32
14.920584 55.072887 33
14.920937 55.072853 34
14.920615 55.073006 35
14.920958 55.072987 36
14.920631 55.073067 37
14.920971 55.07306 38
14.920655 55.073185 39
14.920997 55.07318 40
14.920667 55.073257 41
14.921123 55.07333 42A
14.921554 55.073395 42B
14.921565 55.073452 42C
14.921586 55.07354 42D
14.920709 55.073353 43
14.920716 55.07342 45
14.920733 55.07353 47
14.920749 55.0736 49
14.920779 55.073708 51
14.920791 55.07378 53
14.92078 55.07391 55
14.921167 55.073467 44A
14.920349 55.071026 3
14.920337 55.07115 5
14.920352 55.0713 7
14.920617 55.071175 8
14.920196 55.07145 9
14.920622 55.071285 10
14.920335 55.071735 11
14.920678 55.07141 12
14.920364 55.071915 13
14.920417 55.072006 15
14.920429 55.07206 17
14.921018 55.07174 18
14.920456 55.07215 19
14.920791 55.071888 20
14.920474 55.072285 21
14.920818 55.072002 22
14.920485 55.072437 23
14.920849 55.072098 24
14.920515 55.072536 25
14.920899 55.07228 26
14.920525 55.072598 27
14.920842 55.07246 28
14.920562 55.072693 29
14.920939 55.0726 30
14.92057 55.07276 31
14.920917 55.072758 32
14.920584 55.072887 33
14.920937 55.072853 34
14.920615 55.073006 35
14.920958 55.072987 36
14.920631 55.073067 37
14.920971 55.07306 38
14.920655 55.073185 39
14.920997 55.07318 40
14.920667 55.073257 41
14.921123 55.07333 42A
14.921554 55.073395 42B
14.921565 55.073452 42C
14.921586 55.07354 42D
14.920709 55.073353 43
14.920716 55.07342 45
14.920733 55.07353 47
14.920749 55.0736 49
14.920779 55.073708 51
14.920791 55.07378 53
14.92078 55.07391 55
14.921167 55.073467 44A
14.920349 55.071026 3
14.920337 55.07115 5
14.920352 55.0713 7
14.920617 55.071175 8
14.920196 55.07145 9
14.920622 55.071285 10
14.920335 55.071735 11
14.920678 55.07141 12
14.920364 55.071915 13
14.920417 55.072006 15
14.920429 55.07206 17
14.921018 55.07174 18
14.920456 55.07215 19
14.920791 55.071888 20
14.920474 55.072285 21
14.920818 55.072002 22
14.920485 55.072437 23
14.920849 55.072098 24
14.920515 55.072536 25
14.920899 55.07228 26
14.920525 55.072598 27
14.920842 55.07246 28
14.920562 55.072693 29
14.920939 55.0726 30
14.92057 55.07276 31
14.920917 55.072758 32
14.920584 55.072887 33
14.920937 55.072853 34
14.920615 55.073006 35
14.920958 55.072987 36
14.920631 55.073067 37
14.920971 55.07306 38
14.920655 55.073185 39
14.920997 55.07318 40
14.920667 55.073257 41
14.921123 55.07333 42A
14.921554 55.073395 42B
14.921565 55.073452 42C
14.921586 55.07354 42D
14.920709 55.073353 43
14.920716 55.07342 45
14.920733 55.07353 47
14.920749 55.0736 49
14.920779 55.073708 51
14.920791 55.07378 53
14.92078 55.07391 55
14.921167 55.073467 44A
14.920349 55.071026 3
14.920337 55.07115 5
14.920352 55.0713 7
14.920617 55.071175 8
14.920196 55.07145 9
14.920622 55.071285 10
14.920335 55.071735 11
14.920678 55.07141 12
14.920364 55.071915 13
14.920417 55.072006 15
14.920429 55.07206 17
14.921018 55.07174 18
14.920456 55.07215 19
14.920791 55.071888 20
14.920474 55.072285 21
14.920818 55.072002 22
14.920485 55.072437 23
14.920849 55.072098 24
14.920515 55.072536 25
14.920899 55.07228 26
14.920525 55.072598 27
14.920842 55.07246 28
14.920562 55.072693 29
14.920939 55.0726 30
14.92057 55.07276 31
14.920917 55.072758 32
14.920584 55.072887 33
14.920937 55.072853 34
14.920615 55.073006 35
14.920958 55.072987 36
14.920631 55.073067 37
14.920971 55.07306 38
14.920655 55.073185 39
14.920997 55.07318 40
14.920667 55.073257 41
14.921123 55.07333 42A
14.921554 55.073395 42B
14.921565 55.073452 42C
14.921586 55.07354 42D
14.920709 55.073353 43
14.920716 55.07342 45
14.920733 55.07353 47
14.920749 55.0736 49
14.920779 55.073708 51
14.920791 55.07378 53
14.92078 55.07391 55
14.921167 55.073467 44A
14.920349 55.071026 3
14.920337 55.07115 5
14.920352 55.0713 7
14.920617 55.071175 8
14.920196 55.07145 9
14.920622 55.071285 10
14.920335 55.071735 11
14.920678 55.07141 12
14.920364 55.071915 13
14.920417 55.072006 15
14.920429 55.07206 17
14.921018 55.07174 18
14.920456 55.07215 19
14.920791 55.071888 20
14.920474 55.072285 21
14.920818 55.072002 22
14.920485 55.072437 23
14.920849 55.072098 24
14.920515 55.072536 25
14.920899 55.07228 26
14.920525 55.072598 27
14.920842 55.07246 28
14.920562 55.072693 29
14.920939 55.0726 30
14.92057 55.07276 31
14.920917 55.072758 32
14.920584 55.072887 33
14.920937 55.072853 34
14.920615 55.073006 35
14.920958 55.072987 36
14.920631 55.073067 37
14.920971 55.07306 38
14.920655 55.073185 39
14.920997 55.07318 40
14.920667 55.073257 41
14.921123 55.07333 42A
14.921554 55.073395 42B
14.921565 55.073452 42C
14.921586 55.07354 42D
14.920709 55.073353 43
14.920716 55.07342 45
14.920733 55.07353 47
14.920749 55.0736 49
14.920779 55.073708 51
14.920791 55.07378 53
14.92078 55.07391 55
14.921167 55.073467 44A
