14.916749 55.07323 2
14.916307 55.07322 3
14.916858 55.073414 4
14.916302 55.073425 5
14.916808 55.073627 6
14.915862 55.073406 7
14.916748 55.07383 8
14.915824 55.073204 9
14.916429 55.073723 10
14.916129 55.073692 12
14.915837 55.07366 14
14.915589 55.07366 16
14.915405 55.073437 18
14.915293 55.073242 20
14.915257 55.073093 22
14.915274 55.07292 24
14.915204 55.073612 16A
15.102297 55.0411 1
14.916749 55.07323 2
14.916307 55.07322 3
14.916858 55.073414 4
14.916302 55.073425 5
14.916808 55.073627 6
14.915862 55.073406 7
14.916748 55.07383 8
14.915824 55.073204 9
14.916429 55.073723 10
14.916129 55.073692 12
14.915837 55.07366 14
14.915589 55.07366 16
14.915405 55.073437 18
14.915293 55.073242 20
14.915257 55.073093 22
14.915274 55.07292 24
14.915204 55.073612 16A
15.102297 55.0411 1
14.916749 55.07323 2
14.916307 55.07322 3
14.916858 55.073414 4
14.916302 55.073425 5
14.916808 55.073627 6
14.915862 55.073406 7
14.916748 55.07383 8
14.915824 55.073204 9
14.916429 55.073723 10
14.916129 55.073692 12
14.915837 55.07366 14
14.915589 55.07366 16
14.915405 55.073437 18
14.915293 55.073242 20
14.915257 55.073093 22
14.915274 55.07292 24
14.915204 55.073612 16A
15.102297 55.0411 1
14.916749 55.07323 2
14.916307 55.07322 3
14.916858 55.073414 4
14.916302 55.073425 5
14.916808 55.073627 6
14.915862 55.073406 7
14.916748 55.07383 8
14.915824 55.073204 9
14.916429 55.073723 10
14.916129 55.073692 12
14.915837 55.07366 14
14.915589 55.07366 16
14.915405 55.073437 18
14.915293 55.073242 20
14.915257 55.073093 22
14.915274 55.07292 24
14.915204 55.073612 16A
15.102297 55.0411 1
14.916749 55.07323 2
14.916307 55.07322 3
14.916858 55.073414 4
14.916302 55.073425 5
14.916808 55.073627 6
14.915862 55.073406 7
14.916748 55.07383 8
14.915824 55.073204 9
14.916429 55.073723 10
14.916129 55.073692 12
14.915837 55.07366 14
14.915589 55.07366 16
14.915405 55.073437 18
14.915293 55.073242 20
14.915257 55.073093 22
14.915274 55.07292 24
14.915204 55.073612 16A
15.102297 55.0411 1
14.916749 55.07323 2
14.916307 55.07322 3
14.916858 55.073414 4
14.916302 55.073425 5
14.916808 55.073627 6
14.915862 55.073406 7
14.916748 55.07383 8
14.915824 55.073204 9
14.916429 55.073723 10
14.916129 55.073692 12
14.915837 55.07366 14
14.915589 55.07366 16
14.915405 55.073437 18
14.915293 55.073242 20
14.915257 55.073093 22
14.915274 55.07292 24
14.915204 55.073612 16A
15.102297 55.0411 1
