14.954266 55.06827 2
14.954461 55.064335 3
14.953931 55.067677 4
14.947924 55.061714 5
14.950459 55.064774 6
14.946674 55.058224 7
14.946634 55.059532 8
14.946375 55.05654 9
14.941437 55.057205 10
14.944193 55.05477 11
14.941025 55.055534 12
14.700509 55.106365 4
14.954266 55.06827 2
14.954461 55.064335 3
14.953931 55.067677 4
14.947924 55.061714 5
14.950459 55.064774 6
14.946674 55.058224 7
14.946634 55.059532 8
14.946375 55.05654 9
14.941437 55.057205 10
14.944193 55.05477 11
14.941025 55.055534 12
14.700509 55.106365 4
14.954266 55.06827 2
14.954461 55.064335 3
14.953931 55.067677 4
14.947924 55.061714 5
14.950459 55.064774 6
14.946674 55.058224 7
14.946634 55.059532 8
14.946375 55.05654 9
14.941437 55.057205 10
14.944193 55.05477 11
14.941025 55.055534 12
14.700509 55.106365 4
14.954266 55.06827 2
14.954461 55.064335 3
14.953931 55.067677 4
14.947924 55.061714 5
14.950459 55.064774 6
14.946674 55.058224 7
14.946634 55.059532 8
14.946375 55.05654 9
14.941437 55.057205 10
14.944193 55.05477 11
14.941025 55.055534 12
14.700509 55.106365 4
14.954266 55.06827 2
14.954461 55.064335 3
14.953931 55.067677 4
14.947924 55.061714 5
14.950459 55.064774 6
14.946674 55.058224 7
14.946634 55.059532 8
14.946375 55.05654 9
14.941437 55.057205 10
14.944193 55.05477 11
14.941025 55.055534 12
14.700509 55.106365 4
14.954266 55.06827 2
14.954461 55.064335 3
14.953931 55.067677 4
14.947924 55.061714 5
14.950459 55.064774 6
14.946674 55.058224 7
14.946634 55.059532 8
14.946375 55.05654 9
14.941437 55.057205 10
14.944193 55.05477 11
14.941025 55.055534 12
14.700509 55.106365 4
