14.885755 55.085743 2
14.888297 55.0919 3
14.887318 55.0877 4
14.889291 55.09193 5
14.889081 55.08837 6
14.890433 55.092545 8
15.087918 55.017372 1
14.885755 55.085743 2
14.888297 55.0919 3
14.887318 55.0877 4
14.889291 55.09193 5
14.889081 55.08837 6
14.890433 55.092545 8
15.087918 55.017372 1
14.885755 55.085743 2
14.888297 55.0919 3
14.887318 55.0877 4
14.889291 55.09193 5
14.889081 55.08837 6
14.890433 55.092545 8
15.087918 55.017372 1
14.885755 55.085743 2
14.888297 55.0919 3
14.887318 55.0877 4
14.889291 55.09193 5
14.889081 55.08837 6
14.890433 55.092545 8
15.087918 55.017372 1
14.885755 55.085743 2
14.888297 55.0919 3
14.887318 55.0877 4
14.889291 55.09193 5
14.889081 55.08837 6
14.890433 55.092545 8
15.087918 55.017372 1
14.885755 55.085743 2
14.888297 55.0919 3
14.887318 55.0877 4
14.889291 55.09193 5
14.889081 55.08837 6
14.890433 55.092545 8
15.087918 55.017372 1
