14.907179 55.063168 2
14.907526 55.062218 3
14.904517 55.06397 4
14.905724 55.064426 4U
14.906069 55.05957 5
14.906934 55.06028 5A
14.907139 55.06039 5B
14.90719 55.060253 5C
14.907005 55.060196 5D
14.907108 55.060333 5E
14.905758 55.060963 6
14.902916 55.058693 8
14.905979 55.05427 9
14.904865 55.058323 10
14.906148 55.05325 11
14.905727 55.05654 12
14.904903 55.05339 13
14.90498 55.055874 14
14.90176 55.045395 15
14.899873 55.047363 17
14.894233 55.05245 18
14.896624 55.046562 19
14.896322 55.051502 20
14.895822 55.046555 21
14.891893 55.045116 22
14.892523 55.04467 24
14.894463 55.045895 25
14.892769 55.044025 26
14.896991 55.04474 27
14.890082 55.04092 28
14.901297 55.044357 29
14.888989 55.04023 30
14.889469 55.039745 30A
14.891225 55.041718 31
14.753562 55.140167 1
