15.008063 54.99927 3
15.008106 55.00046 4
15.006946 54.99939 5
15.008257 55.000866 6
15.007142 54.99981 7
15.006963 55.000603 8
15.006108 54.999695 9
15.007204 55.000347 10
15.006177 54.99922 11
15.006137 55.00023 12
15.00647 55.000595 14
15.005537 55.000614 16
15.005448 55.000233 18
15.005391 54.9998 20
15.00535 54.9993 22
15.005839 54.99883 24
15.008063 54.99927 3
15.008106 55.00046 4
15.006946 54.99939 5
15.008257 55.000866 6
15.007142 54.99981 7
15.006963 55.000603 8
15.006108 54.999695 9
15.007204 55.000347 10
15.006177 54.99922 11
15.006137 55.00023 12
15.00647 55.000595 14
15.005537 55.000614 16
15.005448 55.000233 18
15.005391 54.9998 20
15.00535 54.9993 22
15.005839 54.99883 24
15.008063 54.99927 3
15.008106 55.00046 4
15.006946 54.99939 5
15.008257 55.000866 6
15.007142 54.99981 7
15.006963 55.000603 8
15.006108 54.999695 9
15.007204 55.000347 10
15.006177 54.99922 11
15.006137 55.00023 12
15.00647 55.000595 14
15.005537 55.000614 16
15.005448 55.000233 18
15.005391 54.9998 20
15.00535 54.9993 22
15.005839 54.99883 24
15.008063 54.99927 3
15.008106 55.00046 4
15.006946 54.99939 5
15.008257 55.000866 6
15.007142 54.99981 7
15.006963 55.000603 8
15.006108 54.999695 9
15.007204 55.000347 10
15.006177 54.99922 11
15.006137 55.00023 12
15.00647 55.000595 14
15.005537 55.000614 16
15.005448 55.000233 18
15.005391 54.9998 20
15.00535 54.9993 22
15.005839 54.99883 24
15.008063 54.99927 3
15.008106 55.00046 4
15.006946 54.99939 5
15.008257 55.000866 6
15.007142 54.99981 7
15.006963 55.000603 8
15.006108 54.999695 9
15.007204 55.000347 10
15.006177 54.99922 11
15.006137 55.00023 12
15.00647 55.000595 14
15.005537 55.000614 16
15.005448 55.000233 18
15.005391 54.9998 20
15.00535 54.9993 22
15.005839 54.99883 24
15.008063 54.99927 3
15.008106 55.00046 4
15.006946 54.99939 5
15.008257 55.000866 6
15.007142 54.99981 7
15.006963 55.000603 8
15.006108 54.999695 9
15.007204 55.000347 10
15.006177 54.99922 11
15.006137 55.00023 12
15.00647 55.000595 14
15.005537 55.000614 16
15.005448 55.000233 18
15.005391 54.9998 20
15.00535 54.9993 22
15.005839 54.99883 24
