14.922245 55.074493 2
14.921845 55.074776 3
14.922291 55.0747 4
14.921843 55.074867 5
14.919541 55.075214 7
14.922195 55.074974 8
14.921718 55.075546 9
14.922242 55.075188 10
14.921892 55.075836 11A
14.921143 55.076447 11B
14.921645 55.0769 13
14.920364 55.077652 15
14.921863 55.07749 17
14.922633 55.08001 19
14.92237 55.075756 20
14.924819 55.080914 21
14.923214 55.07671 22
14.929461 55.085514 23
14.920972 55.074997 7A
14.840242 55.2258 8
14.922245 55.074493 2
14.921845 55.074776 3
14.922291 55.0747 4
14.921843 55.074867 5
14.919541 55.075214 7
14.922195 55.074974 8
14.921718 55.075546 9
14.922242 55.075188 10
14.921892 55.075836 11A
14.921143 55.076447 11B
14.921645 55.0769 13
14.920364 55.077652 15
14.921863 55.07749 17
14.922633 55.08001 19
14.92237 55.075756 20
14.924819 55.080914 21
14.923214 55.07671 22
14.929461 55.085514 23
14.920972 55.074997 7A
14.840242 55.2258 8
14.922245 55.074493 2
14.921845 55.074776 3
14.922291 55.0747 4
14.921843 55.074867 5
14.919541 55.075214 7
14.922195 55.074974 8
14.921718 55.075546 9
14.922242 55.075188 10
14.921892 55.075836 11A
14.921143 55.076447 11B
14.921645 55.0769 13
14.920364 55.077652 15
14.921863 55.07749 17
14.922633 55.08001 19
14.92237 55.075756 20
14.924819 55.080914 21
14.923214 55.07671 22
14.929461 55.085514 23
14.920972 55.074997 7A
14.840242 55.2258 8
14.922245 55.074493 2
14.921845 55.074776 3
14.922291 55.0747 4
14.921843 55.074867 5
14.919541 55.075214 7
14.922195 55.074974 8
14.921718 55.075546 9
14.922242 55.075188 10
14.921892 55.075836 11A
14.921143 55.076447 11B
14.921645 55.0769 13
14.920364 55.077652 15
14.921863 55.07749 17
14.922633 55.08001 19
14.92237 55.075756 20
14.924819 55.080914 21
14.923214 55.07671 22
14.929461 55.085514 23
14.920972 55.074997 7A
14.840242 55.2258 8
14.922245 55.074493 2
14.921845 55.074776 3
14.922291 55.0747 4
14.921843 55.074867 5
14.919541 55.075214 7
14.922195 55.074974 8
14.921718 55.075546 9
14.922242 55.075188 10
14.921892 55.075836 11A
14.921143 55.076447 11B
14.921645 55.0769 13
14.920364 55.077652 15
14.921863 55.07749 17
14.922633 55.08001 19
14.92237 55.075756 20
14.924819 55.080914 21
14.923214 55.07671 22
14.929461 55.085514 23
14.920972 55.074997 7A
14.840242 55.2258 8
14.922245 55.074493 2
14.921845 55.074776 3
14.922291 55.0747 4
14.921843 55.074867 5
14.919541 55.075214 7
14.922195 55.074974 8
14.921718 55.075546 9
14.922242 55.075188 10
14.921892 55.075836 11A
14.921143 55.076447 11B
14.921645 55.0769 13
14.920364 55.077652 15
14.921863 55.07749 17
14.922633 55.08001 19
14.92237 55.075756 20
14.924819 55.080914 21
14.923214 55.07671 22
14.929461 55.085514 23
14.920972 55.074997 7A
14.840242 55.2258 8
