14.969436 55.00531 2
14.969893 55.005424 3
14.970065 55.005188 4
14.970146 55.005596 5
14.970392 55.004467 6
14.970454 55.0045 6A
14.970464 55.005352 7
14.970694 55.004364 8
14.970741 55.005505 9
14.971077 55.00437 10
14.971122 55.00561 11
14.971498 55.00426 12
14.970848 55.005253 13
14.971314 55.00474 14
14.970924 55.005013 15
14.97145 55.004543 16
14.971375 55.00513 17
14.971681 55.004745 18
14.971925 55.005814 19
14.971983 55.00481 20
14.971524 55.00565 21
14.972266 55.00476 22
14.9716 55.00612 23
14.972028 55.00523 24
14.97206 55.00606 25
14.972482 55.005955 28
14.971963 55.00653 29
14.972588 55.006145 30
14.972136 55.00677 31
14.972682 55.006336 32
14.972154 55.00706 33
14.97259 55.0067 34
14.972689 55.006977 36
14.972305 55.00753 37
14.972843 55.007263 38
14.972284 55.007774 39
14.972932 55.007633 40
14.972494 55.008247 43
14.97235 55.007965 41A
14.972505 55.00576 26
14.972034 55.00627 27
14.972278 55.007294 35
14.969436 55.00531 2
14.969893 55.005424 3
14.970065 55.005188 4
14.970146 55.005596 5
14.970392 55.004467 6
14.970454 55.0045 6A
14.970464 55.005352 7
14.970694 55.004364 8
14.970741 55.005505 9
14.971077 55.00437 10
14.971122 55.00561 11
14.971498 55.00426 12
14.970848 55.005253 13
14.971314 55.00474 14
14.970924 55.005013 15
14.97145 55.004543 16
14.971375 55.00513 17
14.971681 55.004745 18
14.971925 55.005814 19
14.971983 55.00481 20
14.971524 55.00565 21
14.972266 55.00476 22
14.9716 55.00612 23
14.972028 55.00523 24
14.97206 55.00606 25
14.972482 55.005955 28
14.971963 55.00653 29
14.972588 55.006145 30
14.972136 55.00677 31
14.972682 55.006336 32
14.972154 55.00706 33
14.97259 55.0067 34
14.972689 55.006977 36
14.972305 55.00753 37
14.972843 55.007263 38
14.972284 55.007774 39
14.972932 55.007633 40
14.972494 55.008247 43
14.97235 55.007965 41A
14.972505 55.00576 26
14.972034 55.00627 27
14.972278 55.007294 35
14.969436 55.00531 2
14.969893 55.005424 3
14.970065 55.005188 4
14.970146 55.005596 5
14.970392 55.004467 6
14.970454 55.0045 6A
14.970464 55.005352 7
14.970694 55.004364 8
14.970741 55.005505 9
14.971077 55.00437 10
14.971122 55.00561 11
14.971498 55.00426 12
14.970848 55.005253 13
14.971314 55.00474 14
14.970924 55.005013 15
14.97145 55.004543 16
14.971375 55.00513 17
14.971681 55.004745 18
14.971925 55.005814 19
14.971983 55.00481 20
14.971524 55.00565 21
14.972266 55.00476 22
14.9716 55.00612 23
14.972028 55.00523 24
14.97206 55.00606 25
14.972482 55.005955 28
14.971963 55.00653 29
14.972588 55.006145 30
14.972136 55.00677 31
14.972682 55.006336 32
14.972154 55.00706 33
14.97259 55.0067 34
14.972689 55.006977 36
14.972305 55.00753 37
14.972843 55.007263 38
14.972284 55.007774 39
14.972932 55.007633 40
14.972494 55.008247 43
14.97235 55.007965 41A
14.972505 55.00576 26
14.972034 55.00627 27
14.972278 55.007294 35
14.969436 55.00531 2
14.969893 55.005424 3
14.970065 55.005188 4
14.970146 55.005596 5
14.970392 55.004467 6
14.970454 55.0045 6A
14.970464 55.005352 7
14.970694 55.004364 8
14.970741 55.005505 9
14.971077 55.00437 10
14.971122 55.00561 11
14.971498 55.00426 12
14.970848 55.005253 13
14.971314 55.00474 14
14.970924 55.005013 15
14.97145 55.004543 16
14.971375 55.00513 17
14.971681 55.004745 18
14.971925 55.005814 19
14.971983 55.00481 20
14.971524 55.00565 21
14.972266 55.00476 22
14.9716 55.00612 23
14.972028 55.00523 24
14.97206 55.00606 25
14.972482 55.005955 28
14.971963 55.00653 29
14.972588 55.006145 30
14.972136 55.00677 31
14.972682 55.006336 32
14.972154 55.00706 33
14.97259 55.0067 34
14.972689 55.006977 36
14.972305 55.00753 37
14.972843 55.007263 38
14.972284 55.007774 39
14.972932 55.007633 40
14.972494 55.008247 43
14.97235 55.007965 41A
14.972505 55.00576 26
14.972034 55.00627 27
14.972278 55.007294 35
14.969436 55.00531 2
14.969893 55.005424 3
14.970065 55.005188 4
14.970146 55.005596 5
14.970392 55.004467 6
14.970454 55.0045 6A
14.970464 55.005352 7
14.970694 55.004364 8
14.970741 55.005505 9
14.971077 55.00437 10
14.971122 55.00561 11
14.971498 55.00426 12
14.970848 55.005253 13
14.971314 55.00474 14
14.970924 55.005013 15
14.97145 55.004543 16
14.971375 55.00513 17
14.971681 55.004745 18
14.971925 55.005814 19
14.971983 55.00481 20
14.971524 55.00565 21
14.972266 55.00476 22
14.9716 55.00612 23
14.972028 55.00523 24
14.97206 55.00606 25
14.972482 55.005955 28
14.971963 55.00653 29
14.972588 55.006145 30
14.972136 55.00677 31
14.972682 55.006336 32
14.972154 55.00706 33
14.97259 55.0067 34
14.972689 55.006977 36
14.972305 55.00753 37
14.972843 55.007263 38
14.972284 55.007774 39
14.972932 55.007633 40
14.972494 55.008247 43
14.97235 55.007965 41A
14.972505 55.00576 26
14.972034 55.00627 27
14.972278 55.007294 35
14.969436 55.00531 2
14.969893 55.005424 3
14.970065 55.005188 4
14.970146 55.005596 5
14.970392 55.004467 6
14.970454 55.0045 6A
14.970464 55.005352 7
14.970694 55.004364 8
14.970741 55.005505 9
14.971077 55.00437 10
14.971122 55.00561 11
14.971498 55.00426 12
14.970848 55.005253 13
14.971314 55.00474 14
14.970924 55.005013 15
14.97145 55.004543 16
14.971375 55.00513 17
14.971681 55.004745 18
14.971925 55.005814 19
14.971983 55.00481 20
14.971524 55.00565 21
14.972266 55.00476 22
14.9716 55.00612 23
14.972028 55.00523 24
14.97206 55.00606 25
14.972482 55.005955 28
14.971963 55.00653 29
14.972588 55.006145 30
14.972136 55.00677 31
14.972682 55.006336 32
14.972154 55.00706 33
14.97259 55.0067 34
14.972689 55.006977 36
14.972305 55.00753 37
14.972843 55.007263 38
14.972284 55.007774 39
14.972932 55.007633 40
14.972494 55.008247 43
14.97235 55.007965 41A
14.972505 55.00576 26
14.972034 55.00627 27
14.972278 55.007294 35
