14.988297 55.003235 2
14.987032 55.00333 3
14.988482 55.003456 4
14.987531 55.003593 5
14.988365 55.0037 6
14.98701 55.00354 7
14.988439 55.003937 8
14.987611 55.003864 9
14.987178 55.00392 11
14.987867 55.004086 13
14.987251 55.00412 15
14.988101 55.004166 13T
14.714057 55.117847 1
14.988297 55.003235 2
14.987032 55.00333 3
14.988482 55.003456 4
14.987531 55.003593 5
14.988365 55.0037 6
14.98701 55.00354 7
14.988439 55.003937 8
14.987611 55.003864 9
14.987178 55.00392 11
14.987867 55.004086 13
14.987251 55.00412 15
14.988101 55.004166 13T
14.714057 55.117847 1
14.988297 55.003235 2
14.987032 55.00333 3
14.988482 55.003456 4
14.987531 55.003593 5
14.988365 55.0037 6
14.98701 55.00354 7
14.988439 55.003937 8
14.987611 55.003864 9
14.987178 55.00392 11
14.987867 55.004086 13
14.987251 55.00412 15
14.988101 55.004166 13T
14.714057 55.117847 1
14.988297 55.003235 2
14.987032 55.00333 3
14.988482 55.003456 4
14.987531 55.003593 5
14.988365 55.0037 6
14.98701 55.00354 7
14.988439 55.003937 8
14.987611 55.003864 9
14.987178 55.00392 11
14.987867 55.004086 13
14.987251 55.00412 15
14.988101 55.004166 13T
14.714057 55.117847 1
14.988297 55.003235 2
14.987032 55.00333 3
14.988482 55.003456 4
14.987531 55.003593 5
14.988365 55.0037 6
14.98701 55.00354 7
14.988439 55.003937 8
14.987611 55.003864 9
14.987178 55.00392 11
14.987867 55.004086 13
14.987251 55.00412 15
14.988101 55.004166 13T
14.714057 55.117847 1
14.988297 55.003235 2
14.987032 55.00333 3
14.988482 55.003456 4
14.987531 55.003593 5
14.988365 55.0037 6
14.98701 55.00354 7
14.988439 55.003937 8
14.987611 55.003864 9
14.987178 55.00392 11
14.987867 55.004086 13
14.987251 55.00412 15
14.988101 55.004166 13T
14.714057 55.117847 1
