14.917987 55.069885 3
14.917633 55.069897 4
14.917855 55.069798 5
14.917574 55.069847 6
14.917483 55.069794 8
14.917687 55.06969 9
14.917108 55.069584 10A
14.916387 55.06959 10B
14.917519 55.06958 11
14.916911 55.069473 12
14.916798 55.069042 13
14.916825 55.06942 14
14.916715 55.069347 16
14.916567 55.069256 18
14.916551 55.068905 19
14.91608 55.06846 23
14.915669 55.068226 27
14.917987 55.069885 3
14.917633 55.069897 4
14.917855 55.069798 5
14.917574 55.069847 6
14.917483 55.069794 8
14.917687 55.06969 9
14.917108 55.069584 10A
14.916387 55.06959 10B
14.917519 55.06958 11
14.916911 55.069473 12
14.916798 55.069042 13
14.916825 55.06942 14
14.916715 55.069347 16
14.916567 55.069256 18
14.916551 55.068905 19
14.91608 55.06846 23
14.915669 55.068226 27
14.917987 55.069885 3
14.917633 55.069897 4
14.917855 55.069798 5
14.917574 55.069847 6
14.917483 55.069794 8
14.917687 55.06969 9
14.917108 55.069584 10A
14.916387 55.06959 10B
14.917519 55.06958 11
14.916911 55.069473 12
14.916798 55.069042 13
14.916825 55.06942 14
14.916715 55.069347 16
14.916567 55.069256 18
14.916551 55.068905 19
14.91608 55.06846 23
14.915669 55.068226 27
14.917987 55.069885 3
14.917633 55.069897 4
14.917855 55.069798 5
14.917574 55.069847 6
14.917483 55.069794 8
14.917687 55.06969 9
14.917108 55.069584 10A
14.916387 55.06959 10B
14.917519 55.06958 11
14.916911 55.069473 12
14.916798 55.069042 13
14.916825 55.06942 14
14.916715 55.069347 16
14.916567 55.069256 18
14.916551 55.068905 19
14.91608 55.06846 23
14.915669 55.068226 27
14.917987 55.069885 3
14.917633 55.069897 4
14.917855 55.069798 5
14.917574 55.069847 6
14.917483 55.069794 8
14.917687 55.06969 9
14.917108 55.069584 10A
14.916387 55.06959 10B
14.917519 55.06958 11
14.916911 55.069473 12
14.916798 55.069042 13
14.916825 55.06942 14
14.916715 55.069347 16
14.916567 55.069256 18
14.916551 55.068905 19
14.91608 55.06846 23
14.915669 55.068226 27
14.917987 55.069885 3
14.917633 55.069897 4
14.917855 55.069798 5
14.917574 55.069847 6
14.917483 55.069794 8
14.917687 55.06969 9
14.917108 55.069584 10A
14.916387 55.06959 10B
14.917519 55.06958 11
14.916911 55.069473 12
14.916798 55.069042 13
14.916825 55.06942 14
14.916715 55.069347 16
14.916567 55.069256 18
14.916551 55.068905 19
14.91608 55.06846 23
14.915669 55.068226 27
