14.955989 55.0139 2
14.956911 55.0114 3
14.955522 55.012203 4
14.954485 55.009106 6
14.957562 55.0079 7
14.95537 55.010994 4B
14.717368 55.088165 1
14.955989 55.0139 2
14.956911 55.0114 3
14.955522 55.012203 4
14.954485 55.009106 6
14.957562 55.0079 7
14.95537 55.010994 4B
14.717368 55.088165 1
14.955989 55.0139 2
14.956911 55.0114 3
14.955522 55.012203 4
14.954485 55.009106 6
14.957562 55.0079 7
14.95537 55.010994 4B
14.717368 55.088165 1
14.955989 55.0139 2
14.956911 55.0114 3
14.955522 55.012203 4
14.954485 55.009106 6
14.957562 55.0079 7
14.95537 55.010994 4B
14.717368 55.088165 1
14.955989 55.0139 2
14.956911 55.0114 3
14.955522 55.012203 4
14.954485 55.009106 6
14.957562 55.0079 7
14.95537 55.010994 4B
14.717368 55.088165 1
14.955989 55.0139 2
14.956911 55.0114 3
14.955522 55.012203 4
14.954485 55.009106 6
14.957562 55.0079 7
14.95537 55.010994 4B
14.717368 55.088165 1
