14.982051 55.00475 1
14.982977 55.00463 2
14.982036 55.004997 3
14.98262 55.004696 4
14.982063 55.00521 5
14.982611 55.004944 6
14.981635 55.005016 7
14.983014 55.00495 8
14.981564 55.005272 9
14.983103 55.00516 10
14.981297 55.00527 11
14.982681 55.005215 12
14.981211 55.005035 13
14.982814 55.005444 14
14.980708 55.005093 15
14.983145 55.00544 16
14.980759 55.00532 17
14.983233 55.005764 18
14.98088 55.00569 19
14.982799 55.0058 20
14.981373 55.00563 21
14.982886 55.00605 22
14.9818 55.00561 23
14.982189 55.005577 25
14.983365 55.006252 26
14.982333 55.00577 27
14.982989 55.006332 28
14.981817 55.00585 29
14.983311 55.006516 30
14.981433 55.005867 31
14.983395 55.006744 32
14.980833 55.00592 33
14.983475 55.007076 34
14.980978 55.006287 35
14.983011 55.007042 36
14.981088 55.006493 37
14.98158 55.006443 39
14.981534 55.00621 41
14.981879 55.006214 43
14.981887 55.006428 45
14.982405 55.006115 47
14.982418 55.006393 49
14.98258 55.006645 51
14.981843 55.006683 53
14.981255 55.00678 55
14.981421 55.00704 57
14.982037 55.007088 59
14.982545 55.007046 61
