14.911997 55.071815 1
14.912319 55.07016 1Q
14.908563 55.074078 2
14.913344 55.07255 2A
14.910824 55.071198 3A
14.906954 55.07447 4
14.904478 55.071606 5
14.907199 55.075665 6
14.905832 55.074345 7
14.907062 55.07534 8
14.905501 55.0745 9
14.906869 55.074936 10
14.905094 55.07452 11
14.906615 55.074577 12
14.904885 55.07465 13
14.906277 55.074814 14
14.904615 55.074757 15
14.905845 55.074955 16
14.905449 55.07494 18
14.904041 55.07497 19
14.903755 55.075092 21
14.904524 55.075203 22
14.896511 55.076122 23
14.90375 55.075657 24
14.898065 55.07704 25
14.89586 55.077267 27
14.903323 55.07577 28
14.890736 55.077335 29
14.901778 55.07638 30
14.884932 55.073383 31
14.881473 55.077038 33
14.900922 55.076477 34
14.879329 55.071243 35
14.899469 55.080124 36
14.879081 55.07643 37
14.898599 55.07755 38
14.876708 55.077003 39
14.891822 55.07777 40
14.874557 55.0765 41
14.893234 55.0797 42
14.875533 55.075027 43
14.898071 55.082348 44
14.864989 55.074768 45
14.899487 55.083412 46
14.864705 55.07363 47
14.881109 55.080322 48
14.86774 55.070507 49
14.872301 55.08059 50
14.862145 55.072475 51
14.866468 55.08169 52
14.864237 55.07591 53
14.864834 55.07592 53A
14.865148 55.0821 54
14.862694 55.074715 55
14.86262 55.07598 56
14.860342 55.07538 57
14.857915 55.07567 58
14.856566 55.07512 59
14.854014 55.076263 60
14.84991 55.07383 61
14.851332 55.07686 62
14.848384 55.075336 63
14.848989 55.07585 64
14.848944 55.075222 65
14.849292 55.07734 66
14.84963 55.075054 67
14.847303 55.077385 68
14.848503 55.07499 69
14.845889 55.07536 70
14.847954 55.0753 71
14.843762 55.074783 72
14.844597 55.074318 73
14.842607 55.07504 74
14.84756 55.072365 75
14.841943 55.07455 76
14.842998 55.074245 77
14.838942 55.073093 78
14.842309 55.07402 79
14.83792 55.073135 80
14.84151 55.073696 81
14.837342 55.072586 82
14.840949 55.072968 83
14.836877 55.07241 84
14.843325 55.07174 85
14.833603 55.07198 86
14.84185 55.072235 87
14.832396 55.07174 88
14.840617 55.07243 89
14.829349 55.071297 90
14.837917 55.072224 91
14.827692 55.07142 92
14.835706 55.07196 93
14.826809 55.070667 94
14.831865 55.07131 95
14.825388 55.07312 96
14.830514 55.069386 97
14.813271 55.07096 98
14.831227 55.071095 99
14.81066 55.07142 100
14.830973 55.07109 101
14.81009 55.07185 102
14.826947 55.070236 103
14.809376 55.071777 104
14.813853 55.06839 105
14.808818 55.07187 106
14.80936 55.072113 106B
14.809912 55.071068 107
14.808302 55.072014 108
14.807249 55.072025 110
14.804106 55.0722 111
14.806244 55.07221 112
14.805672 55.072388 112C
14.805286 55.072514 114
14.806829 55.075542 116
14.906157 55.076797 26
14.803062 55.0715 111A
14.805934 55.072296 112B
14.906718 55.071957 1T
14.906501 55.071133 1U
14.820904 55.07237 94U
14.807223 55.075706 116A
14.827642 55.07142 92A
14.806998 55.075726 116B
14.90496 55.075123 20
