14.907533 55.074314 1
14.907968 55.074165 2
14.908113 55.075302 3
14.90904 55.07438 4
14.910686 55.076 5
14.911517 55.075127 6
14.90814 55.077137 7
14.915247 55.07838 8
14.911396 55.077435 9
14.914726 55.079006 10
14.911817 55.07805 11
14.914918 55.079166 12
14.908603 55.07885 13
14.909757 55.079666 15
14.914109 55.07899 17
14.914578 55.079456 19
14.910545 55.076614 5B
14.914817 55.078674 8A
14.722415 55.15654 1
14.907533 55.074314 1
14.907968 55.074165 2
14.908113 55.075302 3
14.90904 55.07438 4
14.910686 55.076 5
14.911517 55.075127 6
14.90814 55.077137 7
14.915247 55.07838 8
14.911396 55.077435 9
14.914726 55.079006 10
14.911817 55.07805 11
14.914918 55.079166 12
14.908603 55.07885 13
14.909757 55.079666 15
14.914109 55.07899 17
14.914578 55.079456 19
14.910545 55.076614 5B
14.914817 55.078674 8A
14.722415 55.15654 1
14.907533 55.074314 1
14.907968 55.074165 2
14.908113 55.075302 3
14.90904 55.07438 4
14.910686 55.076 5
14.911517 55.075127 6
14.90814 55.077137 7
14.915247 55.07838 8
14.911396 55.077435 9
14.914726 55.079006 10
14.911817 55.07805 11
14.914918 55.079166 12
14.908603 55.07885 13
14.909757 55.079666 15
14.914109 55.07899 17
14.914578 55.079456 19
14.910545 55.076614 5B
14.914817 55.078674 8A
14.722415 55.15654 1
14.907533 55.074314 1
14.907968 55.074165 2
14.908113 55.075302 3
14.90904 55.07438 4
14.910686 55.076 5
14.911517 55.075127 6
14.90814 55.077137 7
14.915247 55.07838 8
14.911396 55.077435 9
14.914726 55.079006 10
14.911817 55.07805 11
14.914918 55.079166 12
14.908603 55.07885 13
14.909757 55.079666 15
14.914109 55.07899 17
14.914578 55.079456 19
14.910545 55.076614 5B
14.914817 55.078674 8A
14.722415 55.15654 1
14.907533 55.074314 1
14.907968 55.074165 2
14.908113 55.075302 3
14.90904 55.07438 4
14.910686 55.076 5
14.911517 55.075127 6
14.90814 55.077137 7
14.915247 55.07838 8
14.911396 55.077435 9
14.914726 55.079006 10
14.911817 55.07805 11
14.914918 55.079166 12
14.908603 55.07885 13
14.909757 55.079666 15
14.914109 55.07899 17
14.914578 55.079456 19
14.910545 55.076614 5B
14.914817 55.078674 8A
14.722415 55.15654 1
14.907533 55.074314 1
14.907968 55.074165 2
14.908113 55.075302 3
14.90904 55.07438 4
14.910686 55.076 5
14.911517 55.075127 6
14.90814 55.077137 7
14.915247 55.07838 8
14.911396 55.077435 9
14.914726 55.079006 10
14.911817 55.07805 11
14.914918 55.079166 12
14.908603 55.07885 13
14.909757 55.079666 15
14.914109 55.07899 17
14.914578 55.079456 19
14.910545 55.076614 5B
14.914817 55.078674 8A
14.722415 55.15654 1
