14.913766 55.091038 2
14.901599 55.091034 3
14.89078 55.094414 4
14.888242 55.09349 6
14.901748 55.08824 7
14.887971 55.09353 8
14.899325 55.086544 9
14.885882 55.09417 10
14.897083 55.09056 11
14.883357 55.09676 12
14.887453 55.09292 13
14.884675 55.094692 14
14.885314 55.092403 15
14.877891 55.093296 16
14.881012 55.093582 17
14.881326 55.093056 19
14.882683 55.092644 21
14.880535 55.09212 23
14.878794 55.08922 25
14.878274 55.091553 18
14.902275 55.08901 5
14.702167 55.09969 3
14.913766 55.091038 2
14.901599 55.091034 3
14.89078 55.094414 4
14.888242 55.09349 6
14.901748 55.08824 7
14.887971 55.09353 8
14.899325 55.086544 9
14.885882 55.09417 10
14.897083 55.09056 11
14.883357 55.09676 12
14.887453 55.09292 13
14.884675 55.094692 14
14.885314 55.092403 15
14.877891 55.093296 16
14.881012 55.093582 17
14.881326 55.093056 19
14.882683 55.092644 21
14.880535 55.09212 23
14.878794 55.08922 25
14.878274 55.091553 18
14.902275 55.08901 5
14.702167 55.09969 3
14.913766 55.091038 2
14.901599 55.091034 3
14.89078 55.094414 4
14.888242 55.09349 6
14.901748 55.08824 7
14.887971 55.09353 8
14.899325 55.086544 9
14.885882 55.09417 10
14.897083 55.09056 11
14.883357 55.09676 12
14.887453 55.09292 13
14.884675 55.094692 14
14.885314 55.092403 15
14.877891 55.093296 16
14.881012 55.093582 17
14.881326 55.093056 19
14.882683 55.092644 21
14.880535 55.09212 23
14.878794 55.08922 25
14.878274 55.091553 18
14.902275 55.08901 5
14.702167 55.09969 3
14.913766 55.091038 2
14.901599 55.091034 3
14.89078 55.094414 4
14.888242 55.09349 6
14.901748 55.08824 7
14.887971 55.09353 8
14.899325 55.086544 9
14.885882 55.09417 10
14.897083 55.09056 11
14.883357 55.09676 12
14.887453 55.09292 13
14.884675 55.094692 14
14.885314 55.092403 15
14.877891 55.093296 16
14.881012 55.093582 17
14.881326 55.093056 19
14.882683 55.092644 21
14.880535 55.09212 23
14.878794 55.08922 25
14.878274 55.091553 18
14.902275 55.08901 5
14.702167 55.09969 3
14.913766 55.091038 2
14.901599 55.091034 3
14.89078 55.094414 4
14.888242 55.09349 6
14.901748 55.08824 7
14.887971 55.09353 8
14.899325 55.086544 9
14.885882 55.09417 10
14.897083 55.09056 11
14.883357 55.09676 12
14.887453 55.09292 13
14.884675 55.094692 14
14.885314 55.092403 15
14.877891 55.093296 16
14.881012 55.093582 17
14.881326 55.093056 19
14.882683 55.092644 21
14.880535 55.09212 23
14.878794 55.08922 25
14.878274 55.091553 18
14.902275 55.08901 5
14.702167 55.09969 3
14.913766 55.091038 2
14.901599 55.091034 3
14.89078 55.094414 4
14.888242 55.09349 6
14.901748 55.08824 7
14.887971 55.09353 8
14.899325 55.086544 9
14.885882 55.09417 10
14.897083 55.09056 11
14.883357 55.09676 12
14.887453 55.09292 13
14.884675 55.094692 14
14.885314 55.092403 15
14.877891 55.093296 16
14.881012 55.093582 17
14.881326 55.093056 19
14.882683 55.092644 21
14.880535 55.09212 23
14.878794 55.08922 25
14.878274 55.091553 18
14.902275 55.08901 5
14.702167 55.09969 3
