14.99323 55.00228 1
14.993137 55.00204 2
14.993049 55.00165 3
14.99355 55.001587 4
14.993696 55.00194 5
14.993824 55.00224 6
14.994535 55.0014 8
14.99402 55.001316 8A
14.99376 55.000904 9A
14.994456 55.00083 9B
14.993862 55.00068 10
14.994399 55.00055 11
14.995118 55.000244 12
14.995616 55.00031 13
14.995046 55.0006 14
14.995643 55.000816 15
14.99566 55.001106 16
14.995999 55.001804 17
14.995148 55.001583 18
14.995018 55.001892 19A
14.994951 55.00216 19B
14.995602 55.002445 21
14.995112 55.00304 23
14.994602 55.002666 24
14.993407 55.00273 25
14.992801 55.002888 26
14.992444 55.00303 27
14.996321 55.000034 29
14.994174 55.002026 7A
14.994238 55.00178 7B
14.995497 55.002224 20
14.995232 55.002712 22
14.709107 55.116043 1
