14.858706 55.08014 2
14.857377 55.084843 3
14.860721 55.080303 4
14.853446 55.08492 5
14.861714 55.083534 6
14.851995 55.085316 7
14.864273 55.08582 8
14.8497 55.08634 9
14.864087 55.086285 10
14.847988 55.085747 11
14.863958 55.086548 12
14.846603 55.09274 13
14.85709 55.089787 14
14.844046 55.093628 15
14.856262 55.091515 16
14.836677 55.09624 17
14.852368 55.091698 18
14.832965 55.096592 19
14.850829 55.090775 20
14.850188 55.091682 22
14.849493 55.092842 24
14.840439 55.0957 26
14.839547 55.096954 28
14.835174 55.099068 30
14.762701 55.118153 2
14.858706 55.08014 2
14.857377 55.084843 3
14.860721 55.080303 4
14.853446 55.08492 5
14.861714 55.083534 6
14.851995 55.085316 7
14.864273 55.08582 8
14.8497 55.08634 9
14.864087 55.086285 10
14.847988 55.085747 11
14.863958 55.086548 12
14.846603 55.09274 13
14.85709 55.089787 14
14.844046 55.093628 15
14.856262 55.091515 16
14.836677 55.09624 17
14.852368 55.091698 18
14.832965 55.096592 19
14.850829 55.090775 20
14.850188 55.091682 22
14.849493 55.092842 24
14.840439 55.0957 26
14.839547 55.096954 28
14.835174 55.099068 30
14.762701 55.118153 2
14.858706 55.08014 2
14.857377 55.084843 3
14.860721 55.080303 4
14.853446 55.08492 5
14.861714 55.083534 6
14.851995 55.085316 7
14.864273 55.08582 8
14.8497 55.08634 9
14.864087 55.086285 10
14.847988 55.085747 11
14.863958 55.086548 12
14.846603 55.09274 13
14.85709 55.089787 14
14.844046 55.093628 15
14.856262 55.091515 16
14.836677 55.09624 17
14.852368 55.091698 18
14.832965 55.096592 19
14.850829 55.090775 20
14.850188 55.091682 22
14.849493 55.092842 24
14.840439 55.0957 26
14.839547 55.096954 28
14.835174 55.099068 30
14.762701 55.118153 2
14.858706 55.08014 2
14.857377 55.084843 3
14.860721 55.080303 4
14.853446 55.08492 5
14.861714 55.083534 6
14.851995 55.085316 7
14.864273 55.08582 8
14.8497 55.08634 9
14.864087 55.086285 10
14.847988 55.085747 11
14.863958 55.086548 12
14.846603 55.09274 13
14.85709 55.089787 14
14.844046 55.093628 15
14.856262 55.091515 16
14.836677 55.09624 17
14.852368 55.091698 18
14.832965 55.096592 19
14.850829 55.090775 20
14.850188 55.091682 22
14.849493 55.092842 24
14.840439 55.0957 26
14.839547 55.096954 28
14.835174 55.099068 30
14.762701 55.118153 2
14.858706 55.08014 2
14.857377 55.084843 3
14.860721 55.080303 4
14.853446 55.08492 5
14.861714 55.083534 6
14.851995 55.085316 7
14.864273 55.08582 8
14.8497 55.08634 9
14.864087 55.086285 10
14.847988 55.085747 11
14.863958 55.086548 12
14.846603 55.09274 13
14.85709 55.089787 14
14.844046 55.093628 15
14.856262 55.091515 16
14.836677 55.09624 17
14.852368 55.091698 18
14.832965 55.096592 19
14.850829 55.090775 20
14.850188 55.091682 22
14.849493 55.092842 24
14.840439 55.0957 26
14.839547 55.096954 28
14.835174 55.099068 30
14.762701 55.118153 2
14.858706 55.08014 2
14.857377 55.084843 3
14.860721 55.080303 4
14.853446 55.08492 5
14.861714 55.083534 6
14.851995 55.085316 7
14.864273 55.08582 8
14.8497 55.08634 9
14.864087 55.086285 10
14.847988 55.085747 11
14.863958 55.086548 12
14.846603 55.09274 13
14.85709 55.089787 14
14.844046 55.093628 15
14.856262 55.091515 16
14.836677 55.09624 17
14.852368 55.091698 18
14.832965 55.096592 19
14.850829 55.090775 20
14.850188 55.091682 22
14.849493 55.092842 24
14.840439 55.0957 26
14.839547 55.096954 28
14.835174 55.099068 30
14.762701 55.118153 2
