14.980554 55.007385 4
14.981304 55.00758 6
14.981946 55.00761 8
14.982556 55.007637 10
14.98325 55.00768 12
14.983938 55.00771 14
14.984515 55.00774 16
14.985173 55.007496 20
14.980554 55.007385 4
14.981304 55.00758 6
14.981946 55.00761 8
14.982556 55.007637 10
14.98325 55.00768 12
14.983938 55.00771 14
14.984515 55.00774 16
14.985173 55.007496 20
14.980554 55.007385 4
14.981304 55.00758 6
14.981946 55.00761 8
14.982556 55.007637 10
14.98325 55.00768 12
14.983938 55.00771 14
14.984515 55.00774 16
14.985173 55.007496 20
14.980554 55.007385 4
14.981304 55.00758 6
14.981946 55.00761 8
14.982556 55.007637 10
14.98325 55.00768 12
14.983938 55.00771 14
14.984515 55.00774 16
14.985173 55.007496 20
14.980554 55.007385 4
14.981304 55.00758 6
14.981946 55.00761 8
14.982556 55.007637 10
14.98325 55.00768 12
14.983938 55.00771 14
14.984515 55.00774 16
14.985173 55.007496 20
14.980554 55.007385 4
14.981304 55.00758 6
14.981946 55.00761 8
14.982556 55.007637 10
14.98325 55.00768 12
14.983938 55.00771 14
14.984515 55.00774 16
14.985173 55.007496 20
