14.925537 55.06987 2
14.925985 55.070072 3
14.925657 55.069855 4
14.926104 55.070053 5
14.925917 55.069817 6
14.926039 55.069798 8
14.926302 55.06976 10
14.926431 55.06974 12
14.928087 55.069725 13
14.927923 55.06951 18
14.784133 55.283436 1A
14.925537 55.06987 2
14.925985 55.070072 3
14.925657 55.069855 4
14.926104 55.070053 5
14.925917 55.069817 6
14.926039 55.069798 8
14.926302 55.06976 10
14.926431 55.06974 12
14.928087 55.069725 13
14.927923 55.06951 18
14.784133 55.283436 1A
14.925537 55.06987 2
14.925985 55.070072 3
14.925657 55.069855 4
14.926104 55.070053 5
14.925917 55.069817 6
14.926039 55.069798 8
14.926302 55.06976 10
14.926431 55.06974 12
14.928087 55.069725 13
14.927923 55.06951 18
14.784133 55.283436 1A
14.925537 55.06987 2
14.925985 55.070072 3
14.925657 55.069855 4
14.926104 55.070053 5
14.925917 55.069817 6
14.926039 55.069798 8
14.926302 55.06976 10
14.926431 55.06974 12
14.928087 55.069725 13
14.927923 55.06951 18
14.784133 55.283436 1A
14.925537 55.06987 2
14.925985 55.070072 3
14.925657 55.069855 4
14.926104 55.070053 5
14.925917 55.069817 6
14.926039 55.069798 8
14.926302 55.06976 10
14.926431 55.06974 12
14.928087 55.069725 13
14.927923 55.06951 18
14.784133 55.283436 1A
14.925537 55.06987 2
14.925985 55.070072 3
14.925657 55.069855 4
14.926104 55.070053 5
14.925917 55.069817 6
14.926039 55.069798 8
14.926302 55.06976 10
14.926431 55.06974 12
14.928087 55.069725 13
14.927923 55.06951 18
14.784133 55.283436 1A
