14.962097 55.01061 4
14.962112 55.009167 5
14.962057 55.010326 6
14.961937 55.008717 7
14.961972 55.01004 8
14.961866 55.00829 9
14.961892 55.00979 10
14.961685 55.007847 11
14.961554 55.007385 13
14.961607 55.009163 14
14.961573 55.008892 16
14.961479 55.00862 18
14.961307 55.00835 20
14.961289 55.00805 22
14.961162 55.007774 24
14.961101 55.00745 26
14.962261 55.009598 3
14.782631 55.288067 1
14.962097 55.01061 4
14.962112 55.009167 5
14.962057 55.010326 6
14.961937 55.008717 7
14.961972 55.01004 8
14.961866 55.00829 9
14.961892 55.00979 10
14.961685 55.007847 11
14.961554 55.007385 13
14.961607 55.009163 14
14.961573 55.008892 16
14.961479 55.00862 18
14.961307 55.00835 20
14.961289 55.00805 22
14.961162 55.007774 24
14.961101 55.00745 26
14.962261 55.009598 3
14.782631 55.288067 1
14.962097 55.01061 4
14.962112 55.009167 5
14.962057 55.010326 6
14.961937 55.008717 7
14.961972 55.01004 8
14.961866 55.00829 9
14.961892 55.00979 10
14.961685 55.007847 11
14.961554 55.007385 13
14.961607 55.009163 14
14.961573 55.008892 16
14.961479 55.00862 18
14.961307 55.00835 20
14.961289 55.00805 22
14.961162 55.007774 24
14.961101 55.00745 26
14.962261 55.009598 3
14.782631 55.288067 1
14.962097 55.01061 4
14.962112 55.009167 5
14.962057 55.010326 6
14.961937 55.008717 7
14.961972 55.01004 8
14.961866 55.00829 9
14.961892 55.00979 10
14.961685 55.007847 11
14.961554 55.007385 13
14.961607 55.009163 14
14.961573 55.008892 16
14.961479 55.00862 18
14.961307 55.00835 20
14.961289 55.00805 22
14.961162 55.007774 24
14.961101 55.00745 26
14.962261 55.009598 3
14.782631 55.288067 1
14.962097 55.01061 4
14.962112 55.009167 5
14.962057 55.010326 6
14.961937 55.008717 7
14.961972 55.01004 8
14.961866 55.00829 9
14.961892 55.00979 10
14.961685 55.007847 11
14.961554 55.007385 13
14.961607 55.009163 14
14.961573 55.008892 16
14.961479 55.00862 18
14.961307 55.00835 20
14.961289 55.00805 22
14.961162 55.007774 24
14.961101 55.00745 26
14.962261 55.009598 3
14.782631 55.288067 1
14.962097 55.01061 4
14.962112 55.009167 5
14.962057 55.010326 6
14.961937 55.008717 7
14.961972 55.01004 8
14.961866 55.00829 9
14.961892 55.00979 10
14.961685 55.007847 11
14.961554 55.007385 13
14.961607 55.009163 14
14.961573 55.008892 16
14.961479 55.00862 18
14.961307 55.00835 20
14.961289 55.00805 22
14.961162 55.007774 24
14.961101 55.00745 26
14.962261 55.009598 3
14.782631 55.288067 1
