14.985718 55.01198 1
14.976251 55.014374 2
14.98266 55.011597 4
14.99511 55.008816 5
14.985214 55.010033 6
14.989859 55.00832 8
14.997088 55.008335 7
14.998371 55.008427 9
14.998593 55.00146 10
15.004509 55.001495 12
15.005287 55.001553 14
15.011908 55.002014 16
14.993208 55.009445 3
15.014599 55.002117 18
14.985718 55.01198 1
14.976251 55.014374 2
14.98266 55.011597 4
14.99511 55.008816 5
14.985214 55.010033 6
14.989859 55.00832 8
14.997088 55.008335 7
14.998371 55.008427 9
14.998593 55.00146 10
15.004509 55.001495 12
15.005287 55.001553 14
15.011908 55.002014 16
14.993208 55.009445 3
15.014599 55.002117 18
14.985718 55.01198 1
14.976251 55.014374 2
14.98266 55.011597 4
14.99511 55.008816 5
14.985214 55.010033 6
14.989859 55.00832 8
14.997088 55.008335 7
14.998371 55.008427 9
14.998593 55.00146 10
15.004509 55.001495 12
15.005287 55.001553 14
15.011908 55.002014 16
14.993208 55.009445 3
15.014599 55.002117 18
14.985718 55.01198 1
14.976251 55.014374 2
14.98266 55.011597 4
14.99511 55.008816 5
14.985214 55.010033 6
14.989859 55.00832 8
14.997088 55.008335 7
14.998371 55.008427 9
14.998593 55.00146 10
15.004509 55.001495 12
15.005287 55.001553 14
15.011908 55.002014 16
14.993208 55.009445 3
15.014599 55.002117 18
14.985718 55.01198 1
14.976251 55.014374 2
14.98266 55.011597 4
14.99511 55.008816 5
14.985214 55.010033 6
14.989859 55.00832 8
14.997088 55.008335 7
14.998371 55.008427 9
14.998593 55.00146 10
15.004509 55.001495 12
15.005287 55.001553 14
15.011908 55.002014 16
14.993208 55.009445 3
15.014599 55.002117 18
14.985718 55.01198 1
14.976251 55.014374 2
14.98266 55.011597 4
14.99511 55.008816 5
14.985214 55.010033 6
14.989859 55.00832 8
14.997088 55.008335 7
14.998371 55.008427 9
14.998593 55.00146 10
15.004509 55.001495 12
15.005287 55.001553 14
15.011908 55.002014 16
14.993208 55.009445 3
15.014599 55.002117 18
