14.921018 55.07145 6
14.921387 55.071716 7
14.921174 55.07147 8
14.92149 55.071716 9
14.921268 55.07148 10
14.921627 55.071716 11
14.921543 55.071507 14
14.92237 55.071728 15
14.921744 55.07152 16
14.922727 55.07175 17
14.923093 55.071674 19
14.922075 55.071552 20
14.923228 55.071644 21
14.922065 55.071365 22
14.923438 55.071632 23
14.923451 55.071423 24
14.923605 55.07159 25
14.923666 55.071377 26
14.923792 55.071346 28
14.923924 55.0715 29
14.921407 55.07149 12
14.708018 55.10091 1A
14.921018 55.07145 6
14.921387 55.071716 7
14.921174 55.07147 8
14.92149 55.071716 9
14.921268 55.07148 10
14.921627 55.071716 11
14.921543 55.071507 14
14.92237 55.071728 15
14.921744 55.07152 16
14.922727 55.07175 17
14.923093 55.071674 19
14.922075 55.071552 20
14.923228 55.071644 21
14.922065 55.071365 22
14.923438 55.071632 23
14.923451 55.071423 24
14.923605 55.07159 25
14.923666 55.071377 26
14.923792 55.071346 28
14.923924 55.0715 29
14.921407 55.07149 12
14.708018 55.10091 1A
14.921018 55.07145 6
14.921387 55.071716 7
14.921174 55.07147 8
14.92149 55.071716 9
14.921268 55.07148 10
14.921627 55.071716 11
14.921543 55.071507 14
14.92237 55.071728 15
14.921744 55.07152 16
14.922727 55.07175 17
14.923093 55.071674 19
14.922075 55.071552 20
14.923228 55.071644 21
14.922065 55.071365 22
14.923438 55.071632 23
14.923451 55.071423 24
14.923605 55.07159 25
14.923666 55.071377 26
14.923792 55.071346 28
14.923924 55.0715 29
14.921407 55.07149 12
14.708018 55.10091 1A
14.921018 55.07145 6
14.921387 55.071716 7
14.921174 55.07147 8
14.92149 55.071716 9
14.921268 55.07148 10
14.921627 55.071716 11
14.921543 55.071507 14
14.92237 55.071728 15
14.921744 55.07152 16
14.922727 55.07175 17
14.923093 55.071674 19
14.922075 55.071552 20
14.923228 55.071644 21
14.922065 55.071365 22
14.923438 55.071632 23
14.923451 55.071423 24
14.923605 55.07159 25
14.923666 55.071377 26
14.923792 55.071346 28
14.923924 55.0715 29
14.921407 55.07149 12
14.708018 55.10091 1A
14.921018 55.07145 6
14.921387 55.071716 7
14.921174 55.07147 8
14.92149 55.071716 9
14.921268 55.07148 10
14.921627 55.071716 11
14.921543 55.071507 14
14.92237 55.071728 15
14.921744 55.07152 16
14.922727 55.07175 17
14.923093 55.071674 19
14.922075 55.071552 20
14.923228 55.071644 21
14.922065 55.071365 22
14.923438 55.071632 23
14.923451 55.071423 24
14.923605 55.07159 25
14.923666 55.071377 26
14.923792 55.071346 28
14.923924 55.0715 29
14.921407 55.07149 12
14.708018 55.10091 1A
14.921018 55.07145 6
14.921387 55.071716 7
14.921174 55.07147 8
14.92149 55.071716 9
14.921268 55.07148 10
14.921627 55.071716 11
14.921543 55.071507 14
14.92237 55.071728 15
14.921744 55.07152 16
14.922727 55.07175 17
14.923093 55.071674 19
14.922075 55.071552 20
14.923228 55.071644 21
14.922065 55.071365 22
14.923438 55.071632 23
14.923451 55.071423 24
14.923605 55.07159 25
14.923666 55.071377 26
14.923792 55.071346 28
14.923924 55.0715 29
14.921407 55.07149 12
14.708018 55.10091 1A
