14.918252 55.068558 2
14.918653 55.06893 2B
14.918528 55.068703 2C
14.919059 55.068523 3
14.918543 55.06815 4
14.919142 55.06831 5
14.917976 55.068214 6
14.919026 55.068104 7
14.917531 55.068363 8
14.919147 55.067917 9
14.917223 55.06852 10
14.91928 55.06768 11
14.917501 55.06879 12
14.918632 55.06765 13
14.916862 55.068657 14
14.9182 55.06769 15
14.917989 55.0678 17
14.917783 55.067905 19
14.917578 55.068012 21
14.91737 55.06812 23
14.917162 55.068226 25
14.916957 55.06833 27
14.916749 55.068436 29
14.916286 55.06863 31
14.91867 55.06912 2A
