14.800861 55.055904 17
14.808339 55.05332 19
14.807892 55.055004 21
14.808169 55.055004 21B
14.807603 55.055008 21C
14.807247 55.054977 21F
14.822545 55.05258 23
14.841059 55.0464 27
14.848121 55.046753 29
14.86599 55.044296 31
14.868048 55.043835 33
14.871973 55.043163 35
14.803182 55.052315 36
14.803606 55.052113 38
14.87437 55.04269 39
14.876743 55.04492 41
14.807776 55.051132 44
14.876437 55.04258 45
14.890533 55.039665 47
14.908463 55.037346 49
14.910097 55.03599 51
14.922925 55.033833 55
14.813583 55.049984 58
14.951184 55.029953 59
14.813215 55.0494 60
14.954295 55.02928 61
14.81344 55.049072 62
14.968486 55.02924 63
14.976535 55.026707 63K
14.815574 55.050213 64
14.985199 55.026237 65
14.987411 55.026268 67
14.989739 55.026253 69
14.995609 55.02678 71
14.839899 55.046017 72
15.007071 55.02341 73
14.840188 55.045498 74
15.004294 55.020752 75
14.840214 55.044834 76
14.847509 55.046295 78
14.846266 55.044315 80
14.848963 55.044033 82
14.847366 55.04302 84
14.847255 55.042747 86
14.846404 55.042778 86A
14.847931 55.042397 88
14.857491 55.04554 90
14.861273 55.04485 92
14.860452 55.04175 94
14.849936 55.043205 96
14.848963 55.04215 98
14.861993 55.03998 100
14.870537 55.03745 102
14.873277 55.03693 104
14.877324 55.041023 106
14.877575 55.041687 106V
14.879981 55.038574 108
14.879722 55.03714 110
14.880544 55.041115 112
14.884057 55.040462 114
14.884751 55.0388 118
14.884436 55.037846 120
14.883829 55.033573 122
14.891181 55.035213 124
14.896344 55.035175 124T
14.888915 55.032444 126
14.889655 55.03165 128
14.894911 55.031147 130
14.894677 55.030823 132
14.894523 55.030502 134
14.89383 55.029213 136
14.893835 55.02871 138
14.894006 55.028088 140
14.89796 55.0375 142
14.902085 55.029987 144
14.898123 55.03057 144U
14.900558 55.026855 146
14.898385 55.026787 148
14.900353 55.026264 150
14.901871 55.025555 152
14.901469 55.025112 154
14.901287 55.02465 156
14.89989 55.02511 158
14.904531 55.03346 160
14.908638 55.03591 162
14.915246 55.035034 164
14.924067 55.03303 168
14.914964 55.025734 170
14.925023 55.030518 172
14.925977 55.032364 174
14.926473 55.03068 176
14.924259 55.02494 178
14.931401 55.024666 180
14.934722 55.025208 182
14.933441 55.02418 184
14.940709 55.024998 186
14.948575 55.023438 186J
14.955474 55.02871 188
14.954415 55.021076 190
14.955157 55.02082 192
14.951472 55.020077 194
14.950017 55.018723 196
14.965719 55.02801 198
14.965314 55.02332 200
14.967992 55.02482 202
14.970887 55.024963 204
14.970731 55.024525 206
14.971827 55.027256 208
14.971972 55.02659 208M
14.973003 55.026794 210
14.976973 55.025032 212
14.97981 55.023537 216
14.985605 55.025883 218
14.986689 55.025806 220
14.997554 55.02298 222
15.004983 55.018715 224
14.900516 55.028168 144R
15.010952 55.020344 77
14.971219 55.025333 204B
14.892502 55.03595 124B
14.929484 55.029343 178B
14.805853 55.051468 40
14.808054 55.05108 46
14.84782 55.046387 78A
14.876476 55.042282 43
14.948681 55.029114 57
14.800861 55.055904 17
14.808339 55.05332 19
14.807892 55.055004 21
14.808169 55.055004 21B
14.807603 55.055008 21C
14.807247 55.054977 21F
14.822545 55.05258 23
14.841059 55.0464 27
14.848121 55.046753 29
14.86599 55.044296 31
14.868048 55.043835 33
14.871973 55.043163 35
14.803182 55.052315 36
14.803606 55.052113 38
14.87437 55.04269 39
14.876743 55.04492 41
14.807776 55.051132 44
14.876437 55.04258 45
14.890533 55.039665 47
14.908463 55.037346 49
14.910097 55.03599 51
14.922925 55.033833 55
14.813583 55.049984 58
14.951184 55.029953 59
14.813215 55.0494 60
14.954295 55.02928 61
14.81344 55.049072 62
14.968486 55.02924 63
14.976535 55.026707 63K
14.815574 55.050213 64
14.985199 55.026237 65
14.987411 55.026268 67
14.989739 55.026253 69
14.995609 55.02678 71
14.839899 55.046017 72
15.007071 55.02341 73
14.840188 55.045498 74
15.004294 55.020752 75
14.840214 55.044834 76
14.847509 55.046295 78
14.846266 55.044315 80
14.848963 55.044033 82
14.847366 55.04302 84
14.847255 55.042747 86
14.846404 55.042778 86A
14.847931 55.042397 88
14.857491 55.04554 90
14.861273 55.04485 92
14.860452 55.04175 94
14.849936 55.043205 96
14.848963 55.04215 98
14.861993 55.03998 100
14.870537 55.03745 102
14.873277 55.03693 104
14.877324 55.041023 106
14.877575 55.041687 106V
14.879981 55.038574 108
14.879722 55.03714 110
14.880544 55.041115 112
14.884057 55.040462 114
14.884751 55.0388 118
14.884436 55.037846 120
14.883829 55.033573 122
14.891181 55.035213 124
14.896344 55.035175 124T
14.888915 55.032444 126
14.889655 55.03165 128
14.894911 55.031147 130
14.894677 55.030823 132
14.894523 55.030502 134
14.89383 55.029213 136
14.893835 55.02871 138
14.894006 55.028088 140
14.89796 55.0375 142
14.902085 55.029987 144
14.898123 55.03057 144U
14.900558 55.026855 146
14.898385 55.026787 148
14.900353 55.026264 150
14.901871 55.025555 152
14.901469 55.025112 154
14.901287 55.02465 156
14.89989 55.02511 158
14.904531 55.03346 160
14.908638 55.03591 162
14.915246 55.035034 164
14.924067 55.03303 168
14.914964 55.025734 170
14.925023 55.030518 172
14.925977 55.032364 174
14.926473 55.03068 176
14.924259 55.02494 178
14.931401 55.024666 180
14.934722 55.025208 182
14.933441 55.02418 184
14.940709 55.024998 186
14.948575 55.023438 186J
14.955474 55.02871 188
14.954415 55.021076 190
14.955157 55.02082 192
14.951472 55.020077 194
14.950017 55.018723 196
14.965719 55.02801 198
14.965314 55.02332 200
14.967992 55.02482 202
14.970887 55.024963 204
14.970731 55.024525 206
14.971827 55.027256 208
14.971972 55.02659 208M
14.973003 55.026794 210
14.976973 55.025032 212
14.97981 55.023537 216
14.985605 55.025883 218
14.986689 55.025806 220
14.997554 55.02298 222
15.004983 55.018715 224
14.900516 55.028168 144R
15.010952 55.020344 77
14.971219 55.025333 204B
14.892502 55.03595 124B
14.929484 55.029343 178B
14.805853 55.051468 40
14.808054 55.05108 46
14.84782 55.046387 78A
14.876476 55.042282 43
14.948681 55.029114 57
14.800861 55.055904 17
14.808339 55.05332 19
14.807892 55.055004 21
14.808169 55.055004 21B
14.807603 55.055008 21C
14.807247 55.054977 21F
14.822545 55.05258 23
14.841059 55.0464 27
14.848121 55.046753 29
14.86599 55.044296 31
14.868048 55.043835 33
14.871973 55.043163 35
14.803182 55.052315 36
14.803606 55.052113 38
14.87437 55.04269 39
14.876743 55.04492 41
14.807776 55.051132 44
14.876437 55.04258 45
14.890533 55.039665 47
14.908463 55.037346 49
14.910097 55.03599 51
14.922925 55.033833 55
14.813583 55.049984 58
14.951184 55.029953 59
14.813215 55.0494 60
14.954295 55.02928 61
14.81344 55.049072 62
14.968486 55.02924 63
14.976535 55.026707 63K
14.815574 55.050213 64
14.985199 55.026237 65
14.987411 55.026268 67
14.989739 55.026253 69
14.995609 55.02678 71
14.839899 55.046017 72
15.007071 55.02341 73
14.840188 55.045498 74
15.004294 55.020752 75
14.840214 55.044834 76
14.847509 55.046295 78
14.846266 55.044315 80
14.848963 55.044033 82
14.847366 55.04302 84
14.847255 55.042747 86
14.846404 55.042778 86A
14.847931 55.042397 88
14.857491 55.04554 90
14.861273 55.04485 92
14.860452 55.04175 94
14.849936 55.043205 96
14.848963 55.04215 98
14.861993 55.03998 100
14.870537 55.03745 102
14.873277 55.03693 104
14.877324 55.041023 106
14.877575 55.041687 106V
14.879981 55.038574 108
14.879722 55.03714 110
14.880544 55.041115 112
14.884057 55.040462 114
14.884751 55.0388 118
14.884436 55.037846 120
14.883829 55.033573 122
14.891181 55.035213 124
14.896344 55.035175 124T
14.888915 55.032444 126
14.889655 55.03165 128
14.894911 55.031147 130
14.894677 55.030823 132
14.894523 55.030502 134
14.89383 55.029213 136
14.893835 55.02871 138
14.894006 55.028088 140
14.89796 55.0375 142
14.902085 55.029987 144
14.898123 55.03057 144U
14.900558 55.026855 146
14.898385 55.026787 148
14.900353 55.026264 150
14.901871 55.025555 152
14.901469 55.025112 154
14.901287 55.02465 156
14.89989 55.02511 158
14.904531 55.03346 160
14.908638 55.03591 162
14.915246 55.035034 164
14.924067 55.03303 168
14.914964 55.025734 170
14.925023 55.030518 172
14.925977 55.032364 174
14.926473 55.03068 176
14.924259 55.02494 178
14.931401 55.024666 180
14.934722 55.025208 182
14.933441 55.02418 184
14.940709 55.024998 186
14.948575 55.023438 186J
14.955474 55.02871 188
14.954415 55.021076 190
14.955157 55.02082 192
14.951472 55.020077 194
14.950017 55.018723 196
14.965719 55.02801 198
14.965314 55.02332 200
14.967992 55.02482 202
14.970887 55.024963 204
14.970731 55.024525 206
14.971827 55.027256 208
14.971972 55.02659 208M
14.973003 55.026794 210
14.976973 55.025032 212
14.97981 55.023537 216
14.985605 55.025883 218
14.986689 55.025806 220
14.997554 55.02298 222
15.004983 55.018715 224
14.900516 55.028168 144R
15.010952 55.020344 77
14.971219 55.025333 204B
14.892502 55.03595 124B
14.929484 55.029343 178B
14.805853 55.051468 40
14.808054 55.05108 46
14.84782 55.046387 78A
14.876476 55.042282 43
14.948681 55.029114 57
14.800861 55.055904 17
14.808339 55.05332 19
14.807892 55.055004 21
14.808169 55.055004 21B
14.807603 55.055008 21C
14.807247 55.054977 21F
14.822545 55.05258 23
14.841059 55.0464 27
14.848121 55.046753 29
14.86599 55.044296 31
14.868048 55.043835 33
14.871973 55.043163 35
14.803182 55.052315 36
14.803606 55.052113 38
14.87437 55.04269 39
14.876743 55.04492 41
14.807776 55.051132 44
14.876437 55.04258 45
14.890533 55.039665 47
14.908463 55.037346 49
14.910097 55.03599 51
14.922925 55.033833 55
14.813583 55.049984 58
14.951184 55.029953 59
14.813215 55.0494 60
14.954295 55.02928 61
14.81344 55.049072 62
14.968486 55.02924 63
14.976535 55.026707 63K
14.815574 55.050213 64
14.985199 55.026237 65
14.987411 55.026268 67
14.989739 55.026253 69
14.995609 55.02678 71
14.839899 55.046017 72
15.007071 55.02341 73
14.840188 55.045498 74
15.004294 55.020752 75
14.840214 55.044834 76
14.847509 55.046295 78
14.846266 55.044315 80
14.848963 55.044033 82
14.847366 55.04302 84
14.847255 55.042747 86
14.846404 55.042778 86A
14.847931 55.042397 88
14.857491 55.04554 90
14.861273 55.04485 92
14.860452 55.04175 94
14.849936 55.043205 96
14.848963 55.04215 98
14.861993 55.03998 100
14.870537 55.03745 102
14.873277 55.03693 104
14.877324 55.041023 106
14.877575 55.041687 106V
14.879981 55.038574 108
14.879722 55.03714 110
14.880544 55.041115 112
14.884057 55.040462 114
14.884751 55.0388 118
14.884436 55.037846 120
14.883829 55.033573 122
14.891181 55.035213 124
14.896344 55.035175 124T
14.888915 55.032444 126
14.889655 55.03165 128
14.894911 55.031147 130
14.894677 55.030823 132
14.894523 55.030502 134
14.89383 55.029213 136
14.893835 55.02871 138
14.894006 55.028088 140
14.89796 55.0375 142
14.902085 55.029987 144
14.898123 55.03057 144U
14.900558 55.026855 146
14.898385 55.026787 148
14.900353 55.026264 150
14.901871 55.025555 152
14.901469 55.025112 154
14.901287 55.02465 156
14.89989 55.02511 158
14.904531 55.03346 160
14.908638 55.03591 162
14.915246 55.035034 164
14.924067 55.03303 168
14.914964 55.025734 170
14.925023 55.030518 172
14.925977 55.032364 174
14.926473 55.03068 176
14.924259 55.02494 178
14.931401 55.024666 180
14.934722 55.025208 182
14.933441 55.02418 184
14.940709 55.024998 186
14.948575 55.023438 186J
14.955474 55.02871 188
14.954415 55.021076 190
14.955157 55.02082 192
14.951472 55.020077 194
14.950017 55.018723 196
14.965719 55.02801 198
14.965314 55.02332 200
14.967992 55.02482 202
14.970887 55.024963 204
14.970731 55.024525 206
14.971827 55.027256 208
14.971972 55.02659 208M
14.973003 55.026794 210
14.976973 55.025032 212
14.97981 55.023537 216
14.985605 55.025883 218
14.986689 55.025806 220
14.997554 55.02298 222
15.004983 55.018715 224
14.900516 55.028168 144R
15.010952 55.020344 77
14.971219 55.025333 204B
14.892502 55.03595 124B
14.929484 55.029343 178B
14.805853 55.051468 40
14.808054 55.05108 46
14.84782 55.046387 78A
14.876476 55.042282 43
14.948681 55.029114 57
14.800861 55.055904 17
14.808339 55.05332 19
14.807892 55.055004 21
14.808169 55.055004 21B
14.807603 55.055008 21C
14.807247 55.054977 21F
14.822545 55.05258 23
14.841059 55.0464 27
14.848121 55.046753 29
14.86599 55.044296 31
14.868048 55.043835 33
14.871973 55.043163 35
14.803182 55.052315 36
14.803606 55.052113 38
14.87437 55.04269 39
14.876743 55.04492 41
14.807776 55.051132 44
14.876437 55.04258 45
14.890533 55.039665 47
14.908463 55.037346 49
14.910097 55.03599 51
14.922925 55.033833 55
14.813583 55.049984 58
14.951184 55.029953 59
14.813215 55.0494 60
14.954295 55.02928 61
14.81344 55.049072 62
14.968486 55.02924 63
14.976535 55.026707 63K
14.815574 55.050213 64
14.985199 55.026237 65
14.987411 55.026268 67
14.989739 55.026253 69
14.995609 55.02678 71
14.839899 55.046017 72
15.007071 55.02341 73
14.840188 55.045498 74
15.004294 55.020752 75
14.840214 55.044834 76
14.847509 55.046295 78
14.846266 55.044315 80
14.848963 55.044033 82
14.847366 55.04302 84
14.847255 55.042747 86
14.846404 55.042778 86A
14.847931 55.042397 88
14.857491 55.04554 90
14.861273 55.04485 92
14.860452 55.04175 94
14.849936 55.043205 96
14.848963 55.04215 98
14.861993 55.03998 100
14.870537 55.03745 102
14.873277 55.03693 104
14.877324 55.041023 106
14.877575 55.041687 106V
14.879981 55.038574 108
14.879722 55.03714 110
14.880544 55.041115 112
14.884057 55.040462 114
14.884751 55.0388 118
14.884436 55.037846 120
14.883829 55.033573 122
14.891181 55.035213 124
14.896344 55.035175 124T
14.888915 55.032444 126
14.889655 55.03165 128
14.894911 55.031147 130
14.894677 55.030823 132
14.894523 55.030502 134
14.89383 55.029213 136
14.893835 55.02871 138
14.894006 55.028088 140
14.89796 55.0375 142
14.902085 55.029987 144
14.898123 55.03057 144U
14.900558 55.026855 146
14.898385 55.026787 148
14.900353 55.026264 150
14.901871 55.025555 152
14.901469 55.025112 154
14.901287 55.02465 156
14.89989 55.02511 158
14.904531 55.03346 160
14.908638 55.03591 162
14.915246 55.035034 164
14.924067 55.03303 168
14.914964 55.025734 170
14.925023 55.030518 172
14.925977 55.032364 174
14.926473 55.03068 176
14.924259 55.02494 178
14.931401 55.024666 180
14.934722 55.025208 182
14.933441 55.02418 184
14.940709 55.024998 186
14.948575 55.023438 186J
14.955474 55.02871 188
14.954415 55.021076 190
14.955157 55.02082 192
14.951472 55.020077 194
14.950017 55.018723 196
14.965719 55.02801 198
14.965314 55.02332 200
14.967992 55.02482 202
14.970887 55.024963 204
14.970731 55.024525 206
14.971827 55.027256 208
14.971972 55.02659 208M
14.973003 55.026794 210
14.976973 55.025032 212
14.97981 55.023537 216
14.985605 55.025883 218
14.986689 55.025806 220
14.997554 55.02298 222
15.004983 55.018715 224
14.900516 55.028168 144R
15.010952 55.020344 77
14.971219 55.025333 204B
14.892502 55.03595 124B
14.929484 55.029343 178B
14.805853 55.051468 40
14.808054 55.05108 46
14.84782 55.046387 78A
14.876476 55.042282 43
14.948681 55.029114 57
14.800861 55.055904 17
14.808339 55.05332 19
14.807892 55.055004 21
14.808169 55.055004 21B
14.807603 55.055008 21C
14.807247 55.054977 21F
14.822545 55.05258 23
14.841059 55.0464 27
14.848121 55.046753 29
14.86599 55.044296 31
14.868048 55.043835 33
14.871973 55.043163 35
14.803182 55.052315 36
14.803606 55.052113 38
14.87437 55.04269 39
14.876743 55.04492 41
14.807776 55.051132 44
14.876437 55.04258 45
14.890533 55.039665 47
14.908463 55.037346 49
14.910097 55.03599 51
14.922925 55.033833 55
14.813583 55.049984 58
14.951184 55.029953 59
14.813215 55.0494 60
14.954295 55.02928 61
14.81344 55.049072 62
14.968486 55.02924 63
14.976535 55.026707 63K
14.815574 55.050213 64
14.985199 55.026237 65
14.987411 55.026268 67
14.989739 55.026253 69
14.995609 55.02678 71
14.839899 55.046017 72
15.007071 55.02341 73
14.840188 55.045498 74
15.004294 55.020752 75
14.840214 55.044834 76
14.847509 55.046295 78
14.846266 55.044315 80
14.848963 55.044033 82
14.847366 55.04302 84
14.847255 55.042747 86
14.846404 55.042778 86A
14.847931 55.042397 88
14.857491 55.04554 90
14.861273 55.04485 92
14.860452 55.04175 94
14.849936 55.043205 96
14.848963 55.04215 98
14.861993 55.03998 100
14.870537 55.03745 102
14.873277 55.03693 104
14.877324 55.041023 106
14.877575 55.041687 106V
14.879981 55.038574 108
14.879722 55.03714 110
14.880544 55.041115 112
14.884057 55.040462 114
14.884751 55.0388 118
14.884436 55.037846 120
14.883829 55.033573 122
14.891181 55.035213 124
14.896344 55.035175 124T
14.888915 55.032444 126
14.889655 55.03165 128
14.894911 55.031147 130
14.894677 55.030823 132
14.894523 55.030502 134
14.89383 55.029213 136
14.893835 55.02871 138
14.894006 55.028088 140
14.89796 55.0375 142
14.902085 55.029987 144
14.898123 55.03057 144U
14.900558 55.026855 146
14.898385 55.026787 148
14.900353 55.026264 150
14.901871 55.025555 152
14.901469 55.025112 154
14.901287 55.02465 156
14.89989 55.02511 158
14.904531 55.03346 160
14.908638 55.03591 162
14.915246 55.035034 164
14.924067 55.03303 168
14.914964 55.025734 170
14.925023 55.030518 172
14.925977 55.032364 174
14.926473 55.03068 176
14.924259 55.02494 178
14.931401 55.024666 180
14.934722 55.025208 182
14.933441 55.02418 184
14.940709 55.024998 186
14.948575 55.023438 186J
14.955474 55.02871 188
14.954415 55.021076 190
14.955157 55.02082 192
14.951472 55.020077 194
14.950017 55.018723 196
14.965719 55.02801 198
14.965314 55.02332 200
14.967992 55.02482 202
14.970887 55.024963 204
14.970731 55.024525 206
14.971827 55.027256 208
14.971972 55.02659 208M
14.973003 55.026794 210
14.976973 55.025032 212
14.97981 55.023537 216
14.985605 55.025883 218
14.986689 55.025806 220
14.997554 55.02298 222
15.004983 55.018715 224
14.900516 55.028168 144R
15.010952 55.020344 77
14.971219 55.025333 204B
14.892502 55.03595 124B
14.929484 55.029343 178B
14.805853 55.051468 40
14.808054 55.05108 46
14.84782 55.046387 78A
14.876476 55.042282 43
14.948681 55.029114 57
