14.920798 55.070564 2
14.921114 55.070683 3
14.920966 55.070515 4
14.921348 55.07068 5
14.921033 55.070423 6
14.921565 55.070675 7
14.920885 55.070404 8
14.921861 55.070683 9
14.920753 55.0704 10
14.92069 55.07031 12
14.92113 55.070297 16
14.92122 55.070156 18
14.920907 55.070168 20
14.921399 55.070137 22
14.921463 55.070305 24
14.921693 55.070354 26
14.92198 55.070328 28
14.922057 55.07043 30
14.921791 55.070667 9B
14.920798 55.070564 2
14.921114 55.070683 3
14.920966 55.070515 4
14.921348 55.07068 5
14.921033 55.070423 6
14.921565 55.070675 7
14.920885 55.070404 8
14.921861 55.070683 9
14.920753 55.0704 10
14.92069 55.07031 12
14.92113 55.070297 16
14.92122 55.070156 18
14.920907 55.070168 20
14.921399 55.070137 22
14.921463 55.070305 24
14.921693 55.070354 26
14.92198 55.070328 28
14.922057 55.07043 30
14.921791 55.070667 9B
14.920798 55.070564 2
14.921114 55.070683 3
14.920966 55.070515 4
14.921348 55.07068 5
14.921033 55.070423 6
14.921565 55.070675 7
14.920885 55.070404 8
14.921861 55.070683 9
14.920753 55.0704 10
14.92069 55.07031 12
14.92113 55.070297 16
14.92122 55.070156 18
14.920907 55.070168 20
14.921399 55.070137 22
14.921463 55.070305 24
14.921693 55.070354 26
14.92198 55.070328 28
14.922057 55.07043 30
14.921791 55.070667 9B
14.920798 55.070564 2
14.921114 55.070683 3
14.920966 55.070515 4
14.921348 55.07068 5
14.921033 55.070423 6
14.921565 55.070675 7
14.920885 55.070404 8
14.921861 55.070683 9
14.920753 55.0704 10
14.92069 55.07031 12
14.92113 55.070297 16
14.92122 55.070156 18
14.920907 55.070168 20
14.921399 55.070137 22
14.921463 55.070305 24
14.921693 55.070354 26
14.92198 55.070328 28
14.922057 55.07043 30
14.921791 55.070667 9B
14.920798 55.070564 2
14.921114 55.070683 3
14.920966 55.070515 4
14.921348 55.07068 5
14.921033 55.070423 6
14.921565 55.070675 7
14.920885 55.070404 8
14.921861 55.070683 9
14.920753 55.0704 10
14.92069 55.07031 12
14.92113 55.070297 16
14.92122 55.070156 18
14.920907 55.070168 20
14.921399 55.070137 22
14.921463 55.070305 24
14.921693 55.070354 26
14.92198 55.070328 28
14.922057 55.07043 30
14.921791 55.070667 9B
14.920798 55.070564 2
14.921114 55.070683 3
14.920966 55.070515 4
14.921348 55.07068 5
14.921033 55.070423 6
14.921565 55.070675 7
14.920885 55.070404 8
14.921861 55.070683 9
14.920753 55.0704 10
14.92069 55.07031 12
14.92113 55.070297 16
14.92122 55.070156 18
14.920907 55.070168 20
14.921399 55.070137 22
14.921463 55.070305 24
14.921693 55.070354 26
14.92198 55.070328 28
14.922057 55.07043 30
14.921791 55.070667 9B
