14.991522 55.0253 1
14.991134 55.025234 2
14.991602 55.024933 3
14.991239 55.02456 4
14.991651 55.024784 5
14.991253 55.024395 6
14.991659 55.0246 7
14.991454 55.02407 8
14.992188 55.024403 9
14.991522 55.0253 1
14.991134 55.025234 2
14.991602 55.024933 3
14.991239 55.02456 4
14.991651 55.024784 5
14.991253 55.024395 6
14.991659 55.0246 7
14.991454 55.02407 8
14.992188 55.024403 9
14.991522 55.0253 1
14.991134 55.025234 2
14.991602 55.024933 3
14.991239 55.02456 4
14.991651 55.024784 5
14.991253 55.024395 6
14.991659 55.0246 7
14.991454 55.02407 8
14.992188 55.024403 9
14.991522 55.0253 1
14.991134 55.025234 2
14.991602 55.024933 3
14.991239 55.02456 4
14.991651 55.024784 5
14.991253 55.024395 6
14.991659 55.0246 7
14.991454 55.02407 8
14.992188 55.024403 9
14.991522 55.0253 1
14.991134 55.025234 2
14.991602 55.024933 3
14.991239 55.02456 4
14.991651 55.024784 5
14.991253 55.024395 6
14.991659 55.0246 7
14.991454 55.02407 8
14.992188 55.024403 9
14.991522 55.0253 1
14.991134 55.025234 2
14.991602 55.024933 3
14.991239 55.02456 4
14.991651 55.024784 5
14.991253 55.024395 6
14.991659 55.0246 7
14.991454 55.02407 8
14.992188 55.024403 9
