14.908675 55.067738 2
14.907556 55.067905 3
14.909069 55.067677 4
14.907269 55.06795 5
14.909442 55.067623 6
14.907395 55.068188 7
14.909514 55.06788 8
14.907751 55.068172 9
14.909194 55.067936 10
14.908101 55.06818 11
14.908805 55.068 12
14.908243 55.068474 13
14.908961 55.068405 14
14.907945 55.06852 15
14.909334 55.06835 16
14.909642 55.068287 18
14.90762 55.068886 19
14.909817 55.06861 20
14.908049 55.068825 21
14.909449 55.068638 22
14.908479 55.068733 23
14.909132 55.06867 24
14.90855 55.06909 25
14.909202 55.06901 26
14.908075 55.069122 27
14.909606 55.06899 28
14.90779 55.069145 29
14.910034 55.068947 30
14.907843 55.069405 31
14.910093 55.069305 32
14.90823 55.069336 33
14.909676 55.06925 34
14.908612 55.06941 35
14.909215 55.069344 36
14.908748 55.069622 37
14.909173 55.06959 38
14.90854 55.069656 39
14.909417 55.06959 40
14.908283 55.06967 41
14.909675 55.069584 42
14.90803 55.06968 43
14.909888 55.069546 44
14.907789 55.06969 45
14.9101 55.06953 46
14.907796 55.0699 47
14.910226 55.069733 48
14.908048 55.06988 49
14.910013 55.069748 50
14.908307 55.069862 51
14.909781 55.069744 52
14.908576 55.06983 53
14.909471 55.069756 54
14.908784 55.069798 55
14.909216 55.069775 56
14.908992 55.069763 57
14.907498 55.068584 17
15.114987 55.023792 1A
