14.962212 55.013466 3
14.967297 55.014713 4
14.960632 55.013714 5
14.965334 55.016483 6
14.958747 55.012726 7
14.957019 55.012585 7U
14.964573 55.013676 8
14.956924 55.014427 9
14.953515 55.011486 11
14.953382 55.011204 13
14.953276 55.010498 15
14.953056 55.01392 17
14.952199 55.011078 19
14.951409 55.010574 21
14.950869 55.012466 23
14.950458 55.013638 25
14.95962 55.014393 26
14.950027 55.01316 27
14.960154 55.01524 28
14.949743 55.01279 29
14.961686 55.016033 30
14.950185 55.012558 31
14.956852 55.01597 32
14.954334 55.01484 34
14.955648 55.015556 36
14.956017 55.017876 38
14.730086 55.091885 2
