14.904999 55.06825 3
14.906089 55.068104 4
14.904711 55.068317 5
14.906501 55.06806 6
14.904434 55.068356 7
14.906612 55.06832 8
14.904223 55.06838 9
14.906235 55.06845 10
14.904315 55.06859 11
14.905837 55.068466 12
14.904551 55.068607 13
14.905809 55.06883 14
14.904827 55.06857 15
14.906062 55.068813 16
14.905101 55.068497 17
14.906285 55.068798 18
14.905152 55.0686 19
14.906542 55.068783 20
14.905296 55.068867 21
14.906806 55.068703 22
14.904954 55.068897 23
14.906881 55.06906 24
14.904608 55.06891 25
14.906597 55.06908 26
14.904271 55.06896 27
14.906338 55.069103 28
14.904388 55.069294 29
14.90612 55.069103 30
14.904689 55.0693 31
14.905874 55.069122 32
14.905031 55.069275 33
14.905871 55.06942 34
14.905374 55.069256 35
14.906088 55.06943 36
14.905523 55.06953 37
14.906332 55.069447 38
14.905454 55.06953 39
14.906566 55.069443 40
14.905259 55.06956 41
14.906786 55.069435 42
14.905035 55.069584 43
14.907024 55.069378 44
14.904821 55.069614 45
14.907006 55.069584 46
14.904482 55.0696 47
14.906749 55.06957 48
14.904539 55.069805 49
14.9065 55.069576 50
14.904853 55.069744 51
14.906273 55.06958 52
14.905057 55.069725 53
14.906034 55.069576 54
14.9053 55.069714 55
14.905858 55.06956 56
14.90549 55.069687 57
14.905637 55.06965 59
14.905722 55.069645 61
14.904975 55.068165 1
15.143799 55.13333 1
14.904999 55.06825 3
14.906089 55.068104 4
14.904711 55.068317 5
14.906501 55.06806 6
14.904434 55.068356 7
14.906612 55.06832 8
14.904223 55.06838 9
14.906235 55.06845 10
14.904315 55.06859 11
14.905837 55.068466 12
14.904551 55.068607 13
14.905809 55.06883 14
14.904827 55.06857 15
14.906062 55.068813 16
14.905101 55.068497 17
14.906285 55.068798 18
14.905152 55.0686 19
14.906542 55.068783 20
14.905296 55.068867 21
14.906806 55.068703 22
14.904954 55.068897 23
14.906881 55.06906 24
14.904608 55.06891 25
14.906597 55.06908 26
14.904271 55.06896 27
14.906338 55.069103 28
14.904388 55.069294 29
14.90612 55.069103 30
14.904689 55.0693 31
14.905874 55.069122 32
14.905031 55.069275 33
14.905871 55.06942 34
14.905374 55.069256 35
14.906088 55.06943 36
14.905523 55.06953 37
14.906332 55.069447 38
14.905454 55.06953 39
14.906566 55.069443 40
14.905259 55.06956 41
14.906786 55.069435 42
14.905035 55.069584 43
14.907024 55.069378 44
14.904821 55.069614 45
14.907006 55.069584 46
14.904482 55.0696 47
14.906749 55.06957 48
14.904539 55.069805 49
14.9065 55.069576 50
14.904853 55.069744 51
14.906273 55.06958 52
14.905057 55.069725 53
14.906034 55.069576 54
14.9053 55.069714 55
14.905858 55.06956 56
14.90549 55.069687 57
14.905637 55.06965 59
14.905722 55.069645 61
14.904975 55.068165 1
15.143799 55.13333 1
14.904999 55.06825 3
14.906089 55.068104 4
14.904711 55.068317 5
14.906501 55.06806 6
14.904434 55.068356 7
14.906612 55.06832 8
14.904223 55.06838 9
14.906235 55.06845 10
14.904315 55.06859 11
14.905837 55.068466 12
14.904551 55.068607 13
14.905809 55.06883 14
14.904827 55.06857 15
14.906062 55.068813 16
14.905101 55.068497 17
14.906285 55.068798 18
14.905152 55.0686 19
14.906542 55.068783 20
14.905296 55.068867 21
14.906806 55.068703 22
14.904954 55.068897 23
14.906881 55.06906 24
14.904608 55.06891 25
14.906597 55.06908 26
14.904271 55.06896 27
14.906338 55.069103 28
14.904388 55.069294 29
14.90612 55.069103 30
14.904689 55.0693 31
14.905874 55.069122 32
14.905031 55.069275 33
14.905871 55.06942 34
14.905374 55.069256 35
14.906088 55.06943 36
14.905523 55.06953 37
14.906332 55.069447 38
14.905454 55.06953 39
14.906566 55.069443 40
14.905259 55.06956 41
14.906786 55.069435 42
14.905035 55.069584 43
14.907024 55.069378 44
14.904821 55.069614 45
14.907006 55.069584 46
14.904482 55.0696 47
14.906749 55.06957 48
14.904539 55.069805 49
14.9065 55.069576 50
14.904853 55.069744 51
14.906273 55.06958 52
14.905057 55.069725 53
14.906034 55.069576 54
14.9053 55.069714 55
14.905858 55.06956 56
14.90549 55.069687 57
14.905637 55.06965 59
14.905722 55.069645 61
14.904975 55.068165 1
15.143799 55.13333 1
14.904999 55.06825 3
14.906089 55.068104 4
14.904711 55.068317 5
14.906501 55.06806 6
14.904434 55.068356 7
14.906612 55.06832 8
14.904223 55.06838 9
14.906235 55.06845 10
14.904315 55.06859 11
14.905837 55.068466 12
14.904551 55.068607 13
14.905809 55.06883 14
14.904827 55.06857 15
14.906062 55.068813 16
14.905101 55.068497 17
14.906285 55.068798 18
14.905152 55.0686 19
14.906542 55.068783 20
14.905296 55.068867 21
14.906806 55.068703 22
14.904954 55.068897 23
14.906881 55.06906 24
14.904608 55.06891 25
14.906597 55.06908 26
14.904271 55.06896 27
14.906338 55.069103 28
14.904388 55.069294 29
14.90612 55.069103 30
14.904689 55.0693 31
14.905874 55.069122 32
14.905031 55.069275 33
14.905871 55.06942 34
14.905374 55.069256 35
14.906088 55.06943 36
14.905523 55.06953 37
14.906332 55.069447 38
14.905454 55.06953 39
14.906566 55.069443 40
14.905259 55.06956 41
14.906786 55.069435 42
14.905035 55.069584 43
14.907024 55.069378 44
14.904821 55.069614 45
14.907006 55.069584 46
14.904482 55.0696 47
14.906749 55.06957 48
14.904539 55.069805 49
14.9065 55.069576 50
14.904853 55.069744 51
14.906273 55.06958 52
14.905057 55.069725 53
14.906034 55.069576 54
14.9053 55.069714 55
14.905858 55.06956 56
14.90549 55.069687 57
14.905637 55.06965 59
14.905722 55.069645 61
14.904975 55.068165 1
15.143799 55.13333 1
14.904999 55.06825 3
14.906089 55.068104 4
14.904711 55.068317 5
14.906501 55.06806 6
14.904434 55.068356 7
14.906612 55.06832 8
14.904223 55.06838 9
14.906235 55.06845 10
14.904315 55.06859 11
14.905837 55.068466 12
14.904551 55.068607 13
14.905809 55.06883 14
14.904827 55.06857 15
14.906062 55.068813 16
14.905101 55.068497 17
14.906285 55.068798 18
14.905152 55.0686 19
14.906542 55.068783 20
14.905296 55.068867 21
14.906806 55.068703 22
14.904954 55.068897 23
14.906881 55.06906 24
14.904608 55.06891 25
14.906597 55.06908 26
14.904271 55.06896 27
14.906338 55.069103 28
14.904388 55.069294 29
14.90612 55.069103 30
14.904689 55.0693 31
14.905874 55.069122 32
14.905031 55.069275 33
14.905871 55.06942 34
14.905374 55.069256 35
14.906088 55.06943 36
14.905523 55.06953 37
14.906332 55.069447 38
14.905454 55.06953 39
14.906566 55.069443 40
14.905259 55.06956 41
14.906786 55.069435 42
14.905035 55.069584 43
14.907024 55.069378 44
14.904821 55.069614 45
14.907006 55.069584 46
14.904482 55.0696 47
14.906749 55.06957 48
14.904539 55.069805 49
14.9065 55.069576 50
14.904853 55.069744 51
14.906273 55.06958 52
14.905057 55.069725 53
14.906034 55.069576 54
14.9053 55.069714 55
14.905858 55.06956 56
14.90549 55.069687 57
14.905637 55.06965 59
14.905722 55.069645 61
14.904975 55.068165 1
15.143799 55.13333 1
14.904999 55.06825 3
14.906089 55.068104 4
14.904711 55.068317 5
14.906501 55.06806 6
14.904434 55.068356 7
14.906612 55.06832 8
14.904223 55.06838 9
14.906235 55.06845 10
14.904315 55.06859 11
14.905837 55.068466 12
14.904551 55.068607 13
14.905809 55.06883 14
14.904827 55.06857 15
14.906062 55.068813 16
14.905101 55.068497 17
14.906285 55.068798 18
14.905152 55.0686 19
14.906542 55.068783 20
14.905296 55.068867 21
14.906806 55.068703 22
14.904954 55.068897 23
14.906881 55.06906 24
14.904608 55.06891 25
14.906597 55.06908 26
14.904271 55.06896 27
14.906338 55.069103 28
14.904388 55.069294 29
14.90612 55.069103 30
14.904689 55.0693 31
14.905874 55.069122 32
14.905031 55.069275 33
14.905871 55.06942 34
14.905374 55.069256 35
14.906088 55.06943 36
14.905523 55.06953 37
14.906332 55.069447 38
14.905454 55.06953 39
14.906566 55.069443 40
14.905259 55.06956 41
14.906786 55.069435 42
14.905035 55.069584 43
14.907024 55.069378 44
14.904821 55.069614 45
14.907006 55.069584 46
14.904482 55.0696 47
14.906749 55.06957 48
14.904539 55.069805 49
14.9065 55.069576 50
14.904853 55.069744 51
14.906273 55.06958 52
14.905057 55.069725 53
14.906034 55.069576 54
14.9053 55.069714 55
14.905858 55.06956 56
14.90549 55.069687 57
14.905637 55.06965 59
14.905722 55.069645 61
14.904975 55.068165 1
15.143799 55.13333 1
