14.80937 55.072968 1
14.809926 55.073257 2
14.808935 55.073067 3
14.809979 55.07347 4
14.80939 55.073364 5
14.80947 55.07361 7
14.809643 55.073833 9
14.80937 55.072968 1
14.809926 55.073257 2
14.808935 55.073067 3
14.809979 55.07347 4
14.80939 55.073364 5
14.80947 55.07361 7
14.809643 55.073833 9
14.80937 55.072968 1
14.809926 55.073257 2
14.808935 55.073067 3
14.809979 55.07347 4
14.80939 55.073364 5
14.80947 55.07361 7
14.809643 55.073833 9
14.80937 55.072968 1
14.809926 55.073257 2
14.808935 55.073067 3
14.809979 55.07347 4
14.80939 55.073364 5
14.80947 55.07361 7
14.809643 55.073833 9
14.80937 55.072968 1
14.809926 55.073257 2
14.808935 55.073067 3
14.809979 55.07347 4
14.80939 55.073364 5
14.80947 55.07361 7
14.809643 55.073833 9
14.80937 55.072968 1
14.809926 55.073257 2
14.808935 55.073067 3
14.809979 55.07347 4
14.80939 55.073364 5
14.80947 55.07361 7
14.809643 55.073833 9
