15.003436 55.072327 33
15.002331 55.072475 33T
14.994814 55.062084 35
14.996392 55.06307 35G
14.998907 55.060326 37A
15.001041 55.06002 37B
14.99219 55.057972 39
14.995308 55.05488 41G
14.998373 55.071655 42
15.00226 55.0898 42J
14.995098 55.052876 43
14.998951 55.07016 44
14.996258 55.049 45
14.997158 55.065704 46
14.993799 55.04719 47
14.997686 55.065304 48
14.993821 55.045845 49
14.989223 55.060364 50
14.995123 55.045845 51
14.990653 55.0585 52
14.988232 55.05792 52U
14.996589 55.045856 53
14.986767 55.056145 54
14.993364 55.0493 56
14.990415 55.05363 56T
14.996491 55.043674 57
14.993172 55.046448 58
14.993884 55.04261 59
14.992873 55.044765 60
14.993958 55.041447 61
14.988311 55.042065 62
14.993861 55.04123 63
14.993056 55.040325 64
14.995792 55.039043 65
14.990555 55.04006 66
14.993906 55.038933 67
14.987225 55.03942 68
14.997797 55.037632 69
14.992546 55.03897 70
14.992574 55.037106 71
14.990391 55.03742 72
14.989549 55.037052 74
14.998077 55.034798 75
14.990899 55.033176 76
14.994918 55.034786 73
15.005527 55.072323 33B
15.005509 55.072346 33C
15.005517 55.07235 33D
15.003436 55.072327 33
15.002331 55.072475 33T
14.994814 55.062084 35
14.996392 55.06307 35G
14.998907 55.060326 37A
15.001041 55.06002 37B
14.99219 55.057972 39
14.995308 55.05488 41G
14.998373 55.071655 42
15.00226 55.0898 42J
14.995098 55.052876 43
14.998951 55.07016 44
14.996258 55.049 45
14.997158 55.065704 46
14.993799 55.04719 47
14.997686 55.065304 48
14.993821 55.045845 49
14.989223 55.060364 50
14.995123 55.045845 51
14.990653 55.0585 52
14.988232 55.05792 52U
14.996589 55.045856 53
14.986767 55.056145 54
14.993364 55.0493 56
14.990415 55.05363 56T
14.996491 55.043674 57
14.993172 55.046448 58
14.993884 55.04261 59
14.992873 55.044765 60
14.993958 55.041447 61
14.988311 55.042065 62
14.993861 55.04123 63
14.993056 55.040325 64
14.995792 55.039043 65
14.990555 55.04006 66
14.993906 55.038933 67
14.987225 55.03942 68
14.997797 55.037632 69
14.992546 55.03897 70
14.992574 55.037106 71
14.990391 55.03742 72
14.989549 55.037052 74
14.998077 55.034798 75
14.990899 55.033176 76
14.994918 55.034786 73
15.005527 55.072323 33B
15.005509 55.072346 33C
15.005517 55.07235 33D
15.003436 55.072327 33
15.002331 55.072475 33T
14.994814 55.062084 35
14.996392 55.06307 35G
14.998907 55.060326 37A
15.001041 55.06002 37B
14.99219 55.057972 39
14.995308 55.05488 41G
14.998373 55.071655 42
15.00226 55.0898 42J
14.995098 55.052876 43
14.998951 55.07016 44
14.996258 55.049 45
14.997158 55.065704 46
14.993799 55.04719 47
14.997686 55.065304 48
14.993821 55.045845 49
14.989223 55.060364 50
14.995123 55.045845 51
14.990653 55.0585 52
14.988232 55.05792 52U
14.996589 55.045856 53
14.986767 55.056145 54
14.993364 55.0493 56
14.990415 55.05363 56T
14.996491 55.043674 57
14.993172 55.046448 58
14.993884 55.04261 59
14.992873 55.044765 60
14.993958 55.041447 61
14.988311 55.042065 62
14.993861 55.04123 63
14.993056 55.040325 64
14.995792 55.039043 65
14.990555 55.04006 66
14.993906 55.038933 67
14.987225 55.03942 68
14.997797 55.037632 69
14.992546 55.03897 70
14.992574 55.037106 71
14.990391 55.03742 72
14.989549 55.037052 74
14.998077 55.034798 75
14.990899 55.033176 76
14.994918 55.034786 73
15.005527 55.072323 33B
15.005509 55.072346 33C
15.005517 55.07235 33D
15.003436 55.072327 33
15.002331 55.072475 33T
14.994814 55.062084 35
14.996392 55.06307 35G
14.998907 55.060326 37A
15.001041 55.06002 37B
14.99219 55.057972 39
14.995308 55.05488 41G
14.998373 55.071655 42
15.00226 55.0898 42J
14.995098 55.052876 43
14.998951 55.07016 44
14.996258 55.049 45
14.997158 55.065704 46
14.993799 55.04719 47
14.997686 55.065304 48
14.993821 55.045845 49
14.989223 55.060364 50
14.995123 55.045845 51
14.990653 55.0585 52
14.988232 55.05792 52U
14.996589 55.045856 53
14.986767 55.056145 54
14.993364 55.0493 56
14.990415 55.05363 56T
14.996491 55.043674 57
14.993172 55.046448 58
14.993884 55.04261 59
14.992873 55.044765 60
14.993958 55.041447 61
14.988311 55.042065 62
14.993861 55.04123 63
14.993056 55.040325 64
14.995792 55.039043 65
14.990555 55.04006 66
14.993906 55.038933 67
14.987225 55.03942 68
14.997797 55.037632 69
14.992546 55.03897 70
14.992574 55.037106 71
14.990391 55.03742 72
14.989549 55.037052 74
14.998077 55.034798 75
14.990899 55.033176 76
14.994918 55.034786 73
15.005527 55.072323 33B
15.005509 55.072346 33C
15.005517 55.07235 33D
15.003436 55.072327 33
15.002331 55.072475 33T
14.994814 55.062084 35
14.996392 55.06307 35G
14.998907 55.060326 37A
15.001041 55.06002 37B
14.99219 55.057972 39
14.995308 55.05488 41G
14.998373 55.071655 42
15.00226 55.0898 42J
14.995098 55.052876 43
14.998951 55.07016 44
14.996258 55.049 45
14.997158 55.065704 46
14.993799 55.04719 47
14.997686 55.065304 48
14.993821 55.045845 49
14.989223 55.060364 50
14.995123 55.045845 51
14.990653 55.0585 52
14.988232 55.05792 52U
14.996589 55.045856 53
14.986767 55.056145 54
14.993364 55.0493 56
14.990415 55.05363 56T
14.996491 55.043674 57
14.993172 55.046448 58
14.993884 55.04261 59
14.992873 55.044765 60
14.993958 55.041447 61
14.988311 55.042065 62
14.993861 55.04123 63
14.993056 55.040325 64
14.995792 55.039043 65
14.990555 55.04006 66
14.993906 55.038933 67
14.987225 55.03942 68
14.997797 55.037632 69
14.992546 55.03897 70
14.992574 55.037106 71
14.990391 55.03742 72
14.989549 55.037052 74
14.998077 55.034798 75
14.990899 55.033176 76
14.994918 55.034786 73
15.005527 55.072323 33B
15.005509 55.072346 33C
15.005517 55.07235 33D
15.003436 55.072327 33
15.002331 55.072475 33T
14.994814 55.062084 35
14.996392 55.06307 35G
14.998907 55.060326 37A
15.001041 55.06002 37B
14.99219 55.057972 39
14.995308 55.05488 41G
14.998373 55.071655 42
15.00226 55.0898 42J
14.995098 55.052876 43
14.998951 55.07016 44
14.996258 55.049 45
14.997158 55.065704 46
14.993799 55.04719 47
14.997686 55.065304 48
14.993821 55.045845 49
14.989223 55.060364 50
14.995123 55.045845 51
14.990653 55.0585 52
14.988232 55.05792 52U
14.996589 55.045856 53
14.986767 55.056145 54
14.993364 55.0493 56
14.990415 55.05363 56T
14.996491 55.043674 57
14.993172 55.046448 58
14.993884 55.04261 59
14.992873 55.044765 60
14.993958 55.041447 61
14.988311 55.042065 62
14.993861 55.04123 63
14.993056 55.040325 64
14.995792 55.039043 65
14.990555 55.04006 66
14.993906 55.038933 67
14.987225 55.03942 68
14.997797 55.037632 69
14.992546 55.03897 70
14.992574 55.037106 71
14.990391 55.03742 72
14.989549 55.037052 74
14.998077 55.034798 75
14.990899 55.033176 76
14.994918 55.034786 73
15.005527 55.072323 33B
15.005509 55.072346 33C
15.005517 55.07235 33D
