12.562995 55.67292 10
12.562612 55.67281 10A
12.564653 55.671654 11
12.563121 55.67272 12
12.562688 55.672653 12A
12.562717 55.672607 12B
12.565067 55.67134 13
12.563269 55.672535 14
12.563547 55.672222 16
12.563677 55.672092 18
12.563944 55.671806 20
12.564057 55.67187 20A
12.564051 55.671673 22
12.564396 55.67133 24
12.564532 55.671185 26
12.564659 55.67105 28
12.563629 55.67269 3
12.564787 55.67092 30
12.564929 55.670765 32
12.56272 55.673363 4
12.563743 55.672546 5
12.562801 55.673237 6
12.56399 55.672302 7
12.562884 55.6731 8
12.564435 55.671947 9
12.563651 55.671772 3
