12.553827 55.66665 2
12.554188 55.66677 3
12.553966 55.666534 4
12.554306 55.66668 5
12.554072 55.666428 6
12.554384 55.666603 7
12.55423 55.666264 8
12.554451 55.666523 9
12.554636 55.665817 10
12.554524 55.666447 11
12.554749 55.665703 12
12.554596 55.666367 13
12.554837 55.665607 14
12.554668 55.666294 15
12.554906 55.665535 16
12.554739 55.666214 17
12.55499 55.665455 18
12.55481 55.66614 19
12.555058 55.665375 20
12.555241 55.665676 21
12.555138 55.665287 22
12.555343 55.66556 23
12.555234 55.66518 24
12.555423 55.66548 25
12.555521 55.665375 27
12.555613 55.66527 29
12.555738 55.665142 31
12.538346 55.685493 2
