12.599834 55.672997 48
12.600455 55.67307 54A
12.600518 55.6731 54B
12.600647 55.673046 54C
12.600709 55.672974 54D
12.601726 55.672394 80A
12.601847 55.672443 80B
12.601974 55.672497 80C
12.602049 55.67328 92A
12.60236 55.673435 94A
12.602466 55.67348 94B
12.602558 55.67352 94C
12.601763 55.673904 95A
12.601853 55.673824 95B
12.601923 55.673454 99A
12.602406 55.67334 102B
12.60259 55.67315 106
12.603118 55.674164 109
12.603207 55.67402 111C
12.60351 55.674137 111E
12.602936 55.67324 122
12.603711 55.673645 128
12.604196 55.673763 132
12.603173 55.67375 134D
12.6034 55.67386 138
12.604111 55.674103 144
12.603013 55.67402 111
12.601642 55.67264 74D
12.601802 55.673397 99
12.602768 55.673443 100
12.60192 55.67412 101
12.602555 55.673347 102
12.602596 55.673412 102A
12.603071 55.67338 104
12.602083 55.672115 108
12.602296 55.67194 110
12.603028 55.674 111A
12.603073 55.673965 111B
12.60336 55.67408 111D
12.603464 55.67417 111F
12.603441 55.674297 113
12.602575 55.67228 114
12.602671 55.673035 116
12.602752 55.67312 118
12.602792 55.673164 120
12.603154 55.673306 124A
12.603262 55.673347 124B
12.6034 55.673527 126
12.603955 55.673668 130
12.602948 55.67367 134A
12.603005 55.67371 134B
12.603085 55.673744 134C
12.603309 55.673756 136
12.603752 55.674007 140
12.603873 55.673965 142
12.599905 55.672844 50
12.600314 55.67281 52
12.600981 55.672848 56
12.601871 55.67312 58
12.601995 55.67304 60
12.60199 55.672867 62
12.601804 55.67287 64
12.601783 55.673172 66
12.601675 55.673203 68
12.601545 55.67317 70
12.601444 55.672962 72
12.601396 55.672802 74A
12.601562 55.672695 74B
12.601595 55.672657 74C
12.601489 55.6725 76
12.601423 55.672405 78
12.601871 55.672634 82A
12.601978 55.67266 82B
12.602124 55.67269 82C
12.602264 55.673004 86
12.602224 55.673134 88
12.600954 55.673485 89
12.602092 55.673183 90
12.601244 55.67368 91
12.602092 55.673325 92B
12.601617 55.673782 93
12.602061 55.673714 95C
12.60282 55.673622 96
12.601509 55.673546 97
12.602785 55.673542 98
12.601883 55.67361 99B
12.601776 55.673557 99C
12.600478 55.673035 54
12.603204 55.673737 134
12.601543 55.673508 97S
12.602169 55.67282 84
12.534438 55.665287 15
