12.606218 55.67566 135B
12.606911 55.6762 141
12.606964 55.67627 143
12.607076 55.676342 145
12.60731 55.67644 147
12.606214 55.675423 224
12.608889 55.67631 260
12.608834 55.676205 262A
12.60874 55.676113 262B
12.60736 55.676228 264A
12.607579 55.676365 264B
12.607834 55.67639 266
12.60805 55.676376 270
12.608217 55.676064 276
12.608564 55.67656 288
12.60836 55.676765 292
12.607501 55.67571 244
12.605685 55.675278 131A
12.605918 55.67553 131G
12.60587 55.675503 131H
12.605312 55.675076 129A
12.605375 55.675045 129B
12.605429 55.675083 129C
12.605507 55.675137 129D
12.605558 55.675182 129E
12.605507 55.675205 129F
12.60565 55.67529 131
12.60575 55.675304 131B
12.605839 55.67537 131C
12.605939 55.675446 131D
12.606034 55.67551 131E
12.606021 55.675556 131F
12.606001 55.675632 133
12.606265 55.67569 135C
12.606519 55.67584 137
12.606424 55.675907 139
12.607668 55.67672 149
12.606525 55.675583 230
12.606527 55.675648 232
12.606798 55.675823 234
12.606953 55.67557 236
12.607013 55.675484 238
12.606821 55.675316 240
12.606347 55.674908 240A
12.60741 55.67565 246
12.608997 55.675755 248
12.605461 55.674915 200
12.605557 55.674854 202
12.605819 55.674927 204
12.6057 55.67475 206
12.605716 55.675022 218
12.605853 55.67512 220
12.606031 55.675304 222
12.606391 55.675507 226
12.606457 55.67555 228
12.608392 55.67603 280
12.608339 55.676254 282
12.608399 55.67637 284
12.608522 55.67647 286
12.608451 55.676636 290
12.608189 55.67693 294
12.608025 55.67684 296
12.60828 55.677273 298
12.609149 55.675774 250
12.608781 55.676014 254
12.608849 55.676033 256
12.608956 55.676147 258
12.607899 55.676632 268
12.608112 55.676228 272
12.60803 55.676018 274
12.608336 55.675983 278
12.608422 55.677464 302
12.608864 55.678085 304
12.608993 55.67813 306
12.609509 55.678097 310
12.60919 55.677578 312
12.609056 55.677544 314
12.608863 55.67732 316
12.60838 55.677326 300
12.590558 55.65481 1
