12.596858 55.67372 4D
12.596573 55.673546 4E
12.596537 55.673527 4F
12.596483 55.673546 4G
12.596443 55.67333 6A
12.596514 55.673332 6B
12.596644 55.67327 6C
12.596696 55.673218 6D
12.596837 55.673183 8
12.59785 55.673183 24
12.597229 55.67303 10
12.597386 55.67296 12
12.597207 55.673206 14A
12.59714 55.673237 14B
12.597056 55.673267 16A
12.597197 55.673363 16B
12.597281 55.673252 18A
12.597212 55.673283 18B
12.59744 55.673187 20
12.597554 55.67312 22
12.597575 55.6739 28
12.597702 55.673355 26
12.598145 55.673813 30
12.59837 55.673878 32
12.598725 55.67364 34
12.597135 55.67389 4B
12.596964 55.673786 4C
12.598544 55.673927 32A
12.654359 55.584675 1A
