12.573219 55.688892 2
12.572738 55.68885 3
12.572961 55.689 4
12.572548 55.688942 5
12.572744 55.689106 6
12.572348 55.68903 7
12.572516 55.689217 8
12.572177 55.68911 9
12.572307 55.689316 10
12.572054 55.689163 11
12.572079 55.689415 12
12.571867 55.689255 13
12.571833 55.68953 14
12.571664 55.689346 15
12.571545 55.689663 16
12.571466 55.689426 17
12.571261 55.689793 18
12.5713 55.689507 19
12.570929 55.689953 20
12.57114 55.68959 21
12.57094 55.68968 23
12.570744 55.68977 25
12.570583 55.689842 27
12.589046 55.686497 1
