12.541809 55.67661 2
12.541642 55.677116 3
12.541928 55.67682 4
12.54178 55.677414 5A
12.541826 55.67752 5B
12.542036 55.67702 6
12.542015 55.678 7A
12.542097 55.67819 7B
12.542108 55.67718 8
12.542179 55.67735 8A
12.542033 55.678345 9
12.542274 55.67755 10
12.541696 55.67846 11
12.5425 55.67778 12
12.542531 55.679317 13
12.542706 55.67858 14A
12.542759 55.678776 14B
12.542274 55.67865 15
12.543303 55.67981 18B
12.543377 55.679985 18C
12.54351 55.680298 20
12.544177 55.681934 21
12.543769 55.680492 22
12.544853 55.682766 23
12.543798 55.680725 24A
12.5439 55.680843 24B
12.546318 55.68451 27
12.544487 55.681534 30
12.544598 55.68167 30A
12.545139 55.681396 30B
12.544752 55.681835 32A
12.54524 55.68184 32B
12.545148 55.68173 32C
12.54501 55.682087 34
12.545286 55.682434 34B
12.545476 55.682724 36B
12.545693 55.683 38
12.545821 55.68315 38A
12.545972 55.683334 38C
12.54623 55.68369 40
12.546677 55.68418 44
12.546806 55.684338 46
12.54694 55.684467 48A
12.547206 55.684433 48B
12.547432 55.684776 50A
12.547398 55.68496 50B
12.541885 55.677654 5C
12.543 55.67891 16
12.5421 55.679604 17
12.544037 55.681026 26
12.544428 55.681404 28A
12.544505 55.68138 28B
12.544592 55.681408 28C
12.545243 55.682034 34A
12.541744 55.677322 3A
12.544322 55.682205 21A
12.545193 55.68319 25A
12.544737 55.682625 21B
12.544614 55.68298 23A
12.545077 55.68304 23B
12.544375 55.68337 25B
12.545517 55.68348 25C
12.634228 55.672752 1
12.503445 55.6868 107
12.575512 55.634937 6
