12.539933 55.6789 5
12.53942 55.679047 7
12.539259 55.678806 9
12.539288 55.678753 11
12.539102 55.679287 16
12.538031 55.679455 17
12.538351 55.6795 32
12.538942 55.681095 65
12.539638 55.6809 88
12.542186 55.678604 2
12.540188 55.67885 3
12.541627 55.678795 4
12.54134 55.679073 10
12.53811 55.679672 29
12.538175 55.67975 31
12.538196 55.67984 33
12.538406 55.67961 34
12.538231 55.679916 35
12.538272 55.67998 37
12.538295 55.68005 39
12.53834 55.680107 41
12.538445 55.68033 43
12.538514 55.68047 45
12.538571 55.68057 47
12.538656 55.680183 48
12.538622 55.68068 49
12.538665 55.680767 51
12.538699 55.68084 53
12.538735 55.680916 55
12.538769 55.68099 57
12.538794 55.68104 59
12.538803 55.680508 68
12.538729 55.67936 18
12.53912 55.679123 15D
12.539121 55.678955 15C
12.539276 55.679028 15B
12.539307 55.679077 15A
12.54037 55.680923 75
12.539213 55.678734 13
12.539 55.67915 15E
12.606642 55.657482 1
