12.567436 55.683064 3
12.567538 55.683144 5
12.567744 55.683292 7
12.567499 55.683403 7A
12.56795 55.683464 9
12.567728 55.683594 9A
12.567678 55.68355 9B
12.568162 55.683636 11
12.568578 55.68398 15
12.568427 55.684135 15A
12.568794 55.68418 17
12.569037 55.684357 19
12.568751 55.684433 19A
12.56979 55.684593 20
12.569949 55.68474 20A
12.570149 55.684708 20B
12.570128 55.68457 20C
12.569564 55.68477 21
12.569234 55.68496 21A
12.57011 55.68487 22
12.570358 55.684795 22A
12.570315 55.684814 22B
12.570277 55.68483 22C
12.570247 55.684917 22D
12.569777 55.68494 23
12.569536 55.68506 23A
12.570298 55.685017 24
12.570477 55.684826 24A
12.569988 55.685123 25
12.569885 55.685036 25A
12.570127 55.685246 27
12.569096 55.68396 18
12.667648 55.59144 3
