12.590465 55.687225 2
12.590729 55.68747 3
12.590731 55.687256 4
12.591409 55.687553 5
12.591619 55.687572 5A
12.591626 55.687717 5B
12.590939 55.68728 6
12.591998 55.68762 7
12.59187 55.68761 7B
12.591448 55.68734 8
12.590904 55.687077 8A
12.591219 55.686916 8B
12.591465 55.686863 8C
12.591534 55.68696 8D
12.591611 55.687065 8E
12.59137 55.68726 8F
12.591616 55.687214 12
12.591883 55.687397 14
12.597313 55.688267 15
12.597597 55.688282 17
12.597694 55.688606 19
12.598001 55.688335 21
12.5932 55.68754 22
12.593512 55.687576 24
12.59372 55.687607 26
12.593879 55.687622 28
12.594035 55.687645 30
12.59428 55.687675 32
12.594608 55.687656 34A
12.59487 55.68762 34B
12.594903 55.68751 34C
12.594774 55.687374 34D
12.594145 55.687347 34E
12.594171 55.687473 34F
12.594336 55.68763 34G
12.595058 55.687775 40
12.595283 55.687706 42
12.595389 55.68782 44
12.595505 55.68782 46
12.595948 55.687874 48
12.597707 55.68809 50
12.590509 55.687443 1A
12.590587 55.687454 1B
12.590655 55.68746 1C
12.590806 55.687477 3A
12.590878 55.68749 3B
12.590955 55.687496 3C
12.592236 55.687424 18
12.595104 55.687244 36
12.594482 55.687176 38A
12.594606 55.687145 38B
12.594554 55.68704 38C
12.594515 55.686993 38D
12.594459 55.686928 38E
12.594419 55.686874 38F
12.594132 55.686974 38G
12.59403 55.68702 38H
12.593905 55.68703 38K
12.594816 55.688145 11
12.595873 55.688194 13
12.591927 55.687122 14B
12.541251 55.69889 1
