12.59095 55.67432 1B
12.591058 55.67426 3
12.591217 55.674328 3A
12.591165 55.6742 3B
12.590858 55.674156 4
12.59094 55.674095 4A
12.590852 55.674114 4B
12.590696 55.674095 4C
12.591303 55.674114 5
12.591104 55.674015 6
12.591628 55.673943 7
12.591396 55.673866 8
12.591803 55.673843 9
12.591451 55.673824 10
12.592017 55.673733 11
12.591513 55.67379 12
12.593018 55.67329 13
12.591569 55.67376 14
12.59318 55.673206 15
12.591629 55.67372 16
12.593336 55.67312 17
12.591692 55.67369 18
12.591756 55.673656 20
12.591857 55.6736 22
12.59261 55.67312 24
12.592739 55.673054 26
12.592882 55.67297 28
12.594047 55.67279 29
12.593006 55.672905 30
12.594606 55.672318 31
12.593478 55.672653 32
12.593672 55.672546 34
12.593876 55.67244 36
12.595584 55.671783 57
12.594844 55.672203 33
12.595028 55.672104 35
12.595186 55.671993 37
12.595338 55.672047 39
12.595449 55.67212 41
12.595568 55.67218 43
12.595666 55.67224 45
12.595852 55.672157 47
12.595743 55.672096 49
12.59563 55.672028 51
12.595514 55.67196 53
12.595438 55.671867 55
12.595839 55.671883 61
12.595614 55.671852 59
12.589202 55.6824 1
