12.574683 55.684937 2B
12.575089 55.685234 2C
12.575591 55.685566 2D
12.575746 55.685677 2E
12.575907 55.685806 2F
12.576481 55.686203 4A
12.577376 55.686714 4B
12.577151 55.68718 5
12.577384 55.687344 7
12.580214 55.688145 8
12.579326 55.688602 9
12.581447 55.68836 10
12.58232 55.68922 12
12.585487 55.690277 13
12.582545 55.68928 14
12.586245 55.69057 15
12.586505 55.690983 19
12.583381 55.68953 26
12.58357 55.689587 28
12.583802 55.68965 30
12.584051 55.68974 32
12.584224 55.689713 34
12.584113 55.68964 34A
12.584323 55.689606 36
12.584186 55.689613 36A
12.579795 55.688305 11
12.586446 55.691147 23
12.585358 55.689877 42
12.585621 55.689957 44
12.586005 55.690075 46
12.584807 55.689613 38
12.584619 55.68972 38A
12.575939 55.686802 3
12.585045 55.690453 13B
12.586481 55.691074 21B
12.584527 55.689816 38B
12.578026 55.687046 4C
12.580147 55.68805 6
12.583183 55.68947 20
12.581035 55.68776 8A
12.581517 55.688717 10B
12.57671 55.687374 5A
12.57696 55.687553 5B
12.581586 55.68757 10D
12.580767 55.688347 10A
12.581369 55.688057 10C
12.578448 55.697987 19
