12.594346 55.698017 3A
12.594318 55.697903 3B
12.594273 55.697754 3C
12.59422 55.697598 3D
12.594014 55.69798 3E
12.593872 55.698338 4
12.593831 55.6984 4A
12.593846 55.69844 4B
12.593916 55.69803 5
12.593873 55.698544 6
12.593918 55.698654 6A
12.593584 55.697998 7
12.593933 55.698696 8
12.593967 55.6988 8A
12.59418 55.698807 10
12.594036 55.69898 10A
12.593414 55.69844 11
12.594106 55.699036 12
12.593862 55.699276 14
12.593321 55.699165 15
12.593809 55.69931 16
12.593242 55.699593 17
12.594257 55.69926 18
12.593024 55.699753 19
12.592927 55.69956 19A
12.594325 55.699482 20
12.59328 55.700085 21
12.59389 55.699528 22
12.593964 55.69955 22A
12.594874 55.699657 24A
12.594887 55.699696 24B
12.594787 55.699688 24C
12.594606 55.69971 24D
12.594482 55.69973 24E
12.594363 55.69971 24F
12.594261 55.69971 26A
12.594286 55.69976 26B
12.594337 55.699875 26C
12.594349 55.6999 26D
12.594244 55.699818 26E
12.594305 55.699947 26F
12.594072 55.700012 28
12.593547 55.700592 29
12.594325 55.70004 30A
12.594395 55.7 30B
12.594691 55.699966 30C
12.594855 55.699955 30D
12.594638 55.700027 30F
12.593961 55.700775 31
12.594995 55.699974 32A
12.594982 55.69993 32B
12.594982 55.699863 32C
12.59494 55.69978 32D
12.59391 55.700542 33
12.594718 55.70032 34
12.59522 55.700268 36
12.59434 55.700623 37
12.595131 55.70053 38
12.593264 55.699974 21A
12.593555 55.70003 21B
12.593345 55.70005 23
12.593435 55.700092 25A
12.593647 55.70019 25B
12.593668 55.700256 25C
12.593701 55.70031 25D
12.593235 55.70034 25E
12.593569 55.700073 25
12.541516 55.670246 1
