12.593931 55.696518 3
12.594508 55.696247 4A
12.594823 55.69621 4B
12.594418 55.69647 6A
12.594888 55.69651 6B
12.594163 55.697025 7
12.594726 55.69667 8
12.594254 55.6973 9
12.594868 55.697094 10
12.594196 55.697315 11
12.594665 55.698505 21
12.595093 55.698715 22
12.594745 55.69873 23
12.595379 55.69918 24A
12.595431 55.699326 24B
12.595486 55.699467 24C
12.595521 55.69985 26
12.594889 55.699146 27
12.595742 55.700397 28
12.594971 55.6994 29
12.59411 55.696884 5
12.594914 55.69752 12
12.59429 55.697544 13
12.594996 55.69777 14
12.594338 55.697685 15
12.595086 55.698025 16
12.594366 55.69777 17
12.594947 55.698147 18
12.595405 55.70116 30
12.595209 55.700077 33
12.593844 55.70092 43
12.595069 55.696335 6C
12.594389 55.695965 2A
12.554135 55.67854 10
