12.575747 55.691437 4
12.575502 55.691307 5
12.575662 55.691475 6
12.575427 55.69134 7
12.575584 55.69151 8
12.575348 55.691372 9
12.575508 55.691536 10
12.575276 55.691406 11
12.575434 55.69157 12
12.575201 55.691437 13
12.575359 55.6916 14
12.575116 55.691467 15
12.575275 55.69163 16
12.575046 55.691498 17
12.575208 55.69166 18
12.57497 55.691532 19
12.575137 55.691696 20
12.574894 55.69156 21
12.575056 55.69173 22
12.574827 55.691593 23
12.574977 55.691765 24
12.574745 55.691628 25
12.574893 55.691803 26
12.574666 55.691658 27
12.574812 55.691833 28
12.574596 55.691692 29
12.574736 55.691864 30
12.574513 55.691723 31
12.574665 55.6919 32
12.574438 55.691757 33
12.574584 55.691925 34
12.574371 55.69179 35
12.574512 55.69196 36
12.574293 55.691822 37
12.574434 55.691994 38
12.574217 55.691853 39
12.574362 55.692024 40
12.574143 55.691883 41
12.574285 55.69205 42
12.574068 55.691914 43
12.574202 55.69209 44
12.573982 55.691948 45
12.553076 55.700333 1
