12.581461 55.69857 2
12.581707 55.69878 3A
12.581825 55.698784 3B
12.581613 55.698845 3C
12.581875 55.698948 3D
12.581639 55.69857 4
12.582129 55.69878 5
12.582274 55.698597 6
12.582413 55.698788 7
12.582428 55.698982 7A
12.582564 55.698612 8
12.582694 55.698803 9
12.58281 55.698532 10
12.582967 55.69882 11
12.582912 55.698395 12
12.582997 55.698277 12A
12.58313 55.698826 13
12.583265 55.698334 14
12.583279 55.698833 15
12.583166 55.698463 16
12.583942 55.698933 17
12.583153 55.698635 18
12.58421 55.698994 19
12.583428 55.698643 20
12.584515 55.69907 21
12.583573 55.69852 22
12.584785 55.699135 23
12.583843 55.698605 24
12.584974 55.69918 25
12.584073 55.698727 26
12.585096 55.699207 27
12.584312 55.698776 28
12.585295 55.699245 29A
12.585427 55.69928 29B
12.585132 55.699432 29C
12.585304 55.69948 29D
12.584896 55.698917 30
12.585737 55.699326 31
12.585231 55.69901 32
12.585396 55.698944 34
12.585632 55.698975 36
12.585628 55.6991 38
12.585876 55.699158 40
12.586738 55.699604 41
12.586423 55.69929 42
12.587105 55.69967 43
12.586691 55.69935 44
12.587286 55.699715 45
12.587872 55.69986 47
12.587083 55.699448 48
12.588131 55.69993 49
12.587308 55.699486 50
12.588274 55.70002 51
12.587449 55.699524 52
12.588487 55.70006 53
12.588005 55.699657 54
12.588699 55.700058 55
12.588247 55.699703 56
12.589003 55.70013 57
12.588775 55.69983 58
12.589013 55.69989 60
12.590277 55.70042 61
12.589316 55.69996 62
12.590788 55.700542 63
12.590379 55.700207 64
12.590853 55.700306 66
12.54651 55.695477 1
