12.57663 55.692432 4
12.576421 55.69231 5
12.576558 55.692467 6
12.576341 55.69234 7
12.576478 55.692493 8
12.576267 55.692368 9
12.576401 55.692528 10
12.576167 55.69239 11
12.576324 55.692554 12
12.576091 55.692417 13
12.576246 55.692585 14
12.576017 55.692448 15
12.576172 55.69261 16
12.575945 55.692474 17
12.576095 55.692642 18
12.575861 55.69251 19
12.576018 55.692673 20
12.575782 55.692535 21
12.575937 55.692703 22
12.575711 55.692562 23
12.575864 55.69273 24
12.575634 55.692596 25
12.575797 55.69277 26
12.575572 55.692642 27
12.575716 55.692795 28
12.575491 55.692673 29
12.575632 55.69283 30
12.575415 55.6927 31
12.575557 55.692856 32
12.575349 55.692726 33
12.575483 55.692886 34
12.575267 55.69276 35
12.575404 55.692913 36
12.576575 55.69225 1
12.511862 55.656124 2
