12.57722 55.693096 4
12.577015 55.692966 5
12.577144 55.693127 6
12.576944 55.692997 7
12.577068 55.693157 8
12.576868 55.693024 9
12.576998 55.693188 10
12.576792 55.693054 11
12.576919 55.693214 12
12.57672 55.69308 13
12.576849 55.693245 14
12.57665 55.693108 15
12.576774 55.69327 16
12.576573 55.69314 17
12.576694 55.6933 18
12.576492 55.69317 19
12.576622 55.69333 20
12.576416 55.693195 21
12.576543 55.69336 22
12.576342 55.69323 23
12.576464 55.693386 24
12.576263 55.693256 25
12.57639 55.693417 26
12.576187 55.693287 27
12.576321 55.693447 28
12.576114 55.693314 29
12.576241 55.693474 30
12.576037 55.693344 31
12.576164 55.693504 32
12.57596 55.69337 33
12.576088 55.693535 34
12.575883 55.693398 35
12.576012 55.69356 36
12.575801 55.693424 37
12.575937 55.693584 38
12.571914 55.660625 1
