12.59515 55.69061 2
12.595222 55.690643 3
12.59515 55.69071 4
12.595153 55.690796 6
12.595209 55.690952 7
12.595139 55.690872 8
12.595141 55.690975 10
12.595198 55.691044 11
12.595134 55.69106 12
12.595507 55.69135 13A
12.595581 55.691517 13B
12.594845 55.690426 14A
12.59483 55.69065 14B
12.594785 55.691086 15
12.594804 55.69102 16
12.59443 55.690887 19
12.594068 55.690468 30
12.593299 55.691017 42
12.593697 55.69094 44
12.59292 55.69143 50
12.593149 55.691757 52
12.593635 55.691742 54
12.593633 55.692116 58
12.594006 55.691772 62
12.593997 55.69187 64
12.593989 55.691967 66
12.593993 55.692047 68
12.593982 55.692146 70
12.593976 55.692238 72
12.593968 55.692337 74
12.593972 55.6924 76
12.59397 55.692467 78
12.594778 55.691692 82
12.595126 55.691746 102
12.595116 55.69187 104
12.595129 55.692097 110
12.593627 55.692184 60
12.595696 55.691483 13
12.593705 55.690742 46
