12.583629 55.696877 1
12.582652 55.69677 2
12.583998 55.696835 3
12.582925 55.696743 4
12.584285 55.6968 5
12.58326 55.696705 6
12.584615 55.69676 7
12.583753 55.696632 8
12.585123 55.696697 9
12.584031 55.6966 10
12.585433 55.69665 11
12.583647 55.69636 12
12.583825 55.696247 14
12.586304 55.69656 15
12.584033 55.69611 16
12.586892 55.696484 17
12.584348 55.696407 18
12.587312 55.696518 19
12.587354 55.696712 19A
12.584517 55.69654 20
12.58759 55.696568 21A
12.587808 55.6966 21B
12.587691 55.696583 21C
12.587522 55.696735 21D
12.584836 55.696507 22
12.5885 55.696705 23A
12.588303 55.696827 23B
12.584897 55.696392 24
12.588887 55.696766 25
12.58479 55.696102 26
12.589354 55.696835 27
12.584743 55.695972 28
12.584665 55.69572 30
12.585475 55.696426 32
12.585589 55.695896 36
12.585632 55.69567 38
12.58565 55.69543 40
12.58704 55.69618 58
12.587664 55.69603 60
12.588502 55.69617 62
12.589217 55.696377 62A
12.585631 55.69615 34
12.588338 55.69669 23
12.654846 55.633472 1
