12.588133 55.696938 12
12.587851 55.696735 13
12.587901 55.697273 14
12.587707 55.69692 15
12.587774 55.697433 16
12.587588 55.69708 17
12.587669 55.697575 18
12.587452 55.697254 19
12.587561 55.697716 20
12.587268 55.697483 21
12.586921 55.697395 21A
12.586896 55.697453 21B
12.587435 55.697887 22
12.58708 55.69773 23
12.587136 55.69825 24
12.586771 55.69817 25
12.586996 55.698433 26
12.586646 55.698345 27
12.586673 55.698845 28
12.586561 55.698475 29
12.586571 55.698986 30
12.586348 55.69876 31
12.586491 55.69911 32
12.586252 55.69888 33
12.586161 55.699013 35
12.586142 55.69956 36
12.586071 55.69914 37
12.585993 55.699764 38
12.585849 55.699444 39
12.585888 55.699905 40
12.585689 55.699657 41
12.585794 55.70003 42
12.585553 55.699844 43
12.585712 55.70017 44
12.585436 55.70001 45
12.586371 55.69872 29A
12.587031 55.69706 17A
12.587053 55.69688 17B
12.625881 55.65508 3
