12.578069 55.700024 3
12.578261 55.699837 4
12.578252 55.700127 5
12.578433 55.699917 6
12.57839 55.700195 7
12.578547 55.700287 9
12.578748 55.7001 10
12.578789 55.700413 11
12.578914 55.700188 12
12.579052 55.70026 12A
12.579141 55.700123 12B
12.579252 55.70006 12C
12.579053 55.70054 13
12.579201 55.700638 13A
12.579258 55.70036 14
12.579354 55.700718 15
12.57902 55.700912 15A
12.579439 55.700462 16
12.579549 55.700813 17
12.5791 55.70117 17A
12.579085 55.70127 17B
12.579254 55.700977 17C
12.579573 55.700542 18
12.579753 55.700626 18B
12.579733 55.700928 19
12.57941 55.70116 19A
12.57938 55.70109 19B
12.580101 55.70081 20
12.579941 55.70103 21
12.580278 55.70091 22
12.580152 55.70115 23
12.580498 55.70103 24
12.580347 55.701256 25
12.580745 55.701157 26
12.580592 55.701393 27
12.580971 55.701283 28
12.578599 55.700012 8
12.57923 55.700848 15B
12.580889 55.700966 26A
12.635117 55.60103 6
