12.58571 55.700306 2
12.585984 55.700638 3
12.585889 55.70038 4
12.586033 55.70043 6A
12.586152 55.700478 6B
12.586298 55.70052 8
12.586487 55.70057 10
12.586973 55.700706 12
12.587134 55.700752 14
12.589325 55.701534 15
12.587376 55.700817 16
12.589253 55.701633 17
12.587509 55.70074 18
12.589181 55.701736 19
12.587817 55.70083 20
12.589125 55.701828 21
12.587836 55.700928 22
12.589058 55.70193 23
12.587999 55.70096 24
12.589819 55.70164 25
12.588201 55.701008 26
12.589746 55.701748 27
12.588378 55.701042 28
12.589669 55.701847 29
12.589607 55.70193 31
12.589538 55.70204 33
12.590112 55.702175 35
12.590374 55.70149 36
12.590178 55.70208 37
12.590237 55.70199 39
12.590307 55.701897 41
12.590393 55.701775 43
12.557693 55.696236 1
