12.578427 55.699642 3
12.578734 55.699505 4
12.57875 55.69972 5
12.578632 55.699745 5A
12.578956 55.699554 6
12.579057 55.699795 7
12.579236 55.69945 8
12.579318 55.699867 9
12.579314 55.699474 10
12.579594 55.69994 11
12.579394 55.699677 12
12.579492 55.699642 12A
12.579901 55.700012 13
12.579712 55.69975 14
12.580142 55.700077 15
12.579979 55.69982 16
12.580148 55.699867 16A
12.580278 55.699688 16B
12.580115 55.699657 16C
12.58038 55.700138 17
12.580382 55.69992 18
12.580916 55.700283 19
12.581074 55.700108 20
12.581117 55.700333 21
12.581306 55.700382 21A
12.58134 55.700176 22
12.581515 55.70043 23
12.581625 55.70008 24
12.581766 55.700493 25
12.581703 55.700104 26
12.581733 55.70028 28
12.58204 55.70036 30
12.581663 55.70026 26B
12.550459 55.697277 1
