12.578769 55.698658 2
12.578792 55.698837 3
12.578962 55.698696 4
12.579053 55.698883 5
12.578974 55.698944 5A
12.578949 55.699047 5B
12.578992 55.69909 5C
12.579442 55.698788 6
12.57935 55.698956 7A
12.579295 55.699123 7B
12.579494 55.698982 7C
12.579797 55.698837 8
12.579807 55.699074 9
12.579933 55.698864 10
12.58006 55.699135 11
12.580334 55.698944 12
12.580516 55.69899 14
12.580421 55.699207 15
12.581187 55.69918 16
12.580777 55.699284 17
12.580706 55.699493 17A
12.580515 55.69946 17B
12.58152 55.69925 18
12.580941 55.69931 19
12.581443 55.69938 21
12.582166 55.699383 22
12.581619 55.699436 23
12.58183 55.699482 25
12.582166 55.699554 27
12.58207 55.699642 27A
12.582026 55.69972 27B
12.581961 55.699802 27C
12.581904 55.699886 27D
12.581845 55.699966 27E
12.582537 55.699467 28
12.582378 55.6996 29
12.582847 55.699497 30
12.583876 55.699665 32
12.583197 55.699852 33
12.584326 55.699696 34
12.583547 55.6999 35
12.584502 55.699566 36
12.584615 55.699406 38
12.584608 55.70017 39
12.584521 55.700317 39B
12.58472 55.699844 40
12.584786 55.69966 40A
12.584842 55.699574 40B
12.584407 55.700485 41A
12.584371 55.700535 41B
12.584923 55.699894 42A
12.585068 55.699924 42B
12.584208 55.700794 43
12.584287 55.700665 43A
12.585266 55.70004 44
12.585217 55.700466 46
12.584807 55.7007 48
12.584629 55.700863 50
12.583886 55.699997 37A
12.584067 55.700085 37B
12.585179 55.70028 44B
12.581892 55.699265 20A
12.581791 55.69926 20B
12.582041 55.69924 20C
12.578654 55.698814 3A
12.578915 55.698883 3B
12.58482 55.69945 40C
12.579344 55.698624 6A
12.582774 55.699688 31
12.582236 55.699787 29A
12.581894 55.69914 20D
12.581936 55.69907 20E
