12.570092 55.69295 55
12.570094 55.69316 55C
12.570553 55.6931 57
12.570935 55.69332 59
12.571105 55.69342 59A
12.570993 55.693542 59B
12.570892 55.6936 59C
12.570842 55.693703 59D
12.570975 55.69377 59E
12.571113 55.693855 59F
12.571235 55.69393 59G
12.571407 55.693928 59H
12.571571 55.69384 59I
12.571736 55.693817 59K
12.572117 55.694122 63A
12.572236 55.694263 63B
12.5724 55.694447 65A
12.572487 55.694557 65B
12.573206 55.695354 69
12.573492 55.695496 73
12.573637 55.695583 75
12.57383 55.695667 77
12.574216 55.695866 79
12.574339 55.695934 79A
12.574574 55.69603 81
12.575102 55.696293 83
12.575979 55.696686 87
12.576252 55.69682 89
12.576428 55.696907 91
12.576548 55.69696 93A
12.576766 55.697063 93B
12.576937 55.697144 95A
12.577247 55.697285 95B
12.577207 55.69773 97
12.577704 55.697624 99
12.578071 55.69766 101
12.577836 55.697777 101A
12.57837 55.6978 103
12.569733 55.692917 53A
12.569586 55.69308 53B
12.569722 55.693157 53C
12.569862 55.693237 53D
12.575195 55.69649 85A
12.575575 55.696514 85B
12.575757 55.69667 85C
12.570011 55.692997 55B
