12.575596 55.689793 5
12.575769 55.689846 7
12.575935 55.689915 9
12.576076 55.689957 11
12.576216 55.69001 13
12.576333 55.690056 15
12.576562 55.690144 17
12.576799 55.690224 19
12.577423 55.689957 20
12.577023 55.690308 21
12.577236 55.690388 23
12.577837 55.690605 25
12.578149 55.690727 27
12.578309 55.69079 29
12.578639 55.690907 31
12.579191 55.691116 33
12.579471 55.691216 35
12.579757 55.69132 37
12.580384 55.691544 39
12.580586 55.69162 41
12.580866 55.69172 43
12.581257 55.691875 45
12.582366 55.69229 49
12.58262 55.692375 51
12.582837 55.692463 53
12.58305 55.69254 55
12.583336 55.692635 57
12.584042 55.69291 59
12.584471 55.693058 61
12.576703 55.68962 16
12.584081 55.69271 60
12.584397 55.69251 62
12.584517 55.692436 64
12.576501 55.689587 14
12.577982 55.69035 24
12.579084 55.690594 26
12.57547 55.689407 2
12.583576 55.688892 2
