12.574844 55.69044 4
12.57461 55.690308 5
12.574763 55.690475 6
12.574535 55.69034 7
12.574684 55.690514 8
12.574462 55.690372 9
12.574609 55.69054 10
12.574385 55.690403 11
12.574544 55.69057 12
12.574319 55.690434 13
12.574461 55.6906 14
12.574235 55.690468 15
12.574384 55.690636 16
12.574161 55.6905 17
12.574313 55.690662 18
12.574085 55.69053 19
12.574239 55.6907 20
12.574013 55.69056 21
12.574159 55.69073 22
12.573945 55.690594 23
12.574086 55.69076 24
12.57387 55.690624 25
12.574012 55.690792 26
12.573799 55.690655 27
12.573933 55.690823 28
12.573722 55.690685 29
12.57386 55.690857 30
12.57364 55.690716 31
12.573785 55.690887 32
12.573569 55.69075 33
12.573714 55.690918 34
12.573495 55.690777 35
12.573639 55.690952 36
12.573415 55.690807 37
12.573567 55.690983 38
12.573346 55.69084 39
12.573488 55.69101 40
12.573272 55.690872 41
12.573419 55.69104 42
12.573195 55.690907 43
12.573337 55.69108 44
12.573114 55.69094 45
12.57326 55.69111 46
12.573033 55.690968 47
12.573197 55.691143 48
12.57296 55.691 49
12.57312 55.691174 50
12.572889 55.691032 51
12.573041 55.691204 52
12.57282 55.691063 53
12.57297 55.69124 54
12.572744 55.691093 55
12.572888 55.691273 56
12.572657 55.69113 57
12.533331 55.652077 1
