12.575949 55.691803 2B
12.575868 55.69184 2C
12.575788 55.691875 2D
12.575898 55.691616 3
12.575698 55.691914 4
12.575811 55.69165 5
12.575609 55.69195 6
12.575734 55.69168 7
12.575524 55.69199 8
12.575665 55.69171 9
12.575432 55.692028 10
12.575587 55.691742 11
12.575345 55.692062 12
12.575499 55.691772 13
12.575254 55.6921 14
12.575413 55.6918 15
12.575161 55.69214 16
12.575342 55.691833 17
12.575074 55.692177 18
12.575268 55.691864 19
12.574987 55.692215 20
12.575195 55.6919 21
12.574902 55.692253 22
12.575116 55.69193 23
12.574814 55.692284 24
12.575036 55.691963 25
12.574721 55.692326 26
12.574958 55.691994 27
12.574568 55.692387 28
12.574887 55.692028 29
12.574809 55.69206 31
12.574732 55.692093 33
12.574657 55.692123 35
12.574579 55.692154 37
12.574502 55.692184 39
12.574417 55.692223 41
12.575978 55.691578 1
12.517167 55.681988 1
