12.580143 55.69737 3
12.580154 55.69713 4
12.580399 55.697433 5
12.580449 55.6972 6
12.580558 55.697468 7
12.580716 55.697266 8
12.580675 55.69719 8A
12.581102 55.697594 9
12.581029 55.6972 10
12.581351 55.697655 11
12.581195 55.69738 12
12.581225 55.697266 12A
12.581276 55.69788 13
12.581468 55.69744 14
12.581185 55.698013 15
12.581749 55.697506 16
12.581465 55.698082 17
12.582021 55.69757 18
12.58154 55.69798 19
12.582273 55.697624 20
12.582477 55.697674 22
12.581819 55.69777 23
12.582679 55.697712 24
12.5829 55.697758 26
12.58309 55.697796 28
12.582155 55.69784 29
12.583274 55.697834 30
12.58285 55.697983 31
12.583499 55.697884 32
12.5831 55.69811 33
12.58367 55.697918 34
12.583385 55.69816 35
12.583855 55.69774 36
12.583758 55.698166 37
12.583691 55.698368 39
12.584186 55.697803 40
12.583961 55.698425 41
12.584092 55.69794 42
12.584186 55.698257 43
12.584286 55.698048 44
12.584412 55.69831 45
12.584582 55.698105 46
12.584782 55.698143 48
12.585315 55.69826 50
12.585335 55.698505 51
12.585473 55.698296 52
12.585573 55.698544 53
12.585767 55.698345 54
12.585922 55.698215 54A
12.585615 55.698612 55
12.586058 55.698414 56
12.585553 55.698715 57
12.58639 55.698456 58
12.586254 55.698456 58A
12.586285 55.698414 58B
12.58631 55.69828 58C
12.586456 55.698498 58E
12.585818 55.6987 59
12.586947 55.698612 60
12.585966 55.698627 61
12.587152 55.698666 62
12.586222 55.698685 63
12.587651 55.69878 64
12.58788 55.698837 66
12.586991 55.69885 67
12.588733 55.698875 68
12.588829 55.699047 68A
12.58909 55.69914 70
12.589345 55.69921 72
12.589565 55.69928 74
12.587456 55.69896 75
12.589825 55.699364 76
12.587676 55.699017 77
12.587815 55.699043 79
12.59127 55.69972 80
12.588343 55.69917 81
12.588598 55.69923 83
12.589106 55.699394 85
12.58935 55.69947 87
12.589586 55.69955 89
12.590779 55.69985 91
12.591058 55.69997 93A
12.590897 55.69993 93B
12.584625 55.698357 47
12.584194 55.698025 42B
12.585681 55.698307 52A
12.580616 55.697483 7B
12.580743 55.697517 7C
12.583619 55.697906 32A
12.613353 55.696716 8
