12.572072 55.69086 38
12.572342 55.691055 42
12.572523 55.691166 44
12.572771 55.69133 46
12.57296 55.69144 48
12.573229 55.69161 50
12.573397 55.69171 52
12.573653 55.69188 54
12.573843 55.691994 56
12.574103 55.692154 58
12.574268 55.692253 60
12.574604 55.692463 64
12.574941 55.692673 68
12.575102 55.692776 70
12.575297 55.692978 72
12.575578 55.69332 76
12.575674 55.693443 78
12.575852 55.69365 80
12.575958 55.693783 82
12.576126 55.693993 84
12.576322 55.694176 86
12.576585 55.69433 88
12.57675 55.694405 94
12.57719 55.694614 96
12.577443 55.694736 98
12.577886 55.69495 100
12.578113 55.69505 102
12.578342 55.695168 104
12.578476 55.695053 104A
12.578556 55.695263 106
12.578729 55.695194 106A
12.578782 55.695377 108
12.579022 55.695484 110
12.579264 55.695606 112
12.579481 55.69571 114
12.578423 55.695473 107
12.574245 55.684628 2A
