12.575065 55.68963 4
12.57494 55.689693 6
12.575055 55.689884 8
12.575166 55.690006 10
12.57528 55.690125 12
12.575395 55.690273 14
12.575671 55.690178 14A
12.575717 55.690224 14B
12.57552 55.690407 16A
12.575647 55.69054 16B
12.575768 55.690693 18
12.576045 55.690636 18A
12.575881 55.690838 20
12.574474 55.68986 23
12.576077 55.69106 24
12.57467 55.69008 25
12.576176 55.69118 26
12.576394 55.691147 26A
12.576578 55.69102 26B
12.574797 55.690212 27
12.57626 55.69127 28A
12.576332 55.69135 28B
12.57498 55.690414 29
12.576457 55.691494 30
12.576806 55.691315 30A
12.575092 55.690544 31
12.576608 55.69166 32
12.575263 55.690742 33
12.57539 55.690876 35
12.575575 55.69108 37
12.575693 55.691208 39
12.577568 55.692562 40
12.575868 55.69141 41
12.577856 55.69295 42
12.57618 55.69174 45A
12.576225 55.691784 45B
12.578464 55.69375 46
12.576268 55.691833 47
12.576309 55.691887 49
12.576485 55.692085 51
12.576596 55.692207 53
12.576787 55.69242 55
12.576895 55.69255 57
12.577073 55.692745 59
12.577183 55.692867 61
12.577369 55.693077 63
12.57772 55.693565 69
12.577593 55.693607 69A
12.577434 55.693665 69B
12.5773 55.693718 69C
12.577165 55.693768 69D
12.577886 55.693665 71
12.577418 55.693825 71A
12.577499 55.693893 71B
12.578014 55.693813 73
12.578282 55.694138 75
12.578428 55.694305 77
12.578692 55.694588 79
12.578825 55.694744 81
12.578927 55.694862 83
12.578987 55.694935 85
12.579059 55.695004 87
12.579116 55.695076 89
12.579217 55.695187 91
12.57937 55.695366 93
12.579435 55.695446 95
12.57525 55.690094 10C
12.575294 55.690086 10D
12.575321 55.69017 12A
12.575362 55.690163 12B
12.575779 55.690567 16D
12.579335 55.694626 48
12.575478 55.69037 16
12.576059 55.691055 24
12.576298 55.691315 28
12.577679 55.69342 67
12.566411 55.686916 8
