14.802016 55.16854 2
14.802208 55.16833 4
14.802493 55.168285 6
14.80272 55.168144 8
14.802901 55.16799 10
14.803196 55.16777 12
14.803826 55.167316 14
14.803934 55.167152 16
14.804791 55.166706 18
14.804376 55.167923 23
14.806079 55.166527 23A
14.808017 55.16633 25
14.805113 55.164806 26
14.869367 55.145 1
14.802016 55.16854 2
14.802208 55.16833 4
14.802493 55.168285 6
14.80272 55.168144 8
14.802901 55.16799 10
14.803196 55.16777 12
14.803826 55.167316 14
14.803934 55.167152 16
14.804791 55.166706 18
14.804376 55.167923 23
14.806079 55.166527 23A
14.808017 55.16633 25
14.805113 55.164806 26
14.869367 55.145 1
14.802016 55.16854 2
14.802208 55.16833 4
14.802493 55.168285 6
14.80272 55.168144 8
14.802901 55.16799 10
14.803196 55.16777 12
14.803826 55.167316 14
14.803934 55.167152 16
14.804791 55.166706 18
14.804376 55.167923 23
14.806079 55.166527 23A
14.808017 55.16633 25
14.805113 55.164806 26
14.869367 55.145 1
14.802016 55.16854 2
14.802208 55.16833 4
14.802493 55.168285 6
14.80272 55.168144 8
14.802901 55.16799 10
14.803196 55.16777 12
14.803826 55.167316 14
14.803934 55.167152 16
14.804791 55.166706 18
14.804376 55.167923 23
14.806079 55.166527 23A
14.808017 55.16633 25
14.805113 55.164806 26
14.869367 55.145 1
14.802016 55.16854 2
14.802208 55.16833 4
14.802493 55.168285 6
14.80272 55.168144 8
14.802901 55.16799 10
14.803196 55.16777 12
14.803826 55.167316 14
14.803934 55.167152 16
14.804791 55.166706 18
14.804376 55.167923 23
14.806079 55.166527 23A
14.808017 55.16633 25
14.805113 55.164806 26
14.869367 55.145 1
14.802016 55.16854 2
14.802208 55.16833 4
14.802493 55.168285 6
14.80272 55.168144 8
14.802901 55.16799 10
14.803196 55.16777 12
14.803826 55.167316 14
14.803934 55.167152 16
14.804791 55.166706 18
14.804376 55.167923 23
14.806079 55.166527 23A
14.808017 55.16633 25
14.805113 55.164806 26
14.869367 55.145 1
