14.801542 55.175232 1B
14.806428 55.177505 2
14.802975 55.176083 3
14.805372 55.177567 4
14.803988 55.176353 5
14.805626 55.17769 6
14.800417 55.179714 7
14.797336 55.178482 7A
14.807428 55.1856 8
14.797237 55.18224 9
14.792264 55.180466 9A
14.807385 55.18656 10
14.803794 55.181194 11
14.807029 55.188713 12
14.807321 55.181908 13
14.807422 55.19099 14
14.807345 55.19031 14A
14.80842 55.19005 14B
14.807386 55.182373 15
14.80521 55.191086 16
14.807117 55.18366 17
14.804822 55.192406 18
14.805852 55.1926 18B
14.807014 55.184055 19
14.806639 55.192802 20
14.806932 55.184223 21
14.805198 55.19612 22
14.805425 55.19641 22A
14.805638 55.18515 23
14.80474 55.1997 24
14.804265 55.191387 25
14.800262 55.203938 26
14.800221 55.193413 27
14.798127 55.205673 28
14.80083 55.19524 29
14.80537 55.210194 30
14.802707 55.199738 31
14.804708 55.212326 32
14.797696 55.205086 33
14.793933 55.211384 34
14.795809 55.207882 35
14.802533 55.21456 36
14.789021 55.20579 37
14.803911 55.215775 38
14.793108 55.210793 39
14.803761 55.217686 40
14.793244 55.211334 41
14.804786 55.218575 42A
14.804662 55.221 42B
14.792522 55.21195 43
14.794504 55.21578 44
14.786963 55.20976 45
14.788792 55.217407 46A
14.796668 55.2212 46B
14.782814 55.21148 47
14.786845 55.21884 48
14.783796 55.219822 50
14.802771 55.175144 1A
14.70425 55.09419 1
14.801542 55.175232 1B
14.806428 55.177505 2
14.802975 55.176083 3
14.805372 55.177567 4
14.803988 55.176353 5
14.805626 55.17769 6
14.800417 55.179714 7
14.797336 55.178482 7A
14.807428 55.1856 8
14.797237 55.18224 9
14.792264 55.180466 9A
14.807385 55.18656 10
14.803794 55.181194 11
14.807029 55.188713 12
14.807321 55.181908 13
14.807422 55.19099 14
14.807345 55.19031 14A
14.80842 55.19005 14B
14.807386 55.182373 15
14.80521 55.191086 16
14.807117 55.18366 17
14.804822 55.192406 18
14.805852 55.1926 18B
14.807014 55.184055 19
14.806639 55.192802 20
14.806932 55.184223 21
14.805198 55.19612 22
14.805425 55.19641 22A
14.805638 55.18515 23
14.80474 55.1997 24
14.804265 55.191387 25
14.800262 55.203938 26
14.800221 55.193413 27
14.798127 55.205673 28
14.80083 55.19524 29
14.80537 55.210194 30
14.802707 55.199738 31
14.804708 55.212326 32
14.797696 55.205086 33
14.793933 55.211384 34
14.795809 55.207882 35
14.802533 55.21456 36
14.789021 55.20579 37
14.803911 55.215775 38
14.793108 55.210793 39
14.803761 55.217686 40
14.793244 55.211334 41
14.804786 55.218575 42A
14.804662 55.221 42B
14.792522 55.21195 43
14.794504 55.21578 44
14.786963 55.20976 45
14.788792 55.217407 46A
14.796668 55.2212 46B
14.782814 55.21148 47
14.786845 55.21884 48
14.783796 55.219822 50
14.802771 55.175144 1A
14.70425 55.09419 1
14.801542 55.175232 1B
14.806428 55.177505 2
14.802975 55.176083 3
14.805372 55.177567 4
14.803988 55.176353 5
14.805626 55.17769 6
14.800417 55.179714 7
14.797336 55.178482 7A
14.807428 55.1856 8
14.797237 55.18224 9
14.792264 55.180466 9A
14.807385 55.18656 10
14.803794 55.181194 11
14.807029 55.188713 12
14.807321 55.181908 13
14.807422 55.19099 14
14.807345 55.19031 14A
14.80842 55.19005 14B
14.807386 55.182373 15
14.80521 55.191086 16
14.807117 55.18366 17
14.804822 55.192406 18
14.805852 55.1926 18B
14.807014 55.184055 19
14.806639 55.192802 20
14.806932 55.184223 21
14.805198 55.19612 22
14.805425 55.19641 22A
14.805638 55.18515 23
14.80474 55.1997 24
14.804265 55.191387 25
14.800262 55.203938 26
14.800221 55.193413 27
14.798127 55.205673 28
14.80083 55.19524 29
14.80537 55.210194 30
14.802707 55.199738 31
14.804708 55.212326 32
14.797696 55.205086 33
14.793933 55.211384 34
14.795809 55.207882 35
14.802533 55.21456 36
14.789021 55.20579 37
14.803911 55.215775 38
14.793108 55.210793 39
14.803761 55.217686 40
14.793244 55.211334 41
14.804786 55.218575 42A
14.804662 55.221 42B
14.792522 55.21195 43
14.794504 55.21578 44
14.786963 55.20976 45
14.788792 55.217407 46A
14.796668 55.2212 46B
14.782814 55.21148 47
14.786845 55.21884 48
14.783796 55.219822 50
14.802771 55.175144 1A
14.70425 55.09419 1
14.801542 55.175232 1B
14.806428 55.177505 2
14.802975 55.176083 3
14.805372 55.177567 4
14.803988 55.176353 5
14.805626 55.17769 6
14.800417 55.179714 7
14.797336 55.178482 7A
14.807428 55.1856 8
14.797237 55.18224 9
14.792264 55.180466 9A
14.807385 55.18656 10
14.803794 55.181194 11
14.807029 55.188713 12
14.807321 55.181908 13
14.807422 55.19099 14
14.807345 55.19031 14A
14.80842 55.19005 14B
14.807386 55.182373 15
14.80521 55.191086 16
14.807117 55.18366 17
14.804822 55.192406 18
14.805852 55.1926 18B
14.807014 55.184055 19
14.806639 55.192802 20
14.806932 55.184223 21
14.805198 55.19612 22
14.805425 55.19641 22A
14.805638 55.18515 23
14.80474 55.1997 24
14.804265 55.191387 25
14.800262 55.203938 26
14.800221 55.193413 27
14.798127 55.205673 28
14.80083 55.19524 29
14.80537 55.210194 30
14.802707 55.199738 31
14.804708 55.212326 32
14.797696 55.205086 33
14.793933 55.211384 34
14.795809 55.207882 35
14.802533 55.21456 36
14.789021 55.20579 37
14.803911 55.215775 38
14.793108 55.210793 39
14.803761 55.217686 40
14.793244 55.211334 41
14.804786 55.218575 42A
14.804662 55.221 42B
14.792522 55.21195 43
14.794504 55.21578 44
14.786963 55.20976 45
14.788792 55.217407 46A
14.796668 55.2212 46B
14.782814 55.21148 47
14.786845 55.21884 48
14.783796 55.219822 50
14.802771 55.175144 1A
14.70425 55.09419 1
14.801542 55.175232 1B
14.806428 55.177505 2
14.802975 55.176083 3
14.805372 55.177567 4
14.803988 55.176353 5
14.805626 55.17769 6
14.800417 55.179714 7
14.797336 55.178482 7A
14.807428 55.1856 8
14.797237 55.18224 9
14.792264 55.180466 9A
14.807385 55.18656 10
14.803794 55.181194 11
14.807029 55.188713 12
14.807321 55.181908 13
14.807422 55.19099 14
14.807345 55.19031 14A
14.80842 55.19005 14B
14.807386 55.182373 15
14.80521 55.191086 16
14.807117 55.18366 17
14.804822 55.192406 18
14.805852 55.1926 18B
14.807014 55.184055 19
14.806639 55.192802 20
14.806932 55.184223 21
14.805198 55.19612 22
14.805425 55.19641 22A
14.805638 55.18515 23
14.80474 55.1997 24
14.804265 55.191387 25
14.800262 55.203938 26
14.800221 55.193413 27
14.798127 55.205673 28
14.80083 55.19524 29
14.80537 55.210194 30
14.802707 55.199738 31
14.804708 55.212326 32
14.797696 55.205086 33
14.793933 55.211384 34
14.795809 55.207882 35
14.802533 55.21456 36
14.789021 55.20579 37
14.803911 55.215775 38
14.793108 55.210793 39
14.803761 55.217686 40
14.793244 55.211334 41
14.804786 55.218575 42A
14.804662 55.221 42B
14.792522 55.21195 43
14.794504 55.21578 44
14.786963 55.20976 45
14.788792 55.217407 46A
14.796668 55.2212 46B
14.782814 55.21148 47
14.786845 55.21884 48
14.783796 55.219822 50
14.802771 55.175144 1A
14.70425 55.09419 1
14.801542 55.175232 1B
14.806428 55.177505 2
14.802975 55.176083 3
14.805372 55.177567 4
14.803988 55.176353 5
14.805626 55.17769 6
14.800417 55.179714 7
14.797336 55.178482 7A
14.807428 55.1856 8
14.797237 55.18224 9
14.792264 55.180466 9A
14.807385 55.18656 10
14.803794 55.181194 11
14.807029 55.188713 12
14.807321 55.181908 13
14.807422 55.19099 14
14.807345 55.19031 14A
14.80842 55.19005 14B
14.807386 55.182373 15
14.80521 55.191086 16
14.807117 55.18366 17
14.804822 55.192406 18
14.805852 55.1926 18B
14.807014 55.184055 19
14.806639 55.192802 20
14.806932 55.184223 21
14.805198 55.19612 22
14.805425 55.19641 22A
14.805638 55.18515 23
14.80474 55.1997 24
14.804265 55.191387 25
14.800262 55.203938 26
14.800221 55.193413 27
14.798127 55.205673 28
14.80083 55.19524 29
14.80537 55.210194 30
14.802707 55.199738 31
14.804708 55.212326 32
14.797696 55.205086 33
14.793933 55.211384 34
14.795809 55.207882 35
14.802533 55.21456 36
14.789021 55.20579 37
14.803911 55.215775 38
14.793108 55.210793 39
14.803761 55.217686 40
14.793244 55.211334 41
14.804786 55.218575 42A
14.804662 55.221 42B
14.792522 55.21195 43
14.794504 55.21578 44
14.786963 55.20976 45
14.788792 55.217407 46A
14.796668 55.2212 46B
14.782814 55.21148 47
14.786845 55.21884 48
14.783796 55.219822 50
14.802771 55.175144 1A
14.70425 55.09419 1
