14.809057 55.174194 1
14.808759 55.173958 2
14.808978 55.17404 3
14.808976 55.173748 4
14.81038 55.173615 5
14.809407 55.17361 6
14.810708 55.17348 7
14.810919 55.173645 7B
14.809596 55.173527 8A
14.808804 55.173134 8B
14.809498 55.173122 8C
14.810988 55.173325 9
14.809996 55.173412 10
14.811257 55.173294 11
14.810284 55.173325 12
14.811436 55.173183 13
14.811713 55.173027 15
14.81145 55.172737 17
14.810848 55.172913 18
14.810591 55.172684 20
14.811054 55.17249 21
14.810288 55.172886 22
14.810778 55.17227 23
14.810002 55.172718 24
14.81056 55.172073 25
14.810328 55.172424 26
14.809924 55.172295 28
14.925845 55.064713 1
