14.811537 55.184166 1
14.810656 55.18256 2
14.814429 55.185905 3
14.814527 55.183685 4
14.817006 55.18513 6
14.82251 55.187244 8
14.871756 55.144573 2
14.811537 55.184166 1
14.810656 55.18256 2
14.814429 55.185905 3
14.814527 55.183685 4
14.817006 55.18513 6
14.82251 55.187244 8
14.871756 55.144573 2
14.811537 55.184166 1
14.810656 55.18256 2
14.814429 55.185905 3
14.814527 55.183685 4
14.817006 55.18513 6
14.82251 55.187244 8
14.871756 55.144573 2
14.811537 55.184166 1
14.810656 55.18256 2
14.814429 55.185905 3
14.814527 55.183685 4
14.817006 55.18513 6
14.82251 55.187244 8
14.871756 55.144573 2
14.811537 55.184166 1
14.810656 55.18256 2
14.814429 55.185905 3
14.814527 55.183685 4
14.817006 55.18513 6
14.82251 55.187244 8
14.871756 55.144573 2
14.811537 55.184166 1
14.810656 55.18256 2
14.814429 55.185905 3
14.814527 55.183685 4
14.817006 55.18513 6
14.82251 55.187244 8
14.871756 55.144573 2
