14.835034 55.16274 2
14.835459 55.16317 4
14.836333 55.164738 6
14.834411 55.171017 7
14.842348 55.17753 8
14.835192 55.168125 3
14.720612 55.156857 1
14.835034 55.16274 2
14.835459 55.16317 4
14.836333 55.164738 6
14.834411 55.171017 7
14.842348 55.17753 8
14.835192 55.168125 3
14.720612 55.156857 1
14.835034 55.16274 2
14.835459 55.16317 4
14.836333 55.164738 6
14.834411 55.171017 7
14.842348 55.17753 8
14.835192 55.168125 3
14.720612 55.156857 1
14.835034 55.16274 2
14.835459 55.16317 4
14.836333 55.164738 6
14.834411 55.171017 7
14.842348 55.17753 8
14.835192 55.168125 3
14.720612 55.156857 1
14.835034 55.16274 2
14.835459 55.16317 4
14.836333 55.164738 6
14.834411 55.171017 7
14.842348 55.17753 8
14.835192 55.168125 3
14.720612 55.156857 1
14.835034 55.16274 2
14.835459 55.16317 4
14.836333 55.164738 6
14.834411 55.171017 7
14.842348 55.17753 8
14.835192 55.168125 3
14.720612 55.156857 1
