14.837836 55.186855 2
14.838156 55.18694 4
14.833582 55.189255 5
14.836741 55.187695 6
14.828725 55.18839 7
14.840644 55.190228 8
14.839611 55.189705 8B
14.829001 55.189625 9
14.835852 55.18834 10
14.836927 55.191505 12
14.836153 55.192604 14
14.836454 55.19538 16
14.83115 55.194386 18
14.832805 55.196648 20
14.827991 55.196632 22
14.83226 55.188194 3
14.826067 55.18713 5B
14.702911 55.10139 1
14.837836 55.186855 2
14.838156 55.18694 4
14.833582 55.189255 5
14.836741 55.187695 6
14.828725 55.18839 7
14.840644 55.190228 8
14.839611 55.189705 8B
14.829001 55.189625 9
14.835852 55.18834 10
14.836927 55.191505 12
14.836153 55.192604 14
14.836454 55.19538 16
14.83115 55.194386 18
14.832805 55.196648 20
14.827991 55.196632 22
14.83226 55.188194 3
14.826067 55.18713 5B
14.702911 55.10139 1
14.837836 55.186855 2
14.838156 55.18694 4
14.833582 55.189255 5
14.836741 55.187695 6
14.828725 55.18839 7
14.840644 55.190228 8
14.839611 55.189705 8B
14.829001 55.189625 9
14.835852 55.18834 10
14.836927 55.191505 12
14.836153 55.192604 14
14.836454 55.19538 16
14.83115 55.194386 18
14.832805 55.196648 20
14.827991 55.196632 22
14.83226 55.188194 3
14.826067 55.18713 5B
14.702911 55.10139 1
14.837836 55.186855 2
14.838156 55.18694 4
14.833582 55.189255 5
14.836741 55.187695 6
14.828725 55.18839 7
14.840644 55.190228 8
14.839611 55.189705 8B
14.829001 55.189625 9
14.835852 55.18834 10
14.836927 55.191505 12
14.836153 55.192604 14
14.836454 55.19538 16
14.83115 55.194386 18
14.832805 55.196648 20
14.827991 55.196632 22
14.83226 55.188194 3
14.826067 55.18713 5B
14.702911 55.10139 1
14.837836 55.186855 2
14.838156 55.18694 4
14.833582 55.189255 5
14.836741 55.187695 6
14.828725 55.18839 7
14.840644 55.190228 8
14.839611 55.189705 8B
14.829001 55.189625 9
14.835852 55.18834 10
14.836927 55.191505 12
14.836153 55.192604 14
14.836454 55.19538 16
14.83115 55.194386 18
14.832805 55.196648 20
14.827991 55.196632 22
14.83226 55.188194 3
14.826067 55.18713 5B
14.702911 55.10139 1
14.837836 55.186855 2
14.838156 55.18694 4
14.833582 55.189255 5
14.836741 55.187695 6
14.828725 55.18839 7
14.840644 55.190228 8
14.839611 55.189705 8B
14.829001 55.189625 9
14.835852 55.18834 10
14.836927 55.191505 12
14.836153 55.192604 14
14.836454 55.19538 16
14.83115 55.194386 18
14.832805 55.196648 20
14.827991 55.196632 22
14.83226 55.188194 3
14.826067 55.18713 5B
14.702911 55.10139 1
