14.784308 55.178482 2
14.781855 55.18271 3
14.783357 55.179684 4
14.772335 55.18402 5
14.784458 55.1813 6
14.780542 55.187626 7
14.786454 55.182384 8
14.772735 55.189335 9
14.788314 55.181656 10
14.773974 55.192024 11
14.789023 55.18306 12
14.772625 55.190506 13
14.782223 55.1839 14
14.782491 55.186718 16
14.780909 55.187927 18
15.128081 55.057766 1
14.784308 55.178482 2
14.781855 55.18271 3
14.783357 55.179684 4
14.772335 55.18402 5
14.784458 55.1813 6
14.780542 55.187626 7
14.786454 55.182384 8
14.772735 55.189335 9
14.788314 55.181656 10
14.773974 55.192024 11
14.789023 55.18306 12
14.772625 55.190506 13
14.782223 55.1839 14
14.782491 55.186718 16
14.780909 55.187927 18
15.128081 55.057766 1
14.784308 55.178482 2
14.781855 55.18271 3
14.783357 55.179684 4
14.772335 55.18402 5
14.784458 55.1813 6
14.780542 55.187626 7
14.786454 55.182384 8
14.772735 55.189335 9
14.788314 55.181656 10
14.773974 55.192024 11
14.789023 55.18306 12
14.772625 55.190506 13
14.782223 55.1839 14
14.782491 55.186718 16
14.780909 55.187927 18
15.128081 55.057766 1
14.784308 55.178482 2
14.781855 55.18271 3
14.783357 55.179684 4
14.772335 55.18402 5
14.784458 55.1813 6
14.780542 55.187626 7
14.786454 55.182384 8
14.772735 55.189335 9
14.788314 55.181656 10
14.773974 55.192024 11
14.789023 55.18306 12
14.772625 55.190506 13
14.782223 55.1839 14
14.782491 55.186718 16
14.780909 55.187927 18
15.128081 55.057766 1
14.784308 55.178482 2
14.781855 55.18271 3
14.783357 55.179684 4
14.772335 55.18402 5
14.784458 55.1813 6
14.780542 55.187626 7
14.786454 55.182384 8
14.772735 55.189335 9
14.788314 55.181656 10
14.773974 55.192024 11
14.789023 55.18306 12
14.772625 55.190506 13
14.782223 55.1839 14
14.782491 55.186718 16
14.780909 55.187927 18
15.128081 55.057766 1
14.784308 55.178482 2
14.781855 55.18271 3
14.783357 55.179684 4
14.772335 55.18402 5
14.784458 55.1813 6
14.780542 55.187626 7
14.786454 55.182384 8
14.772735 55.189335 9
14.788314 55.181656 10
14.773974 55.192024 11
14.789023 55.18306 12
14.772625 55.190506 13
14.782223 55.1839 14
14.782491 55.186718 16
14.780909 55.187927 18
15.128081 55.057766 1
