14.811603 55.188644 1
14.808359 55.186592 2
14.815473 55.19083 3
14.808505 55.18664 4
14.809806 55.185867 6
14.818342 55.19388 7
14.818603 55.193916 7A
14.818834 55.193954 7B
14.81265 55.187763 8
14.81731 55.195225 9
14.815687 55.189747 10
14.823595 55.194065 11
14.820353 55.191963 12
14.827863 55.199577 13
14.827881 55.192513 14
14.829648 55.199295 15
14.824409 55.193893 16
14.832693 55.200768 17
14.834342 55.201782 17B
14.831944 55.198467 18
14.838035 55.202896 19
14.837911 55.202858 19A
14.831529 55.199886 20
14.846513 55.200226 26
14.960079 55.06654 1
14.811603 55.188644 1
14.808359 55.186592 2
14.815473 55.19083 3
14.808505 55.18664 4
14.809806 55.185867 6
14.818342 55.19388 7
14.818603 55.193916 7A
14.818834 55.193954 7B
14.81265 55.187763 8
14.81731 55.195225 9
14.815687 55.189747 10
14.823595 55.194065 11
14.820353 55.191963 12
14.827863 55.199577 13
14.827881 55.192513 14
14.829648 55.199295 15
14.824409 55.193893 16
14.832693 55.200768 17
14.834342 55.201782 17B
14.831944 55.198467 18
14.838035 55.202896 19
14.837911 55.202858 19A
14.831529 55.199886 20
14.846513 55.200226 26
14.960079 55.06654 1
14.811603 55.188644 1
14.808359 55.186592 2
14.815473 55.19083 3
14.808505 55.18664 4
14.809806 55.185867 6
14.818342 55.19388 7
14.818603 55.193916 7A
14.818834 55.193954 7B
14.81265 55.187763 8
14.81731 55.195225 9
14.815687 55.189747 10
14.823595 55.194065 11
14.820353 55.191963 12
14.827863 55.199577 13
14.827881 55.192513 14
14.829648 55.199295 15
14.824409 55.193893 16
14.832693 55.200768 17
14.834342 55.201782 17B
14.831944 55.198467 18
14.838035 55.202896 19
14.837911 55.202858 19A
14.831529 55.199886 20
14.846513 55.200226 26
14.960079 55.06654 1
14.811603 55.188644 1
14.808359 55.186592 2
14.815473 55.19083 3
14.808505 55.18664 4
14.809806 55.185867 6
14.818342 55.19388 7
14.818603 55.193916 7A
14.818834 55.193954 7B
14.81265 55.187763 8
14.81731 55.195225 9
14.815687 55.189747 10
14.823595 55.194065 11
14.820353 55.191963 12
14.827863 55.199577 13
14.827881 55.192513 14
14.829648 55.199295 15
14.824409 55.193893 16
14.832693 55.200768 17
14.834342 55.201782 17B
14.831944 55.198467 18
14.838035 55.202896 19
14.837911 55.202858 19A
14.831529 55.199886 20
14.846513 55.200226 26
14.960079 55.06654 1
14.811603 55.188644 1
14.808359 55.186592 2
14.815473 55.19083 3
14.808505 55.18664 4
14.809806 55.185867 6
14.818342 55.19388 7
14.818603 55.193916 7A
14.818834 55.193954 7B
14.81265 55.187763 8
14.81731 55.195225 9
14.815687 55.189747 10
14.823595 55.194065 11
14.820353 55.191963 12
14.827863 55.199577 13
14.827881 55.192513 14
14.829648 55.199295 15
14.824409 55.193893 16
14.832693 55.200768 17
14.834342 55.201782 17B
14.831944 55.198467 18
14.838035 55.202896 19
14.837911 55.202858 19A
14.831529 55.199886 20
14.846513 55.200226 26
14.960079 55.06654 1
14.811603 55.188644 1
14.808359 55.186592 2
14.815473 55.19083 3
14.808505 55.18664 4
14.809806 55.185867 6
14.818342 55.19388 7
14.818603 55.193916 7A
14.818834 55.193954 7B
14.81265 55.187763 8
14.81731 55.195225 9
14.815687 55.189747 10
14.823595 55.194065 11
14.820353 55.191963 12
14.827863 55.199577 13
14.827881 55.192513 14
14.829648 55.199295 15
14.824409 55.193893 16
14.832693 55.200768 17
14.834342 55.201782 17B
14.831944 55.198467 18
14.838035 55.202896 19
14.837911 55.202858 19A
14.831529 55.199886 20
14.846513 55.200226 26
14.960079 55.06654 1
