14.808288 55.172794 2
14.807956 55.172733 4
14.80742 55.172745 6
14.80617 55.172695 8
14.806149 55.172787 10
14.806127 55.173054 10B
14.805871 55.172646 12
14.805557 55.172585 14
14.803896 55.171597 15
14.805159 55.172573 16
14.803459 55.171555 17
14.804854 55.172413 18
14.803236 55.171295 19
14.804524 55.17233 20
14.803158 55.171062 21
14.804028 55.172176 22
14.802376 55.17194 24
14.802075 55.171112 25
14.802477 55.171295 25A
15.08203 55.123257 1
14.808288 55.172794 2
14.807956 55.172733 4
14.80742 55.172745 6
14.80617 55.172695 8
14.806149 55.172787 10
14.806127 55.173054 10B
14.805871 55.172646 12
14.805557 55.172585 14
14.803896 55.171597 15
14.805159 55.172573 16
14.803459 55.171555 17
14.804854 55.172413 18
14.803236 55.171295 19
14.804524 55.17233 20
14.803158 55.171062 21
14.804028 55.172176 22
14.802376 55.17194 24
14.802075 55.171112 25
14.802477 55.171295 25A
15.08203 55.123257 1
14.808288 55.172794 2
14.807956 55.172733 4
14.80742 55.172745 6
14.80617 55.172695 8
14.806149 55.172787 10
14.806127 55.173054 10B
14.805871 55.172646 12
14.805557 55.172585 14
14.803896 55.171597 15
14.805159 55.172573 16
14.803459 55.171555 17
14.804854 55.172413 18
14.803236 55.171295 19
14.804524 55.17233 20
14.803158 55.171062 21
14.804028 55.172176 22
14.802376 55.17194 24
14.802075 55.171112 25
14.802477 55.171295 25A
15.08203 55.123257 1
14.808288 55.172794 2
14.807956 55.172733 4
14.80742 55.172745 6
14.80617 55.172695 8
14.806149 55.172787 10
14.806127 55.173054 10B
14.805871 55.172646 12
14.805557 55.172585 14
14.803896 55.171597 15
14.805159 55.172573 16
14.803459 55.171555 17
14.804854 55.172413 18
14.803236 55.171295 19
14.804524 55.17233 20
14.803158 55.171062 21
14.804028 55.172176 22
14.802376 55.17194 24
14.802075 55.171112 25
14.802477 55.171295 25A
15.08203 55.123257 1
14.808288 55.172794 2
14.807956 55.172733 4
14.80742 55.172745 6
14.80617 55.172695 8
14.806149 55.172787 10
14.806127 55.173054 10B
14.805871 55.172646 12
14.805557 55.172585 14
14.803896 55.171597 15
14.805159 55.172573 16
14.803459 55.171555 17
14.804854 55.172413 18
14.803236 55.171295 19
14.804524 55.17233 20
14.803158 55.171062 21
14.804028 55.172176 22
14.802376 55.17194 24
14.802075 55.171112 25
14.802477 55.171295 25A
15.08203 55.123257 1
14.808288 55.172794 2
14.807956 55.172733 4
14.80742 55.172745 6
14.80617 55.172695 8
14.806149 55.172787 10
14.806127 55.173054 10B
14.805871 55.172646 12
14.805557 55.172585 14
14.803896 55.171597 15
14.805159 55.172573 16
14.803459 55.171555 17
14.804854 55.172413 18
14.803236 55.171295 19
14.804524 55.17233 20
14.803158 55.171062 21
14.804028 55.172176 22
14.802376 55.17194 24
14.802075 55.171112 25
14.802477 55.171295 25A
15.08203 55.123257 1
