14.803545 55.174057 1
14.803317 55.173973 2
14.80371 55.173756 3
14.80356 55.17372 4
14.701487 55.09683 1
14.803545 55.174057 1
14.803317 55.173973 2
14.80371 55.173756 3
14.80356 55.17372 4
14.701487 55.09683 1
14.803545 55.174057 1
14.803317 55.173973 2
14.80371 55.173756 3
14.80356 55.17372 4
14.701487 55.09683 1
14.803545 55.174057 1
14.803317 55.173973 2
14.80371 55.173756 3
14.80356 55.17372 4
14.701487 55.09683 1
14.803545 55.174057 1
14.803317 55.173973 2
14.80371 55.173756 3
14.80356 55.17372 4
14.701487 55.09683 1
14.803545 55.174057 1
14.803317 55.173973 2
14.80371 55.173756 3
14.80356 55.17372 4
14.701487 55.09683 1
