14.807769 55.174362 1A
14.807691 55.174183 1B
14.808016 55.174095 2
14.808135 55.174294 3
14.808112 55.174126 4
14.808565 55.174477 5
14.808404 55.174213 6
14.80889 55.1746 7
14.808488 55.174236 8
14.809235 55.17467 9
14.80963 55.174164 10
14.810353 55.173973 12
14.810256 55.173923 14
14.810166 55.173874 16
14.810074 55.17382 18
14.810517 55.173798 20
14.810602 55.173832 22
14.810688 55.17387 24
14.810771 55.17391 26
14.810844 55.17394 28
14.810925 55.173985 30
14.810414 55.174313 32
14.962098 55.165215 1
14.807769 55.174362 1A
14.807691 55.174183 1B
14.808016 55.174095 2
14.808135 55.174294 3
14.808112 55.174126 4
14.808565 55.174477 5
14.808404 55.174213 6
14.80889 55.1746 7
14.808488 55.174236 8
14.809235 55.17467 9
14.80963 55.174164 10
14.810353 55.173973 12
14.810256 55.173923 14
14.810166 55.173874 16
14.810074 55.17382 18
14.810517 55.173798 20
14.810602 55.173832 22
14.810688 55.17387 24
14.810771 55.17391 26
14.810844 55.17394 28
14.810925 55.173985 30
14.810414 55.174313 32
14.962098 55.165215 1
14.807769 55.174362 1A
14.807691 55.174183 1B
14.808016 55.174095 2
14.808135 55.174294 3
14.808112 55.174126 4
14.808565 55.174477 5
14.808404 55.174213 6
14.80889 55.1746 7
14.808488 55.174236 8
14.809235 55.17467 9
14.80963 55.174164 10
14.810353 55.173973 12
14.810256 55.173923 14
14.810166 55.173874 16
14.810074 55.17382 18
14.810517 55.173798 20
14.810602 55.173832 22
14.810688 55.17387 24
14.810771 55.17391 26
14.810844 55.17394 28
14.810925 55.173985 30
14.810414 55.174313 32
14.962098 55.165215 1
14.807769 55.174362 1A
14.807691 55.174183 1B
14.808016 55.174095 2
14.808135 55.174294 3
14.808112 55.174126 4
14.808565 55.174477 5
14.808404 55.174213 6
14.80889 55.1746 7
14.808488 55.174236 8
14.809235 55.17467 9
14.80963 55.174164 10
14.810353 55.173973 12
14.810256 55.173923 14
14.810166 55.173874 16
14.810074 55.17382 18
14.810517 55.173798 20
14.810602 55.173832 22
14.810688 55.17387 24
14.810771 55.17391 26
14.810844 55.17394 28
14.810925 55.173985 30
14.810414 55.174313 32
14.962098 55.165215 1
14.807769 55.174362 1A
14.807691 55.174183 1B
14.808016 55.174095 2
14.808135 55.174294 3
14.808112 55.174126 4
14.808565 55.174477 5
14.808404 55.174213 6
14.80889 55.1746 7
14.808488 55.174236 8
14.809235 55.17467 9
14.80963 55.174164 10
14.810353 55.173973 12
14.810256 55.173923 14
14.810166 55.173874 16
14.810074 55.17382 18
14.810517 55.173798 20
14.810602 55.173832 22
14.810688 55.17387 24
14.810771 55.17391 26
14.810844 55.17394 28
14.810925 55.173985 30
14.810414 55.174313 32
14.962098 55.165215 1
14.807769 55.174362 1A
14.807691 55.174183 1B
14.808016 55.174095 2
14.808135 55.174294 3
14.808112 55.174126 4
14.808565 55.174477 5
14.808404 55.174213 6
14.80889 55.1746 7
14.808488 55.174236 8
14.809235 55.17467 9
14.80963 55.174164 10
14.810353 55.173973 12
14.810256 55.173923 14
14.810166 55.173874 16
14.810074 55.17382 18
14.810517 55.173798 20
14.810602 55.173832 22
14.810688 55.17387 24
14.810771 55.17391 26
14.810844 55.17394 28
14.810925 55.173985 30
14.810414 55.174313 32
14.962098 55.165215 1
