14.806915 55.174603 1
14.8071 55.174473 2
14.807465 55.174797 3
14.807167 55.174374 4
14.807401 55.17455 6
14.807884 55.174847 7
14.807626 55.1746 8
14.807991 55.174603 10
14.80845 55.174732 12
14.809155 55.17486 14
14.707869 55.113792 1
14.806915 55.174603 1
14.8071 55.174473 2
14.807465 55.174797 3
14.807167 55.174374 4
14.807401 55.17455 6
14.807884 55.174847 7
14.807626 55.1746 8
14.807991 55.174603 10
14.80845 55.174732 12
14.809155 55.17486 14
14.707869 55.113792 1
14.806915 55.174603 1
14.8071 55.174473 2
14.807465 55.174797 3
14.807167 55.174374 4
14.807401 55.17455 6
14.807884 55.174847 7
14.807626 55.1746 8
14.807991 55.174603 10
14.80845 55.174732 12
14.809155 55.17486 14
14.707869 55.113792 1
14.806915 55.174603 1
14.8071 55.174473 2
14.807465 55.174797 3
14.807167 55.174374 4
14.807401 55.17455 6
14.807884 55.174847 7
14.807626 55.1746 8
14.807991 55.174603 10
14.80845 55.174732 12
14.809155 55.17486 14
14.707869 55.113792 1
14.806915 55.174603 1
14.8071 55.174473 2
14.807465 55.174797 3
14.807167 55.174374 4
14.807401 55.17455 6
14.807884 55.174847 7
14.807626 55.1746 8
14.807991 55.174603 10
14.80845 55.174732 12
14.809155 55.17486 14
14.707869 55.113792 1
14.806915 55.174603 1
14.8071 55.174473 2
14.807465 55.174797 3
14.807167 55.174374 4
14.807401 55.17455 6
14.807884 55.174847 7
14.807626 55.1746 8
14.807991 55.174603 10
14.80845 55.174732 12
14.809155 55.17486 14
14.707869 55.113792 1
