14.783567 55.21089 2
14.789622 55.20909 3
14.787267 55.208443 5
14.782512 55.208855 7
14.994491 55.152348 1
14.783567 55.21089 2
14.789622 55.20909 3
14.787267 55.208443 5
14.782512 55.208855 7
14.994491 55.152348 1
14.783567 55.21089 2
14.789622 55.20909 3
14.787267 55.208443 5
14.782512 55.208855 7
14.994491 55.152348 1
14.783567 55.21089 2
14.789622 55.20909 3
14.787267 55.208443 5
14.782512 55.208855 7
14.994491 55.152348 1
14.783567 55.21089 2
14.789622 55.20909 3
14.787267 55.208443 5
14.782512 55.208855 7
14.994491 55.152348 1
14.783567 55.21089 2
14.789622 55.20909 3
14.787267 55.208443 5
14.782512 55.208855 7
14.994491 55.152348 1
