12.588703 55.682064 2
12.589457 55.682335 3
12.589566 55.6826 3A
12.590039 55.68163 4
12.589605 55.682297 5
12.589782 55.682243 5A
12.590554 55.68157 6
12.589982 55.68219 7
12.59034 55.682575 7A
12.590688 55.68154 8
12.590137 55.682144 9
12.59103 55.68145 10A
12.590951 55.68134 10B
12.591081 55.681217 10C
12.590427 55.682068 11
12.591232 55.68139 12
12.590934 55.68193 13
12.591349 55.68135 14
12.59129 55.68125 14A
12.591642 55.681744 15
12.591936 55.681664 15A
12.592128 55.681614 15B
12.591503 55.68131 16
12.592303 55.68157 17
12.59173 55.681248 18
12.591505 55.68107 18A
12.591639 55.681065 18B
12.591967 55.681183 20
12.591792 55.68105 20A
12.593214 55.681328 21
12.59222 55.681114 22
12.592888 55.68094 24
12.593231 55.68085 26
12.593587 55.68076 28
12.593179 55.680573 28A
12.593817 55.680687 30
12.590762 55.681522 8A
12.592641 55.68157 19A
12.592725 55.681667 19B
12.592571 55.68149 19C
12.594235 55.68105 31
12.594691 55.680447 36
12.594237 55.680817 32
12.594456 55.68076 34
12.590728 55.682255 11A
12.590329 55.682068 11C
12.590535 55.68201 11D
12.591143 55.681408 10
12.590847 55.68195 13A
12.590576 55.682087 11B
12.574302 55.682884 1
