12.597311 55.67529 2
12.597136 55.675518 3
12.597484 55.67541 4
12.597244 55.675583 5
12.597582 55.67548 6
12.597362 55.67566 7
12.5977 55.675556 8
12.597456 55.675724 9
12.597796 55.67562 10
12.597565 55.6758 11
12.597903 55.67569 12
12.597673 55.67587 13
12.598008 55.675762 14
12.597786 55.675945 15
12.598116 55.67584 16
12.59788 55.67601 17
12.59822 55.675896 18
12.598038 55.676113 19
12.598318 55.67598 20
12.598188 55.676212 21
12.598423 55.676044 22
12.598342 55.67631 23
12.598524 55.67613 24
12.598469 55.676403 25
12.598625 55.676193 26
12.59881 55.67631 28
12.560511 55.656666 17
