12.56122 55.668983 8B
12.56144 55.66891 10
12.561714 55.66873 12
12.562011 55.66851 16
12.561996 55.66835 20
12.562337 55.66828 22
12.562394 55.66824 24
12.562508 55.668156 26
12.562588 55.668102 28
12.562708 55.668022 30
12.562849 55.66793 32
12.562795 55.667915 34
12.562709 55.667885 34B
12.562613 55.667835 36
12.562476 55.66777 38
12.562298 55.6677 40
12.561835 55.667492 42
12.561413 55.667297 44
12.561106 55.667156 46
12.560109 55.666702 48
12.559199 55.666286 50
12.559057 55.665737 52
12.559577 55.66604 54
12.560017 55.6663 56
12.560422 55.666477 58
12.560556 55.66654 60
12.561047 55.666767 62
12.561254 55.666855 64
12.561425 55.666935 66
12.56168 55.66705 68
12.561946 55.667175 70
12.562155 55.66727 72
12.562424 55.667297 74
12.562691 55.667377 76
12.562768 55.66756 78
12.563131 55.667713 80
12.562987 55.66763 82
12.562427 55.668823 19
12.562353 55.66856 27
12.562956 55.66861 29
12.562878 55.668438 31
12.563186 55.668575 33
12.563381 55.66838 35
12.562959 55.668137 37
12.563548 55.66784 39
12.562634 55.66808 28A
12.562236 55.667675 40A
12.564192 55.671333 1
