12.583774 55.682487 3
12.584731 55.68271 4
12.584892 55.68263 6
12.584721 55.682926 14
12.584785 55.683685 15A
12.584843 55.683754 15B
12.586029 55.685123 25
12.587013 55.685608 32
12.588455 55.688038 111
12.587609 55.68631 130
12.587697 55.686413 132
12.587941 55.6867 134
12.588171 55.686954 136
12.588243 55.687046 138
12.588443 55.68728 140
12.588596 55.68745 142
12.588744 55.687622 144
12.58628 55.684757 24B
12.587579 55.686687 95
12.587844 55.68701 97
12.587961 55.687153 99
12.588224 55.687466 103
12.588348 55.687607 105
12.588445 55.687733 107
12.586385 55.68556 27B
12.586452 55.685673 27C
12.586615 55.68585 27F
12.584504 55.682507 10
12.588099 55.687336 101
12.584496 55.68267 12
12.584446 55.683308 13
12.584904 55.683826 15C
12.584965 55.683895 15D
12.585027 55.683968 15E
12.585083 55.684032 15F
12.58524 55.683514 16
12.585313 55.684303 17A
12.585384 55.684383 17B
12.585501 55.68452 17C
12.585555 55.684586 17D
12.585688 55.68474 17F
12.585563 55.6839 18
12.585762 55.684826 19
12.584295 55.682247 2
12.585863 55.68427 20
12.58586 55.684933 21
12.585946 55.68503 23
12.586633 55.685158 28
12.58638 55.684856 26
12.58651 55.68572 27
12.587454 55.686104 42
12.586863 55.685444 30
12.587131 55.685738 34
12.583823 55.68254 5
12.587221 55.685852 36
12.587312 55.685947 38
12.58738 55.68603 40
12.584209 55.682995 9
12.587248 55.68631 91
12.58738 55.686466 93
12.586943 55.68469 26A
12.585305 55.684223 17a
12.586246 55.684727 24A
12.586374 55.684704 24
12.585624 55.684666 17E
12.583677 55.682056 1F
12.583466 55.682133 1
12.648538 55.584446 1A
