12.552141 55.665966 2
12.552574 55.665997 3
12.552285 55.665817 4
12.5527 55.665867 5
12.552386 55.665703 6
12.552811 55.66575 7
12.552469 55.665604 8
12.552908 55.665653 9
12.552565 55.665516 10
12.552995 55.66555 11
12.552667 55.66541 12
12.553113 55.66544 13
12.552755 55.665306 14
12.553234 55.665295 15
12.552853 55.665203 16
12.553358 55.66516 17
12.552952 55.665104 18
12.553453 55.665062 19
12.553045 55.664993 20
12.553538 55.664978 21
12.553159 55.66487 22
12.553633 55.66487 23
12.606465 55.627056 2
