14.801535 55.27214 2
14.801904 55.272224 3
14.80201 55.271538 4
14.802018 55.272064 5
14.802364 55.27098 6
14.802087 55.271984 7
14.802232 55.271824 9
14.802381 55.27165 11
14.802494 55.271496 13
14.802728 55.27135 15
14.802906 55.27116 17
14.801737 55.27208 1V
14.801841 55.272316 1
14.823686 55.108044 1
14.801535 55.27214 2
14.801904 55.272224 3
14.80201 55.271538 4
14.802018 55.272064 5
14.802364 55.27098 6
14.802087 55.271984 7
14.802232 55.271824 9
14.802381 55.27165 11
14.802494 55.271496 13
14.802728 55.27135 15
14.802906 55.27116 17
14.801737 55.27208 1V
14.801841 55.272316 1
14.823686 55.108044 1
14.801535 55.27214 2
14.801904 55.272224 3
14.80201 55.271538 4
14.802018 55.272064 5
14.802364 55.27098 6
14.802087 55.271984 7
14.802232 55.271824 9
14.802381 55.27165 11
14.802494 55.271496 13
14.802728 55.27135 15
14.802906 55.27116 17
14.801737 55.27208 1V
14.801841 55.272316 1
14.823686 55.108044 1
14.801535 55.27214 2
14.801904 55.272224 3
14.80201 55.271538 4
14.802018 55.272064 5
14.802364 55.27098 6
14.802087 55.271984 7
14.802232 55.271824 9
14.802381 55.27165 11
14.802494 55.271496 13
14.802728 55.27135 15
14.802906 55.27116 17
14.801737 55.27208 1V
14.801841 55.272316 1
14.823686 55.108044 1
14.801535 55.27214 2
14.801904 55.272224 3
14.80201 55.271538 4
14.802018 55.272064 5
14.802364 55.27098 6
14.802087 55.271984 7
14.802232 55.271824 9
14.802381 55.27165 11
14.802494 55.271496 13
14.802728 55.27135 15
14.802906 55.27116 17
14.801737 55.27208 1V
14.801841 55.272316 1
14.823686 55.108044 1
14.801535 55.27214 2
14.801904 55.272224 3
14.80201 55.271538 4
14.802018 55.272064 5
14.802364 55.27098 6
14.802087 55.271984 7
14.802232 55.271824 9
14.802381 55.27165 11
14.802494 55.271496 13
14.802728 55.27135 15
14.802906 55.27116 17
14.801737 55.27208 1V
14.801841 55.272316 1
14.823686 55.108044 1
