14.774024 55.285942 2
14.773528 55.285797 4
14.772799 55.284927 12
14.773205 55.28498 1V
14.819926 55.118717 1
14.774024 55.285942 2
14.773528 55.285797 4
14.772799 55.284927 12
14.773205 55.28498 1V
14.819926 55.118717 1
14.774024 55.285942 2
14.773528 55.285797 4
14.772799 55.284927 12
14.773205 55.28498 1V
14.819926 55.118717 1
14.774024 55.285942 2
14.773528 55.285797 4
14.772799 55.284927 12
14.773205 55.28498 1V
14.819926 55.118717 1
14.774024 55.285942 2
14.773528 55.285797 4
14.772799 55.284927 12
14.773205 55.28498 1V
14.819926 55.118717 1
14.774024 55.285942 2
14.773528 55.285797 4
14.772799 55.284927 12
14.773205 55.28498 1V
14.819926 55.118717 1
