14.777323 55.287605 1A
14.77716 55.287586 1B
14.777017 55.287506 1C
14.776852 55.287476 1D
14.777641 55.287624 2
14.777046 55.28802 3
14.777219 55.28805 4
14.776753 55.287987 5
14.777187 55.288094 6
14.777074 55.288208 8
14.777627 55.287727 2B
14.769446 55.1645 15
14.78188 55.17722 1
14.777323 55.287605 1A
14.77716 55.287586 1B
14.777017 55.287506 1C
14.776852 55.287476 1D
14.777641 55.287624 2
14.777046 55.28802 3
14.777219 55.28805 4
14.776753 55.287987 5
14.777187 55.288094 6
14.777074 55.288208 8
14.777627 55.287727 2B
14.769446 55.1645 15
14.78188 55.17722 1
14.777323 55.287605 1A
14.77716 55.287586 1B
14.777017 55.287506 1C
14.776852 55.287476 1D
14.777641 55.287624 2
14.777046 55.28802 3
14.777219 55.28805 4
14.776753 55.287987 5
14.777187 55.288094 6
14.777074 55.288208 8
14.777627 55.287727 2B
14.769446 55.1645 15
14.78188 55.17722 1
14.777323 55.287605 1A
14.77716 55.287586 1B
14.777017 55.287506 1C
14.776852 55.287476 1D
14.777641 55.287624 2
14.777046 55.28802 3
14.777219 55.28805 4
14.776753 55.287987 5
14.777187 55.288094 6
14.777074 55.288208 8
14.777627 55.287727 2B
14.769446 55.1645 15
14.78188 55.17722 1
14.777323 55.287605 1A
14.77716 55.287586 1B
14.777017 55.287506 1C
14.776852 55.287476 1D
14.777641 55.287624 2
14.777046 55.28802 3
14.777219 55.28805 4
14.776753 55.287987 5
14.777187 55.288094 6
14.777074 55.288208 8
14.777627 55.287727 2B
14.769446 55.1645 15
14.78188 55.17722 1
14.777323 55.287605 1A
14.77716 55.287586 1B
14.777017 55.287506 1C
14.776852 55.287476 1D
14.777641 55.287624 2
14.777046 55.28802 3
14.777219 55.28805 4
14.776753 55.287987 5
14.777187 55.288094 6
14.777074 55.288208 8
14.777627 55.287727 2B
14.769446 55.1645 15
14.78188 55.17722 1
