14.831612 55.245438 2
14.831744 55.245342 4
14.831873 55.245255 6
15.063802 55.08338 1
14.831612 55.245438 2
14.831744 55.245342 4
14.831873 55.245255 6
15.063802 55.08338 1
14.831612 55.245438 2
14.831744 55.245342 4
14.831873 55.245255 6
15.063802 55.08338 1
14.831612 55.245438 2
14.831744 55.245342 4
14.831873 55.245255 6
15.063802 55.08338 1
14.831612 55.245438 2
14.831744 55.245342 4
14.831873 55.245255 6
15.063802 55.08338 1
14.831612 55.245438 2
14.831744 55.245342 4
14.831873 55.245255 6
15.063802 55.08338 1
