14.766326 55.28549 3
14.766235 55.28554 5
14.766144 55.285587 7
14.766054 55.28563 9
14.759553 55.286358 11
14.759383 55.28634 13
14.759493 55.286774 15
14.759408 55.286144 11B
14.75943 55.28607 11C
15.078532 55.001945 1
14.766326 55.28549 3
14.766235 55.28554 5
14.766144 55.285587 7
14.766054 55.28563 9
14.759553 55.286358 11
14.759383 55.28634 13
14.759493 55.286774 15
14.759408 55.286144 11B
14.75943 55.28607 11C
15.078532 55.001945 1
14.766326 55.28549 3
14.766235 55.28554 5
14.766144 55.285587 7
14.766054 55.28563 9
14.759553 55.286358 11
14.759383 55.28634 13
14.759493 55.286774 15
14.759408 55.286144 11B
14.75943 55.28607 11C
15.078532 55.001945 1
14.766326 55.28549 3
14.766235 55.28554 5
14.766144 55.285587 7
14.766054 55.28563 9
14.759553 55.286358 11
14.759383 55.28634 13
14.759493 55.286774 15
14.759408 55.286144 11B
14.75943 55.28607 11C
15.078532 55.001945 1
14.766326 55.28549 3
14.766235 55.28554 5
14.766144 55.285587 7
14.766054 55.28563 9
14.759553 55.286358 11
14.759383 55.28634 13
14.759493 55.286774 15
14.759408 55.286144 11B
14.75943 55.28607 11C
15.078532 55.001945 1
14.766326 55.28549 3
14.766235 55.28554 5
14.766144 55.285587 7
14.766054 55.28563 9
14.759553 55.286358 11
14.759383 55.28634 13
14.759493 55.286774 15
14.759408 55.286144 11B
14.75943 55.28607 11C
15.078532 55.001945 1
