14.815003 55.2335 2
14.814401 55.23321 2A
14.812253 55.232178 3
14.809611 55.232452 4
14.810593 55.231937 5
14.809827 55.23352 6
14.809212 55.231934 14
14.815003 55.2335 2
14.814401 55.23321 2A
14.812253 55.232178 3
14.809611 55.232452 4
14.810593 55.231937 5
14.809827 55.23352 6
14.809212 55.231934 14
14.815003 55.2335 2
14.814401 55.23321 2A
14.812253 55.232178 3
14.809611 55.232452 4
14.810593 55.231937 5
14.809827 55.23352 6
14.809212 55.231934 14
14.815003 55.2335 2
14.814401 55.23321 2A
14.812253 55.232178 3
14.809611 55.232452 4
14.810593 55.231937 5
14.809827 55.23352 6
14.809212 55.231934 14
14.815003 55.2335 2
14.814401 55.23321 2A
14.812253 55.232178 3
14.809611 55.232452 4
14.810593 55.231937 5
14.809827 55.23352 6
14.809212 55.231934 14
14.815003 55.2335 2
14.814401 55.23321 2A
14.812253 55.232178 3
14.809611 55.232452 4
14.810593 55.231937 5
14.809827 55.23352 6
14.809212 55.231934 14
