14.809475 55.265327 1V
14.812896 55.266846 2
14.808863 55.26567 3
14.813407 55.266476 4
14.809411 55.26586 5
14.812809 55.266003 6
14.809553 55.265594 7
14.813572 55.265694 8
14.810171 55.2657 9
14.813218 55.265247 10
14.810899 55.266186 11
14.810655 55.26656 13
14.810253 55.266846 15
14.810829 55.265793 17
14.811025 55.26596 19
14.811658 55.266113 19B
14.811324 55.26621 21
14.811374 55.26657 23
14.811186 55.26669 25
14.810482 55.267067 27
14.810235 55.267372 29
14.810491 55.267326 31
14.810847 55.26777 33
14.81086 55.267273 35
14.811674 55.267178 37
14.81183 55.266846 39
14.812219 55.266434 2A
14.81381 55.264935 12
14.812066 55.267464 41
14.694856 55.10056 1
