14.771082 55.28558 1
14.761158 55.28156 2A
14.768236 55.283314 3
14.767898 55.28307 5
14.759227 55.2798 2
14.759071 55.2799 4
14.767039 55.282654 9
14.771082 55.28558 1
14.761158 55.28156 2A
14.768236 55.283314 3
14.767898 55.28307 5
14.759227 55.2798 2
14.759071 55.2799 4
14.767039 55.282654 9
14.771082 55.28558 1
14.761158 55.28156 2A
14.768236 55.283314 3
14.767898 55.28307 5
14.759227 55.2798 2
14.759071 55.2799 4
14.767039 55.282654 9
14.771082 55.28558 1
14.761158 55.28156 2A
14.768236 55.283314 3
14.767898 55.28307 5
14.759227 55.2798 2
14.759071 55.2799 4
14.767039 55.282654 9
14.771082 55.28558 1
14.761158 55.28156 2A
14.768236 55.283314 3
14.767898 55.28307 5
14.759227 55.2798 2
14.759071 55.2799 4
14.767039 55.282654 9
14.771082 55.28558 1
14.761158 55.28156 2A
14.768236 55.283314 3
14.767898 55.28307 5
14.759227 55.2798 2
14.759071 55.2799 4
14.767039 55.282654 9
