14.835184 55.247906 1
14.835093 55.24809 1A
14.835206 55.24803 1B
14.837456 55.24774 3
14.837596 55.24774 5
14.837686 55.247696 7
14.838055 55.247684 9
14.839891 55.24775 13
14.835184 55.247906 1
14.835093 55.24809 1A
14.835206 55.24803 1B
14.837456 55.24774 3
14.837596 55.24774 5
14.837686 55.247696 7
14.838055 55.247684 9
14.839891 55.24775 13
14.835184 55.247906 1
14.835093 55.24809 1A
14.835206 55.24803 1B
14.837456 55.24774 3
14.837596 55.24774 5
14.837686 55.247696 7
14.838055 55.247684 9
14.839891 55.24775 13
14.835184 55.247906 1
14.835093 55.24809 1A
14.835206 55.24803 1B
14.837456 55.24774 3
14.837596 55.24774 5
14.837686 55.247696 7
14.838055 55.247684 9
14.839891 55.24775 13
14.835184 55.247906 1
14.835093 55.24809 1A
14.835206 55.24803 1B
14.837456 55.24774 3
14.837596 55.24774 5
14.837686 55.247696 7
14.838055 55.247684 9
14.839891 55.24775 13
14.835184 55.247906 1
14.835093 55.24809 1A
14.835206 55.24803 1B
14.837456 55.24774 3
14.837596 55.24774 5
14.837686 55.247696 7
14.838055 55.247684 9
14.839891 55.24775 13
