14.828704 55.249672 1
14.827704 55.249702 3
14.827259 55.250084 4
14.826927 55.250145 6
14.825265 55.248856 8
14.825521 55.247925 11
14.828704 55.249672 1
14.827704 55.249702 3
14.827259 55.250084 4
14.826927 55.250145 6
14.825265 55.248856 8
14.825521 55.247925 11
14.828704 55.249672 1
14.827704 55.249702 3
14.827259 55.250084 4
14.826927 55.250145 6
14.825265 55.248856 8
14.825521 55.247925 11
14.828704 55.249672 1
14.827704 55.249702 3
14.827259 55.250084 4
14.826927 55.250145 6
14.825265 55.248856 8
14.825521 55.247925 11
14.828704 55.249672 1
14.827704 55.249702 3
14.827259 55.250084 4
14.826927 55.250145 6
14.825265 55.248856 8
14.825521 55.247925 11
14.828704 55.249672 1
14.827704 55.249702 3
14.827259 55.250084 4
14.826927 55.250145 6
14.825265 55.248856 8
14.825521 55.247925 11
