14.800553 55.27804 1
14.800536 55.278465 3B
14.800162 55.27783 7
14.800085 55.278225 4
15.036907 55.06534 1
14.800553 55.27804 1
14.800536 55.278465 3B
14.800162 55.27783 7
14.800085 55.278225 4
15.036907 55.06534 1
14.800553 55.27804 1
14.800536 55.278465 3B
14.800162 55.27783 7
14.800085 55.278225 4
15.036907 55.06534 1
14.800553 55.27804 1
14.800536 55.278465 3B
14.800162 55.27783 7
14.800085 55.278225 4
15.036907 55.06534 1
14.800553 55.27804 1
14.800536 55.278465 3B
14.800162 55.27783 7
14.800085 55.278225 4
15.036907 55.06534 1
14.800553 55.27804 1
14.800536 55.278465 3B
14.800162 55.27783 7
14.800085 55.278225 4
15.036907 55.06534 1
