14.812116 55.259937 2A
14.812042 55.25961 2B
14.812533 55.259357 3
14.811238 55.259525 4
14.812102 55.259052 5
14.810648 55.25876 6
14.810702 55.258835 6A
14.810697 55.258884 6B
14.810692 55.258934 6C
14.810659 55.25903 6D
14.810635 55.259083 6E
14.810619 55.259132 6F
14.810609 55.259228 6G
14.810582 55.259335 6K
14.81053 55.259495 6L
14.810514 55.25955 6M
14.810498 55.259598 6N
14.810478 55.2582 8
14.811139 55.258514 9
14.808703 55.257957 12
14.810928 55.259727 4D
14.81129 55.25985 4E
14.811636 55.25997 4F
14.811804 55.25902 9A
14.811749 55.258987 9B
14.811715 55.258957 9C
14.81167 55.258926 9D
14.811626 55.2589 9E
14.811582 55.258865 9F
14.811507 55.2588 9H
14.811462 55.258762 9K
14.81131 55.25864 11
14.811056 55.25848 13
14.811034 55.25836 15A
14.811091 55.258327 15B
14.811139 55.2583 15C
14.811187 55.258266 15D
14.811235 55.25824 15E
14.811284 55.25821 15F
14.81133 55.258183 15G
14.811371 55.258156 15H
14.811616 55.259655 4B
14.81132 55.259556 4C
14.811108 55.25874 4G
14.810586 55.259285 6H
14.80971 55.258595 10
14.811908 55.25976 4A
14.811554 55.25884 9G
14.835388 55.079597 1
