14.780139 55.286686 1
14.778358 55.286343 2
14.779786 55.28664 3
14.778485 55.286106 4
14.779465 55.286537 5
14.778655 55.28592 6
14.779018 55.28651 7
14.778697 55.28573 8
14.778716 55.286427 9
14.778829 55.285572 10
14.778892 55.286186 11
14.778831 55.28539 12
14.779056 55.285786 13
14.778922 55.285233 14
14.779123 55.28561 15
14.779357 55.285473 17
14.779327 55.285297 19
14.927935 55.070984 1
14.780139 55.286686 1
14.778358 55.286343 2
14.779786 55.28664 3
14.778485 55.286106 4
14.779465 55.286537 5
14.778655 55.28592 6
14.779018 55.28651 7
14.778697 55.28573 8
14.778716 55.286427 9
14.778829 55.285572 10
14.778892 55.286186 11
14.778831 55.28539 12
14.779056 55.285786 13
14.778922 55.285233 14
14.779123 55.28561 15
14.779357 55.285473 17
14.779327 55.285297 19
14.927935 55.070984 1
14.780139 55.286686 1
14.778358 55.286343 2
14.779786 55.28664 3
14.778485 55.286106 4
14.779465 55.286537 5
14.778655 55.28592 6
14.779018 55.28651 7
14.778697 55.28573 8
14.778716 55.286427 9
14.778829 55.285572 10
14.778892 55.286186 11
14.778831 55.28539 12
14.779056 55.285786 13
14.778922 55.285233 14
14.779123 55.28561 15
14.779357 55.285473 17
14.779327 55.285297 19
14.927935 55.070984 1
14.780139 55.286686 1
14.778358 55.286343 2
14.779786 55.28664 3
14.778485 55.286106 4
14.779465 55.286537 5
14.778655 55.28592 6
14.779018 55.28651 7
14.778697 55.28573 8
14.778716 55.286427 9
14.778829 55.285572 10
14.778892 55.286186 11
14.778831 55.28539 12
14.779056 55.285786 13
14.778922 55.285233 14
14.779123 55.28561 15
14.779357 55.285473 17
14.779327 55.285297 19
14.927935 55.070984 1
14.780139 55.286686 1
14.778358 55.286343 2
14.779786 55.28664 3
14.778485 55.286106 4
14.779465 55.286537 5
14.778655 55.28592 6
14.779018 55.28651 7
14.778697 55.28573 8
14.778716 55.286427 9
14.778829 55.285572 10
14.778892 55.286186 11
14.778831 55.28539 12
14.779056 55.285786 13
14.778922 55.285233 14
14.779123 55.28561 15
14.779357 55.285473 17
14.779327 55.285297 19
14.927935 55.070984 1
14.780139 55.286686 1
14.778358 55.286343 2
14.779786 55.28664 3
14.778485 55.286106 4
14.779465 55.286537 5
14.778655 55.28592 6
14.779018 55.28651 7
14.778697 55.28573 8
14.778716 55.286427 9
14.778829 55.285572 10
14.778892 55.286186 11
14.778831 55.28539 12
14.779056 55.285786 13
14.778922 55.285233 14
14.779123 55.28561 15
14.779357 55.285473 17
14.779327 55.285297 19
14.927935 55.070984 1
