14.822278 55.25039 2
14.822669 55.25059 3
14.822625 55.25023 4
14.823089 55.25039 5
14.823293 55.24984 6
14.823439 55.250244 7
14.823691 55.250122 9
14.825301 55.109062 1
14.822278 55.25039 2
14.822669 55.25059 3
14.822625 55.25023 4
14.823089 55.25039 5
14.823293 55.24984 6
14.823439 55.250244 7
14.823691 55.250122 9
14.825301 55.109062 1
14.822278 55.25039 2
14.822669 55.25059 3
14.822625 55.25023 4
14.823089 55.25039 5
14.823293 55.24984 6
14.823439 55.250244 7
14.823691 55.250122 9
14.825301 55.109062 1
14.822278 55.25039 2
14.822669 55.25059 3
14.822625 55.25023 4
14.823089 55.25039 5
14.823293 55.24984 6
14.823439 55.250244 7
14.823691 55.250122 9
14.825301 55.109062 1
14.822278 55.25039 2
14.822669 55.25059 3
14.822625 55.25023 4
14.823089 55.25039 5
14.823293 55.24984 6
14.823439 55.250244 7
14.823691 55.250122 9
14.825301 55.109062 1
14.822278 55.25039 2
14.822669 55.25059 3
14.822625 55.25023 4
14.823089 55.25039 5
14.823293 55.24984 6
14.823439 55.250244 7
14.823691 55.250122 9
14.825301 55.109062 1
