14.804063 55.27526 2
14.805303 55.273922 3
14.804187 55.27514 4
14.805541 55.273746 5
14.804249 55.274952 6
14.805763 55.273586 7
14.804408 55.274845 8
14.805886 55.273434 9
14.804461 55.274754 10
14.806054 55.27323 11
14.804514 55.27469 12
14.804545 55.274494 14
14.804571 55.274624 14A
14.804621 55.27456 14B
14.804658 55.274487 14C
14.804548 55.274452 14D
14.804461 55.274426 14F
14.804437 55.274345 14G
14.804253 55.27447 14H
14.804308 55.274406 14J
14.804276 55.274525 14K
14.804847 55.274204 16
14.804955 55.274055 18
14.80521 55.273815 20
14.805679 55.273045 24
14.805035 55.27278 26
14.805703 55.2727 28
14.806567 55.2724 13
14.807119 55.271862 15
14.804982 55.274452 1D
14.805393 55.27318 22
14.806625 55.2733 11B
15.016645 55.139774 1
