14.785626 55.284485 2
14.785622 55.284836 3
14.786137 55.284657 4
14.786063 55.284885 5
15.123441 55.06033 1
14.785626 55.284485 2
14.785622 55.284836 3
14.786137 55.284657 4
14.786063 55.284885 5
15.123441 55.06033 1
14.785626 55.284485 2
14.785622 55.284836 3
14.786137 55.284657 4
14.786063 55.284885 5
15.123441 55.06033 1
14.785626 55.284485 2
14.785622 55.284836 3
14.786137 55.284657 4
14.786063 55.284885 5
15.123441 55.06033 1
14.785626 55.284485 2
14.785622 55.284836 3
14.786137 55.284657 4
14.786063 55.284885 5
15.123441 55.06033 1
14.785626 55.284485 2
14.785622 55.284836 3
14.786137 55.284657 4
14.786063 55.284885 5
15.123441 55.06033 1
