14.780979 55.287422 1
14.779986 55.28705 2
14.781702 55.287296 3
14.78044 55.287064 4
14.78245 55.287117 5
14.782025 55.28718 5A
14.780745 55.28634 6
14.781238 55.286938 7
14.781219 55.286552 9
14.781106 55.286526 11
14.781691 55.286736 13
14.781544 55.286457 15
14.781959 55.28626 17
14.782742 55.285004 33
14.782684 55.284805 35
14.782823 55.284664 37
14.78295 55.28449 39
14.783176 55.284103 41
14.783251 55.283928 43
14.783318 55.283764 45
14.783383 55.283592 47
14.783438 55.283417 49
14.783573 55.28323 51
14.780917 55.28603 112
14.780493 55.28592 114
14.780076 55.28585 116
14.77971 55.285736 118
14.779752 55.28551 120
14.780231 55.285583 122
14.780656 55.285606 122A
14.781111 55.28569 124
14.783585 55.285625 126
14.780512 55.285778 128
14.780625 55.28721 2V
14.783022 55.284084 33A
14.783985 55.282627 53
14.782583 55.284794 35A
