14.841309 55.246586 1
14.840576 55.246624 2
14.84117 55.246582 3
14.840337 55.246548 4
14.840015 55.2464 5
14.839888 55.246582 6
14.839535 55.24649 7
14.838795 55.246284 7A
14.839081 55.24614 7B
14.839703 55.24661 8
14.839906 55.246964 8A
14.839185 55.246574 9
14.839467 55.246807 10
14.83883 55.24668 11
14.838788 55.24648 11A
14.839079 55.24677 12
14.838325 55.246647 13
14.838563 55.246803 14
14.838064 55.24665 15
14.838109 55.24685 16
14.837857 55.246655 17
14.837244 55.24668 21
14.837653 55.246647 19
15.124401 55.07359 11
14.70812 55.18061 1
14.841309 55.246586 1
14.840576 55.246624 2
14.84117 55.246582 3
14.840337 55.246548 4
14.840015 55.2464 5
14.839888 55.246582 6
14.839535 55.24649 7
14.838795 55.246284 7A
14.839081 55.24614 7B
14.839703 55.24661 8
14.839906 55.246964 8A
14.839185 55.246574 9
14.839467 55.246807 10
14.83883 55.24668 11
14.838788 55.24648 11A
14.839079 55.24677 12
14.838325 55.246647 13
14.838563 55.246803 14
14.838064 55.24665 15
14.838109 55.24685 16
14.837857 55.246655 17
14.837244 55.24668 21
14.837653 55.246647 19
15.124401 55.07359 11
14.70812 55.18061 1
14.841309 55.246586 1
14.840576 55.246624 2
14.84117 55.246582 3
14.840337 55.246548 4
14.840015 55.2464 5
14.839888 55.246582 6
14.839535 55.24649 7
14.838795 55.246284 7A
14.839081 55.24614 7B
14.839703 55.24661 8
14.839906 55.246964 8A
14.839185 55.246574 9
14.839467 55.246807 10
14.83883 55.24668 11
14.838788 55.24648 11A
14.839079 55.24677 12
14.838325 55.246647 13
14.838563 55.246803 14
14.838064 55.24665 15
14.838109 55.24685 16
14.837857 55.246655 17
14.837244 55.24668 21
14.837653 55.246647 19
15.124401 55.07359 11
14.70812 55.18061 1
14.841309 55.246586 1
14.840576 55.246624 2
14.84117 55.246582 3
14.840337 55.246548 4
14.840015 55.2464 5
14.839888 55.246582 6
14.839535 55.24649 7
14.838795 55.246284 7A
14.839081 55.24614 7B
14.839703 55.24661 8
14.839906 55.246964 8A
14.839185 55.246574 9
14.839467 55.246807 10
14.83883 55.24668 11
14.838788 55.24648 11A
14.839079 55.24677 12
14.838325 55.246647 13
14.838563 55.246803 14
14.838064 55.24665 15
14.838109 55.24685 16
14.837857 55.246655 17
14.837244 55.24668 21
14.837653 55.246647 19
15.124401 55.07359 11
14.70812 55.18061 1
14.841309 55.246586 1
14.840576 55.246624 2
14.84117 55.246582 3
14.840337 55.246548 4
14.840015 55.2464 5
14.839888 55.246582 6
14.839535 55.24649 7
14.838795 55.246284 7A
14.839081 55.24614 7B
14.839703 55.24661 8
14.839906 55.246964 8A
14.839185 55.246574 9
14.839467 55.246807 10
14.83883 55.24668 11
14.838788 55.24648 11A
14.839079 55.24677 12
14.838325 55.246647 13
14.838563 55.246803 14
14.838064 55.24665 15
14.838109 55.24685 16
14.837857 55.246655 17
14.837244 55.24668 21
14.837653 55.246647 19
15.124401 55.07359 11
14.70812 55.18061 1
14.841309 55.246586 1
14.840576 55.246624 2
14.84117 55.246582 3
14.840337 55.246548 4
14.840015 55.2464 5
14.839888 55.246582 6
14.839535 55.24649 7
14.838795 55.246284 7A
14.839081 55.24614 7B
14.839703 55.24661 8
14.839906 55.246964 8A
14.839185 55.246574 9
14.839467 55.246807 10
14.83883 55.24668 11
14.838788 55.24648 11A
14.839079 55.24677 12
14.838325 55.246647 13
14.838563 55.246803 14
14.838064 55.24665 15
14.838109 55.24685 16
14.837857 55.246655 17
14.837244 55.24668 21
14.837653 55.246647 19
15.124401 55.07359 11
14.70812 55.18061 1
