14.830276 55.24493 2
14.829874 55.245384 3
14.830444 55.24482 4
14.830438 55.245316 5
14.830588 55.244717 6
14.830266 55.24554 7
14.831058 55.24489 8
14.830633 55.24569 9
14.830919 55.244995 10
14.830872 55.24548 11
14.830775 55.245094 12
14.831183 55.245247 14
14.831321 55.245148 16
14.831445 55.24506 18
14.831252 55.245686 13
14.700745 55.103546 2
14.830276 55.24493 2
14.829874 55.245384 3
14.830444 55.24482 4
14.830438 55.245316 5
14.830588 55.244717 6
14.830266 55.24554 7
14.831058 55.24489 8
14.830633 55.24569 9
14.830919 55.244995 10
14.830872 55.24548 11
14.830775 55.245094 12
14.831183 55.245247 14
14.831321 55.245148 16
14.831445 55.24506 18
14.831252 55.245686 13
14.700745 55.103546 2
14.830276 55.24493 2
14.829874 55.245384 3
14.830444 55.24482 4
14.830438 55.245316 5
14.830588 55.244717 6
14.830266 55.24554 7
14.831058 55.24489 8
14.830633 55.24569 9
14.830919 55.244995 10
14.830872 55.24548 11
14.830775 55.245094 12
14.831183 55.245247 14
14.831321 55.245148 16
14.831445 55.24506 18
14.831252 55.245686 13
14.700745 55.103546 2
14.830276 55.24493 2
14.829874 55.245384 3
14.830444 55.24482 4
14.830438 55.245316 5
14.830588 55.244717 6
14.830266 55.24554 7
14.831058 55.24489 8
14.830633 55.24569 9
14.830919 55.244995 10
14.830872 55.24548 11
14.830775 55.245094 12
14.831183 55.245247 14
14.831321 55.245148 16
14.831445 55.24506 18
14.831252 55.245686 13
14.700745 55.103546 2
14.830276 55.24493 2
14.829874 55.245384 3
14.830444 55.24482 4
14.830438 55.245316 5
14.830588 55.244717 6
14.830266 55.24554 7
14.831058 55.24489 8
14.830633 55.24569 9
14.830919 55.244995 10
14.830872 55.24548 11
14.830775 55.245094 12
14.831183 55.245247 14
14.831321 55.245148 16
14.831445 55.24506 18
14.831252 55.245686 13
14.700745 55.103546 2
14.830276 55.24493 2
14.829874 55.245384 3
14.830444 55.24482 4
14.830438 55.245316 5
14.830588 55.244717 6
14.830266 55.24554 7
14.831058 55.24489 8
14.830633 55.24569 9
14.830919 55.244995 10
14.830872 55.24548 11
14.830775 55.245094 12
14.831183 55.245247 14
14.831321 55.245148 16
14.831445 55.24506 18
14.831252 55.245686 13
14.700745 55.103546 2
