14.838123 55.247375 1
14.83788 55.24765 2
14.838237 55.247616 2A
14.837807 55.247616 2C
14.837654 55.24762 4A
14.837522 55.247612 4B
14.837092 55.247383 7
14.833383 55.248264 8
14.833107 55.24834 10
14.836674 55.24737 11
14.836446 55.247353 13
14.832582 55.248512 14
14.832225 55.248634 18
14.831952 55.24875 20
14.835202 55.24692 23
14.831148 55.24925 24
14.830939 55.249577 26
14.835477 55.247364 27
14.830584 55.24957 28
14.835325 55.24747 29
14.830467 55.249672 30
14.834432 55.24732 39
14.828068 55.251083 40
14.834738 55.24767 41
14.827517 55.251156 42
14.828809 55.2511 44
14.834174 55.24791 47
14.833564 55.24798 51
14.826232 55.25151 52
14.824993 55.25198 52A
14.824308 55.252346 52B
14.833266 55.24807 53
14.832258 55.248325 57
14.823692 55.252525 58
14.831956 55.24845 59
14.823041 55.252956 62
14.831635 55.248592 63
14.822916 55.25308 64
14.831238 55.2488 65
14.831 55.248917 67
14.830447 55.24905 69
14.830224 55.249256 71
14.830152 55.249382 73
14.829609 55.249653 77
14.829374 55.24978 79
14.829136 55.249893 81
14.828593 55.250072 85
14.827675 55.250484 95
14.82608 55.251198 103
14.825549 55.25129 107
14.824254 55.251762 115
14.823983 55.25186 117
14.823779 55.252018 119
14.823501 55.252228 121
14.822861 55.252384 125
14.827169 55.25142 46B
14.824847 55.251507 111
14.827551 55.25182 44C
14.822284 55.252937 131
14.821915 55.253105 133
14.821996 55.252453 129B
14.8227 55.252743 129A
14.824518 55.251633 113
14.825189 55.251404 109
14.82582 55.25121 105
14.826762 55.250988 99
14.827091 55.250866 97
14.827916 55.250317 91
14.828308 55.250355 89
14.829787 55.249573 75
14.833851 55.24791 49
14.826596 55.251408 48
14.826986 55.251343 46
14.834424 55.24779 45
14.828084 55.251534 44B
14.834762 55.247196 37
14.829984 55.24992 34
14.83171 55.249214 22
14.823333 55.25232 123
14.828578 55.250244 87
14.823374 55.252754 60
14.835007 55.2475 31
14.835276 55.24711 27B
14.835726 55.247314 19
14.835955 55.247345 17
14.823105 55.252415 127
14.832554 55.24825 55
14.823884 55.25244 54
14.832802 55.24845 12
14.83239 55.248573 16
14.836278 55.24734 15
14.833562 55.24821 6
14.837687 55.24742 3
14.838041 55.247616 2B
14.706876 55.18664 1
14.838123 55.247375 1
14.83788 55.24765 2
14.838237 55.247616 2A
14.837807 55.247616 2C
14.837654 55.24762 4A
14.837522 55.247612 4B
14.837092 55.247383 7
14.833383 55.248264 8
14.833107 55.24834 10
14.836674 55.24737 11
14.836446 55.247353 13
14.832582 55.248512 14
14.832225 55.248634 18
14.831952 55.24875 20
14.835202 55.24692 23
14.831148 55.24925 24
14.830939 55.249577 26
14.835477 55.247364 27
14.830584 55.24957 28
14.835325 55.24747 29
14.830467 55.249672 30
14.834432 55.24732 39
14.828068 55.251083 40
14.834738 55.24767 41
14.827517 55.251156 42
14.828809 55.2511 44
14.834174 55.24791 47
14.833564 55.24798 51
14.826232 55.25151 52
14.824993 55.25198 52A
14.824308 55.252346 52B
14.833266 55.24807 53
14.832258 55.248325 57
14.823692 55.252525 58
14.831956 55.24845 59
14.823041 55.252956 62
14.831635 55.248592 63
14.822916 55.25308 64
14.831238 55.2488 65
14.831 55.248917 67
14.830447 55.24905 69
14.830224 55.249256 71
14.830152 55.249382 73
14.829609 55.249653 77
14.829374 55.24978 79
14.829136 55.249893 81
14.828593 55.250072 85
14.827675 55.250484 95
14.82608 55.251198 103
14.825549 55.25129 107
14.824254 55.251762 115
14.823983 55.25186 117
14.823779 55.252018 119
14.823501 55.252228 121
14.822861 55.252384 125
14.827169 55.25142 46B
14.824847 55.251507 111
14.827551 55.25182 44C
14.822284 55.252937 131
14.821915 55.253105 133
14.821996 55.252453 129B
14.8227 55.252743 129A
14.824518 55.251633 113
14.825189 55.251404 109
14.82582 55.25121 105
14.826762 55.250988 99
14.827091 55.250866 97
14.827916 55.250317 91
14.828308 55.250355 89
14.829787 55.249573 75
14.833851 55.24791 49
14.826596 55.251408 48
14.826986 55.251343 46
14.834424 55.24779 45
14.828084 55.251534 44B
14.834762 55.247196 37
14.829984 55.24992 34
14.83171 55.249214 22
14.823333 55.25232 123
14.828578 55.250244 87
14.823374 55.252754 60
14.835007 55.2475 31
14.835276 55.24711 27B
14.835726 55.247314 19
14.835955 55.247345 17
14.823105 55.252415 127
14.832554 55.24825 55
14.823884 55.25244 54
14.832802 55.24845 12
14.83239 55.248573 16
14.836278 55.24734 15
14.833562 55.24821 6
14.837687 55.24742 3
14.838041 55.247616 2B
14.706876 55.18664 1
14.838123 55.247375 1
14.83788 55.24765 2
14.838237 55.247616 2A
14.837807 55.247616 2C
14.837654 55.24762 4A
14.837522 55.247612 4B
14.837092 55.247383 7
14.833383 55.248264 8
14.833107 55.24834 10
14.836674 55.24737 11
14.836446 55.247353 13
14.832582 55.248512 14
14.832225 55.248634 18
14.831952 55.24875 20
14.835202 55.24692 23
14.831148 55.24925 24
14.830939 55.249577 26
14.835477 55.247364 27
14.830584 55.24957 28
14.835325 55.24747 29
14.830467 55.249672 30
14.834432 55.24732 39
14.828068 55.251083 40
14.834738 55.24767 41
14.827517 55.251156 42
14.828809 55.2511 44
14.834174 55.24791 47
14.833564 55.24798 51
14.826232 55.25151 52
14.824993 55.25198 52A
14.824308 55.252346 52B
14.833266 55.24807 53
14.832258 55.248325 57
14.823692 55.252525 58
14.831956 55.24845 59
14.823041 55.252956 62
14.831635 55.248592 63
14.822916 55.25308 64
14.831238 55.2488 65
14.831 55.248917 67
14.830447 55.24905 69
14.830224 55.249256 71
14.830152 55.249382 73
14.829609 55.249653 77
14.829374 55.24978 79
14.829136 55.249893 81
14.828593 55.250072 85
14.827675 55.250484 95
14.82608 55.251198 103
14.825549 55.25129 107
14.824254 55.251762 115
14.823983 55.25186 117
14.823779 55.252018 119
14.823501 55.252228 121
14.822861 55.252384 125
14.827169 55.25142 46B
14.824847 55.251507 111
14.827551 55.25182 44C
14.822284 55.252937 131
14.821915 55.253105 133
14.821996 55.252453 129B
14.8227 55.252743 129A
14.824518 55.251633 113
14.825189 55.251404 109
14.82582 55.25121 105
14.826762 55.250988 99
14.827091 55.250866 97
14.827916 55.250317 91
14.828308 55.250355 89
14.829787 55.249573 75
14.833851 55.24791 49
14.826596 55.251408 48
14.826986 55.251343 46
14.834424 55.24779 45
14.828084 55.251534 44B
14.834762 55.247196 37
14.829984 55.24992 34
14.83171 55.249214 22
14.823333 55.25232 123
14.828578 55.250244 87
14.823374 55.252754 60
14.835007 55.2475 31
14.835276 55.24711 27B
14.835726 55.247314 19
14.835955 55.247345 17
14.823105 55.252415 127
14.832554 55.24825 55
14.823884 55.25244 54
14.832802 55.24845 12
14.83239 55.248573 16
14.836278 55.24734 15
14.833562 55.24821 6
14.837687 55.24742 3
14.838041 55.247616 2B
14.706876 55.18664 1
14.838123 55.247375 1
14.83788 55.24765 2
14.838237 55.247616 2A
14.837807 55.247616 2C
14.837654 55.24762 4A
14.837522 55.247612 4B
14.837092 55.247383 7
14.833383 55.248264 8
14.833107 55.24834 10
14.836674 55.24737 11
14.836446 55.247353 13
14.832582 55.248512 14
14.832225 55.248634 18
14.831952 55.24875 20
14.835202 55.24692 23
14.831148 55.24925 24
14.830939 55.249577 26
14.835477 55.247364 27
14.830584 55.24957 28
14.835325 55.24747 29
14.830467 55.249672 30
14.834432 55.24732 39
14.828068 55.251083 40
14.834738 55.24767 41
14.827517 55.251156 42
14.828809 55.2511 44
14.834174 55.24791 47
14.833564 55.24798 51
14.826232 55.25151 52
14.824993 55.25198 52A
14.824308 55.252346 52B
14.833266 55.24807 53
14.832258 55.248325 57
14.823692 55.252525 58
14.831956 55.24845 59
14.823041 55.252956 62
14.831635 55.248592 63
14.822916 55.25308 64
14.831238 55.2488 65
14.831 55.248917 67
14.830447 55.24905 69
14.830224 55.249256 71
14.830152 55.249382 73
14.829609 55.249653 77
14.829374 55.24978 79
14.829136 55.249893 81
14.828593 55.250072 85
14.827675 55.250484 95
14.82608 55.251198 103
14.825549 55.25129 107
14.824254 55.251762 115
14.823983 55.25186 117
14.823779 55.252018 119
14.823501 55.252228 121
14.822861 55.252384 125
14.827169 55.25142 46B
14.824847 55.251507 111
14.827551 55.25182 44C
14.822284 55.252937 131
14.821915 55.253105 133
14.821996 55.252453 129B
14.8227 55.252743 129A
14.824518 55.251633 113
14.825189 55.251404 109
14.82582 55.25121 105
14.826762 55.250988 99
14.827091 55.250866 97
14.827916 55.250317 91
14.828308 55.250355 89
14.829787 55.249573 75
14.833851 55.24791 49
14.826596 55.251408 48
14.826986 55.251343 46
14.834424 55.24779 45
14.828084 55.251534 44B
14.834762 55.247196 37
14.829984 55.24992 34
14.83171 55.249214 22
14.823333 55.25232 123
14.828578 55.250244 87
14.823374 55.252754 60
14.835007 55.2475 31
14.835276 55.24711 27B
14.835726 55.247314 19
14.835955 55.247345 17
14.823105 55.252415 127
14.832554 55.24825 55
14.823884 55.25244 54
14.832802 55.24845 12
14.83239 55.248573 16
14.836278 55.24734 15
14.833562 55.24821 6
14.837687 55.24742 3
14.838041 55.247616 2B
14.706876 55.18664 1
14.838123 55.247375 1
14.83788 55.24765 2
14.838237 55.247616 2A
14.837807 55.247616 2C
14.837654 55.24762 4A
14.837522 55.247612 4B
14.837092 55.247383 7
14.833383 55.248264 8
14.833107 55.24834 10
14.836674 55.24737 11
14.836446 55.247353 13
14.832582 55.248512 14
14.832225 55.248634 18
14.831952 55.24875 20
14.835202 55.24692 23
14.831148 55.24925 24
14.830939 55.249577 26
14.835477 55.247364 27
14.830584 55.24957 28
14.835325 55.24747 29
14.830467 55.249672 30
14.834432 55.24732 39
14.828068 55.251083 40
14.834738 55.24767 41
14.827517 55.251156 42
14.828809 55.2511 44
14.834174 55.24791 47
14.833564 55.24798 51
14.826232 55.25151 52
14.824993 55.25198 52A
14.824308 55.252346 52B
14.833266 55.24807 53
14.832258 55.248325 57
14.823692 55.252525 58
14.831956 55.24845 59
14.823041 55.252956 62
14.831635 55.248592 63
14.822916 55.25308 64
14.831238 55.2488 65
14.831 55.248917 67
14.830447 55.24905 69
14.830224 55.249256 71
14.830152 55.249382 73
14.829609 55.249653 77
14.829374 55.24978 79
14.829136 55.249893 81
14.828593 55.250072 85
14.827675 55.250484 95
14.82608 55.251198 103
14.825549 55.25129 107
14.824254 55.251762 115
14.823983 55.25186 117
14.823779 55.252018 119
14.823501 55.252228 121
14.822861 55.252384 125
14.827169 55.25142 46B
14.824847 55.251507 111
14.827551 55.25182 44C
14.822284 55.252937 131
14.821915 55.253105 133
14.821996 55.252453 129B
14.8227 55.252743 129A
14.824518 55.251633 113
14.825189 55.251404 109
14.82582 55.25121 105
14.826762 55.250988 99
14.827091 55.250866 97
14.827916 55.250317 91
14.828308 55.250355 89
14.829787 55.249573 75
14.833851 55.24791 49
14.826596 55.251408 48
14.826986 55.251343 46
14.834424 55.24779 45
14.828084 55.251534 44B
14.834762 55.247196 37
14.829984 55.24992 34
14.83171 55.249214 22
14.823333 55.25232 123
14.828578 55.250244 87
14.823374 55.252754 60
14.835007 55.2475 31
14.835276 55.24711 27B
14.835726 55.247314 19
14.835955 55.247345 17
14.823105 55.252415 127
14.832554 55.24825 55
14.823884 55.25244 54
14.832802 55.24845 12
14.83239 55.248573 16
14.836278 55.24734 15
14.833562 55.24821 6
14.837687 55.24742 3
14.838041 55.247616 2B
14.706876 55.18664 1
14.838123 55.247375 1
14.83788 55.24765 2
14.838237 55.247616 2A
14.837807 55.247616 2C
14.837654 55.24762 4A
14.837522 55.247612 4B
14.837092 55.247383 7
14.833383 55.248264 8
14.833107 55.24834 10
14.836674 55.24737 11
14.836446 55.247353 13
14.832582 55.248512 14
14.832225 55.248634 18
14.831952 55.24875 20
14.835202 55.24692 23
14.831148 55.24925 24
14.830939 55.249577 26
14.835477 55.247364 27
14.830584 55.24957 28
14.835325 55.24747 29
14.830467 55.249672 30
14.834432 55.24732 39
14.828068 55.251083 40
14.834738 55.24767 41
14.827517 55.251156 42
14.828809 55.2511 44
14.834174 55.24791 47
14.833564 55.24798 51
14.826232 55.25151 52
14.824993 55.25198 52A
14.824308 55.252346 52B
14.833266 55.24807 53
14.832258 55.248325 57
14.823692 55.252525 58
14.831956 55.24845 59
14.823041 55.252956 62
14.831635 55.248592 63
14.822916 55.25308 64
14.831238 55.2488 65
14.831 55.248917 67
14.830447 55.24905 69
14.830224 55.249256 71
14.830152 55.249382 73
14.829609 55.249653 77
14.829374 55.24978 79
14.829136 55.249893 81
14.828593 55.250072 85
14.827675 55.250484 95
14.82608 55.251198 103
14.825549 55.25129 107
14.824254 55.251762 115
14.823983 55.25186 117
14.823779 55.252018 119
14.823501 55.252228 121
14.822861 55.252384 125
14.827169 55.25142 46B
14.824847 55.251507 111
14.827551 55.25182 44C
14.822284 55.252937 131
14.821915 55.253105 133
14.821996 55.252453 129B
14.8227 55.252743 129A
14.824518 55.251633 113
14.825189 55.251404 109
14.82582 55.25121 105
14.826762 55.250988 99
14.827091 55.250866 97
14.827916 55.250317 91
14.828308 55.250355 89
14.829787 55.249573 75
14.833851 55.24791 49
14.826596 55.251408 48
14.826986 55.251343 46
14.834424 55.24779 45
14.828084 55.251534 44B
14.834762 55.247196 37
14.829984 55.24992 34
14.83171 55.249214 22
14.823333 55.25232 123
14.828578 55.250244 87
14.823374 55.252754 60
14.835007 55.2475 31
14.835276 55.24711 27B
14.835726 55.247314 19
14.835955 55.247345 17
14.823105 55.252415 127
14.832554 55.24825 55
14.823884 55.25244 54
14.832802 55.24845 12
14.83239 55.248573 16
14.836278 55.24734 15
14.833562 55.24821 6
14.837687 55.24742 3
14.838041 55.247616 2B
14.706876 55.18664 1
