14.800224 55.275913 1
14.800224 55.275677 2
14.8002 55.275604 3
14.800118 55.275505 4
14.800224 55.275913 1
14.800224 55.275677 2
14.8002 55.275604 3
14.800118 55.275505 4
14.800224 55.275913 1
14.800224 55.275677 2
14.8002 55.275604 3
14.800118 55.275505 4
14.800224 55.275913 1
14.800224 55.275677 2
14.8002 55.275604 3
14.800118 55.275505 4
14.800224 55.275913 1
14.800224 55.275677 2
14.8002 55.275604 3
14.800118 55.275505 4
14.800224 55.275913 1
14.800224 55.275677 2
14.8002 55.275604 3
14.800118 55.275505 4
