14.798929 55.276566 2
14.797923 55.27712 3
14.798898 55.276665 4
14.797521 55.277107 5
14.798894 55.27683 6
14.797433 55.27725 7
14.79885 55.276928 8
14.797008 55.277218 9
14.798772 55.277096 10
14.797018 55.277054 11
14.798731 55.277195 12
14.796647 55.27702 13
14.798468 55.27733 14
14.796579 55.277153 15
14.796224 55.277153 17
14.798403 55.277565 18
14.796123 55.277008 19
14.798278 55.27753 20
14.795938 55.27693 21
14.798089 55.277477 22
14.795705 55.276855 23
14.795536 55.27706 25
14.795772 55.277172 27
14.796479 55.27757 24
14.798619 55.277367 16
14.823364 55.10868 1
