14.801797 55.276093 2
14.801465 55.276035 3
14.801689 55.2761 4
14.801113 55.27606 5
14.801571 55.276108 6
14.800761 55.276054 7
14.80007 55.27608 7B
14.801096 55.27614 8
14.799843 55.276123 9
14.800272 55.27625 10
14.799736 55.276127 11
14.799616 55.276264 12
14.799684 55.275967 13
14.799338 55.276283 14
14.799664 55.275898 15
14.799169 55.27574 15A
14.799652 55.275837 15B
14.799357 55.275925 15C
14.799251 55.276665 16A
14.79919 55.27681 16B
14.796913 55.276386 18
14.796114 55.276516 18A
14.797459 55.276897 18B
14.799316 55.276176 19
14.792749 55.276646 20
14.799212 55.276188 21
14.792044 55.27635 22
14.799034 55.276203 23
14.798788 55.27618 25
14.798631 55.275894 27
14.798304 55.276188 27B
14.796613 55.276073 29
14.794481 55.27612 31
14.793594 55.275238 31B
14.79291 55.275215 33
14.789837 55.27325 33A
14.793101 55.276215 35
14.792585 55.27622 37
14.791574 55.275764 37A
14.790518 55.27533 37B
14.791974 55.276005 37C
14.786773 55.27174 39
14.7995 55.276157 17
14.790373 55.276478 24
14.753885 55.14019 1
