14.798671 55.272377 1B
14.798193 55.272957 2
14.797801 55.272476 3
14.797855 55.273216 4
14.797336 55.273296 5
14.797687 55.273457 6
14.79718 55.27355 7
14.797668 55.273655 8
14.796963 55.273865 9
14.797408 55.27398 10
14.796783 55.274067 11
14.797249 55.27419 12
14.796062 55.274956 13
14.797107 55.274406 14
14.795674 55.275063 15
14.796878 55.274647 16
14.795608 55.27531 17
14.796735 55.274914 18
14.795516 55.275517 19
14.796595 55.27516 20
14.795307 55.27584 21
14.79622 55.275265 22
14.795041 55.27603 23
14.796025 55.275444 24
14.795889 55.275673 26
14.795803 55.275864 28
15.134116 55.069386 1A
