14.799188 55.27714 1
14.799609 55.276768 2
14.799197 55.277336 3
14.799586 55.27683 4
14.799056 55.277477 5
14.799533 55.276962 6
14.798712 55.277653 7
14.799503 55.277023 8
14.799564 55.277264 8B
14.798714 55.27784 9
14.799362 55.277397 10
14.799315 55.277447 12
14.798574 55.277966 13
14.799249 55.277542 14
14.798522 55.278015 15
14.79907 55.277702 16
14.797912 55.278114 17
14.799021 55.277756 18
14.798402 55.2783 19
14.798932 55.27784 20
14.798532 55.27833 21
14.798881 55.277885 22
14.798639 55.27836 23
14.798791 55.277966 24
14.798578 55.278465 25
14.798654 55.27789 11
