14.80286 55.241497 1
14.799136 55.2398 4
14.811236 55.245495 5
14.817076 55.2365 6
14.813122 55.241318 7
14.823696 55.234188 8
14.83222 55.23569 8B
14.833061 55.234245 10
14.828098 55.235767 11
14.837264 55.235077 12
14.837984 55.234314 12A
14.838421 55.23689 13
14.839316 55.233814 14
14.841107 55.233856 15
14.837028 55.228832 16
14.846909 55.237133 17
14.849356 55.23578 19
14.810547 55.242153 7C
14.717673 55.094624 1
14.80286 55.241497 1
14.799136 55.2398 4
14.811236 55.245495 5
14.817076 55.2365 6
14.813122 55.241318 7
14.823696 55.234188 8
14.83222 55.23569 8B
14.833061 55.234245 10
14.828098 55.235767 11
14.837264 55.235077 12
14.837984 55.234314 12A
14.838421 55.23689 13
14.839316 55.233814 14
14.841107 55.233856 15
14.837028 55.228832 16
14.846909 55.237133 17
14.849356 55.23578 19
14.810547 55.242153 7C
14.717673 55.094624 1
14.80286 55.241497 1
14.799136 55.2398 4
14.811236 55.245495 5
14.817076 55.2365 6
14.813122 55.241318 7
14.823696 55.234188 8
14.83222 55.23569 8B
14.833061 55.234245 10
14.828098 55.235767 11
14.837264 55.235077 12
14.837984 55.234314 12A
14.838421 55.23689 13
14.839316 55.233814 14
14.841107 55.233856 15
14.837028 55.228832 16
14.846909 55.237133 17
14.849356 55.23578 19
14.810547 55.242153 7C
14.717673 55.094624 1
14.80286 55.241497 1
14.799136 55.2398 4
14.811236 55.245495 5
14.817076 55.2365 6
14.813122 55.241318 7
14.823696 55.234188 8
14.83222 55.23569 8B
14.833061 55.234245 10
14.828098 55.235767 11
14.837264 55.235077 12
14.837984 55.234314 12A
14.838421 55.23689 13
14.839316 55.233814 14
14.841107 55.233856 15
14.837028 55.228832 16
14.846909 55.237133 17
14.849356 55.23578 19
14.810547 55.242153 7C
14.717673 55.094624 1
14.80286 55.241497 1
14.799136 55.2398 4
14.811236 55.245495 5
14.817076 55.2365 6
14.813122 55.241318 7
14.823696 55.234188 8
14.83222 55.23569 8B
14.833061 55.234245 10
14.828098 55.235767 11
14.837264 55.235077 12
14.837984 55.234314 12A
14.838421 55.23689 13
14.839316 55.233814 14
14.841107 55.233856 15
14.837028 55.228832 16
14.846909 55.237133 17
14.849356 55.23578 19
14.810547 55.242153 7C
14.717673 55.094624 1
14.80286 55.241497 1
14.799136 55.2398 4
14.811236 55.245495 5
14.817076 55.2365 6
14.813122 55.241318 7
14.823696 55.234188 8
14.83222 55.23569 8B
14.833061 55.234245 10
14.828098 55.235767 11
14.837264 55.235077 12
14.837984 55.234314 12A
14.838421 55.23689 13
14.839316 55.233814 14
14.841107 55.233856 15
14.837028 55.228832 16
14.846909 55.237133 17
14.849356 55.23578 19
14.810547 55.242153 7C
14.717673 55.094624 1
