14.801695 55.277145 2
14.801993 55.277107 3
14.80166 55.277107 2A
15.110842 55.045486 1
14.801695 55.277145 2
14.801993 55.277107 3
14.80166 55.277107 2A
15.110842 55.045486 1
14.801695 55.277145 2
14.801993 55.277107 3
14.80166 55.277107 2A
15.110842 55.045486 1
14.801695 55.277145 2
14.801993 55.277107 3
14.80166 55.277107 2A
15.110842 55.045486 1
14.801695 55.277145 2
14.801993 55.277107 3
14.80166 55.277107 2A
15.110842 55.045486 1
14.801695 55.277145 2
14.801993 55.277107 3
14.80166 55.277107 2A
15.110842 55.045486 1
