14.833095 55.24532 1
14.83343 55.245472 2
14.832916 55.245483 3
14.833466 55.24578 4
14.832737 55.245686 5
14.832949 55.245968 6
14.832526 55.245872 7
14.832692 55.246166 8
14.832345 55.246037 9
14.832411 55.24651 10
14.832117 55.246227 11
14.832297 55.246777 12
14.832018 55.246414 13
14.832173 55.24696 14
14.831855 55.24668 15
14.832073 55.24712 16
14.831751 55.246845 17
14.831961 55.247295 18
14.83165 55.247013 19
14.831794 55.247498 20
14.831516 55.24721 21
14.831694 55.24768 22
14.831397 55.24739 23
14.831723 55.247902 24
14.831253 55.24758 25
14.83145 55.248062 26
14.831084 55.247746 27
14.831246 55.24818 28
14.830746 55.247887 29
14.830276 55.24833 31
14.830007 55.248802 32
14.829807 55.24857 33
14.829628 55.24898 34
14.829585 55.248672 35
14.828202 55.2491 37
14.828708 55.24932 38
14.828099 55.249477 40
14.826385 55.249935 42
14.824109 55.250427 47
14.823789 55.25056 49
14.82335 55.25078 51
14.822831 55.25087 53
14.824452 55.25057 60
14.824793 55.250835 62
14.824195 55.250805 64
14.823915 55.25086 66
14.823615 55.25105 68
14.823288 55.251198 70
