14.783983 55.283836 1B
14.784303 55.283913 1C
14.784494 55.283573 1D
14.7849 55.28377 3
14.784954 55.283974 5
14.786542 55.283764 6
14.784778 55.284206 7
14.785648 55.28396 8
14.784782 55.28442 9
14.78534 55.284657 10
14.78469 55.28465 11
14.785098 55.285015 12
14.784535 55.2849 13
14.783983 55.283836 1B
14.784303 55.283913 1C
14.784494 55.283573 1D
14.7849 55.28377 3
14.784954 55.283974 5
14.786542 55.283764 6
14.784778 55.284206 7
14.785648 55.28396 8
14.784782 55.28442 9
14.78534 55.284657 10
14.78469 55.28465 11
14.785098 55.285015 12
14.784535 55.2849 13
14.783983 55.283836 1B
14.784303 55.283913 1C
14.784494 55.283573 1D
14.7849 55.28377 3
14.784954 55.283974 5
14.786542 55.283764 6
14.784778 55.284206 7
14.785648 55.28396 8
14.784782 55.28442 9
14.78534 55.284657 10
14.78469 55.28465 11
14.785098 55.285015 12
14.784535 55.2849 13
14.783983 55.283836 1B
14.784303 55.283913 1C
14.784494 55.283573 1D
14.7849 55.28377 3
14.784954 55.283974 5
14.786542 55.283764 6
14.784778 55.284206 7
14.785648 55.28396 8
14.784782 55.28442 9
14.78534 55.284657 10
14.78469 55.28465 11
14.785098 55.285015 12
14.784535 55.2849 13
14.783983 55.283836 1B
14.784303 55.283913 1C
14.784494 55.283573 1D
14.7849 55.28377 3
14.784954 55.283974 5
14.786542 55.283764 6
14.784778 55.284206 7
14.785648 55.28396 8
14.784782 55.28442 9
14.78534 55.284657 10
14.78469 55.28465 11
14.785098 55.285015 12
14.784535 55.2849 13
14.783983 55.283836 1B
14.784303 55.283913 1C
14.784494 55.283573 1D
14.7849 55.28377 3
14.784954 55.283974 5
14.786542 55.283764 6
14.784778 55.284206 7
14.785648 55.28396 8
14.784782 55.28442 9
14.78534 55.284657 10
14.78469 55.28465 11
14.785098 55.285015 12
14.784535 55.2849 13
