14.802404 55.27542 1
14.802438 55.275616 2
14.802249 55.275337 3
14.802317 55.27554 4
14.801899 55.27517 5
14.80191 55.274746 5A
14.801986 55.275524 6
14.801427 55.274757 7
14.802116 55.275433 8
14.801118 55.27453 9
14.801917 55.275337 10
14.801013 55.27447 11
14.801755 55.275253 12
14.800892 55.274403 13
14.801624 55.27517 14
14.800761 55.274326 15
14.801512 55.275085 16
14.800553 55.274208 17
14.801416 55.275005 18
14.800236 55.27402 19A
14.800507 55.273907 19B
14.800631 55.273834 19C
14.80077 55.273743 19D
14.800147 55.273853 19E
14.801088 55.27501 20
14.80002 55.273785 21
14.80117 55.275078 22
14.79988 55.273705 23
14.80127 55.274868 24
14.801064 55.27471 26
14.800807 55.274567 28
14.800654 55.274475 30
14.800479 55.274372 32
14.800361 55.274303 34
14.800213 55.27422 36
14.800122 55.27417 38
