14.81319 55.2594 2
14.81393 55.259266 3
14.813617 55.258953 4A
14.813325 55.258755 4B
14.813628 55.25849 4C
14.814454 55.259144 5
14.813948 55.258633 6A
14.813881 55.25833 6B
14.814203 55.258442 6C
14.814327 55.258934 7
14.814561 55.258213 8A
14.814314 55.258 8B
14.815193 55.258896 9
14.814826 55.25698 10
14.814586 55.258747 11
14.813729 55.255962 12
14.815301 55.258812 13
14.813082 55.255783 14
14.815579 55.258747 15
14.812549 55.25534 16A
14.812318 55.255547 16B
14.812137 55.25581 16C
14.815208 55.258568 17
14.814754 55.2586 19
14.815695 55.258293 19A
14.814943 55.258434 19B
14.810041 55.254208 20
14.815206 55.25762 21
14.815008 55.257248 23
14.815187 55.2571 25
14.81386 55.255768 27
14.813307 55.25543 27A
14.813039 55.255142 27B
14.813192 55.254967 27C
14.81271 55.25504 27D
14.812853 55.25474 29
14.812857 55.254044 31
14.812754 55.25375 33
14.811873 55.254253 35
14.811806 55.25333 37
14.815926 55.256573 25B
14.815677 55.256912 25A
14.696864 55.09922 1A
14.81319 55.2594 2
14.81393 55.259266 3
14.813617 55.258953 4A
14.813325 55.258755 4B
14.813628 55.25849 4C
14.814454 55.259144 5
14.813948 55.258633 6A
14.813881 55.25833 6B
14.814203 55.258442 6C
14.814327 55.258934 7
14.814561 55.258213 8A
14.814314 55.258 8B
14.815193 55.258896 9
14.814826 55.25698 10
14.814586 55.258747 11
14.813729 55.255962 12
14.815301 55.258812 13
14.813082 55.255783 14
14.815579 55.258747 15
14.812549 55.25534 16A
14.812318 55.255547 16B
14.812137 55.25581 16C
14.815208 55.258568 17
14.814754 55.2586 19
14.815695 55.258293 19A
14.814943 55.258434 19B
14.810041 55.254208 20
14.815206 55.25762 21
14.815008 55.257248 23
14.815187 55.2571 25
14.81386 55.255768 27
14.813307 55.25543 27A
14.813039 55.255142 27B
14.813192 55.254967 27C
14.81271 55.25504 27D
14.812853 55.25474 29
14.812857 55.254044 31
14.812754 55.25375 33
14.811873 55.254253 35
14.811806 55.25333 37
14.815926 55.256573 25B
14.815677 55.256912 25A
14.696864 55.09922 1A
14.81319 55.2594 2
14.81393 55.259266 3
14.813617 55.258953 4A
14.813325 55.258755 4B
14.813628 55.25849 4C
14.814454 55.259144 5
14.813948 55.258633 6A
14.813881 55.25833 6B
14.814203 55.258442 6C
14.814327 55.258934 7
14.814561 55.258213 8A
14.814314 55.258 8B
14.815193 55.258896 9
14.814826 55.25698 10
14.814586 55.258747 11
14.813729 55.255962 12
14.815301 55.258812 13
14.813082 55.255783 14
14.815579 55.258747 15
14.812549 55.25534 16A
14.812318 55.255547 16B
14.812137 55.25581 16C
14.815208 55.258568 17
14.814754 55.2586 19
14.815695 55.258293 19A
14.814943 55.258434 19B
14.810041 55.254208 20
14.815206 55.25762 21
14.815008 55.257248 23
14.815187 55.2571 25
14.81386 55.255768 27
14.813307 55.25543 27A
14.813039 55.255142 27B
14.813192 55.254967 27C
14.81271 55.25504 27D
14.812853 55.25474 29
14.812857 55.254044 31
14.812754 55.25375 33
14.811873 55.254253 35
14.811806 55.25333 37
14.815926 55.256573 25B
14.815677 55.256912 25A
14.696864 55.09922 1A
14.81319 55.2594 2
14.81393 55.259266 3
14.813617 55.258953 4A
14.813325 55.258755 4B
14.813628 55.25849 4C
14.814454 55.259144 5
14.813948 55.258633 6A
14.813881 55.25833 6B
14.814203 55.258442 6C
14.814327 55.258934 7
14.814561 55.258213 8A
14.814314 55.258 8B
14.815193 55.258896 9
14.814826 55.25698 10
14.814586 55.258747 11
14.813729 55.255962 12
14.815301 55.258812 13
14.813082 55.255783 14
14.815579 55.258747 15
14.812549 55.25534 16A
14.812318 55.255547 16B
14.812137 55.25581 16C
14.815208 55.258568 17
14.814754 55.2586 19
14.815695 55.258293 19A
14.814943 55.258434 19B
14.810041 55.254208 20
14.815206 55.25762 21
14.815008 55.257248 23
14.815187 55.2571 25
14.81386 55.255768 27
14.813307 55.25543 27A
14.813039 55.255142 27B
14.813192 55.254967 27C
14.81271 55.25504 27D
14.812853 55.25474 29
14.812857 55.254044 31
14.812754 55.25375 33
14.811873 55.254253 35
14.811806 55.25333 37
14.815926 55.256573 25B
14.815677 55.256912 25A
14.696864 55.09922 1A
14.81319 55.2594 2
14.81393 55.259266 3
14.813617 55.258953 4A
14.813325 55.258755 4B
14.813628 55.25849 4C
14.814454 55.259144 5
14.813948 55.258633 6A
14.813881 55.25833 6B
14.814203 55.258442 6C
14.814327 55.258934 7
14.814561 55.258213 8A
14.814314 55.258 8B
14.815193 55.258896 9
14.814826 55.25698 10
14.814586 55.258747 11
14.813729 55.255962 12
14.815301 55.258812 13
14.813082 55.255783 14
14.815579 55.258747 15
14.812549 55.25534 16A
14.812318 55.255547 16B
14.812137 55.25581 16C
14.815208 55.258568 17
14.814754 55.2586 19
14.815695 55.258293 19A
14.814943 55.258434 19B
14.810041 55.254208 20
14.815206 55.25762 21
14.815008 55.257248 23
14.815187 55.2571 25
14.81386 55.255768 27
14.813307 55.25543 27A
14.813039 55.255142 27B
14.813192 55.254967 27C
14.81271 55.25504 27D
14.812853 55.25474 29
14.812857 55.254044 31
14.812754 55.25375 33
14.811873 55.254253 35
14.811806 55.25333 37
14.815926 55.256573 25B
14.815677 55.256912 25A
14.696864 55.09922 1A
14.81319 55.2594 2
14.81393 55.259266 3
14.813617 55.258953 4A
14.813325 55.258755 4B
14.813628 55.25849 4C
14.814454 55.259144 5
14.813948 55.258633 6A
14.813881 55.25833 6B
14.814203 55.258442 6C
14.814327 55.258934 7
14.814561 55.258213 8A
14.814314 55.258 8B
14.815193 55.258896 9
14.814826 55.25698 10
14.814586 55.258747 11
14.813729 55.255962 12
14.815301 55.258812 13
14.813082 55.255783 14
14.815579 55.258747 15
14.812549 55.25534 16A
14.812318 55.255547 16B
14.812137 55.25581 16C
14.815208 55.258568 17
14.814754 55.2586 19
14.815695 55.258293 19A
14.814943 55.258434 19B
14.810041 55.254208 20
14.815206 55.25762 21
14.815008 55.257248 23
14.815187 55.2571 25
14.81386 55.255768 27
14.813307 55.25543 27A
14.813039 55.255142 27B
14.813192 55.254967 27C
14.81271 55.25504 27D
14.812853 55.25474 29
14.812857 55.254044 31
14.812754 55.25375 33
14.811873 55.254253 35
14.811806 55.25333 37
14.815926 55.256573 25B
14.815677 55.256912 25A
14.696864 55.09922 1A
