14.802872 55.275127 1
14.802671 55.275112 2
14.802935 55.274982 3
14.802785 55.274937 4
14.803022 55.274754 5
14.802826 55.274715 6
14.803045 55.274536 7
14.802286 55.274403 8
14.803023 55.27419 9
14.802751 55.27447 10
14.80303 55.27414 11
14.802788 55.27437 12
14.802816 55.27428 12A
14.803044 55.27405 13
14.802838 55.274193 14
14.803048 55.273983 15
14.802865 55.27408 16
14.803056 55.273865 17
14.802796 55.27392 18
14.80308 55.27365 19
14.802836 55.273827 20
14.802873 55.27339 22
14.803104 55.273468 23
14.803008 55.27306 24
14.80314 55.27336 25
14.803029 55.272778 26
14.803307 55.2729 27
14.802563 55.272476 28
14.80333 55.272808 29
14.803332 55.27273 31
14.803052 55.272358 32
14.803393 55.2724 33
14.803035 55.272106 34
14.803132 55.271896 36
14.804191 55.272583 37
14.803275 55.271725 38
14.803827 55.27216 39
14.80394 55.27196 39A
14.803297 55.27152 40
14.804315 55.27215 41
14.80332 55.271175 42
14.803844 55.271355 43
14.803214 55.270874 45
14.802121 55.270767 46
14.802769 55.270714 47
14.801705 55.270786 48
14.802395 55.27059 49
14.802053 55.270466 51
14.804948 55.271965 43A
14.804645 55.271854 43B
14.804325 55.271774 43C
14.804031 55.271687 43D
14.803948 55.271538 43E
14.803914 55.27135 43F
