14.801009 55.276993 1A
14.800843 55.27702 2
14.800718 55.276825 3
14.800185 55.27656 4
14.79983 55.27649 6
14.8006 55.276737 7
14.800551 55.276676 9
14.800245 55.27642 11
14.800065 55.27624 13
15.137532 55.13644 1
14.801009 55.276993 1A
14.800843 55.27702 2
14.800718 55.276825 3
14.800185 55.27656 4
14.79983 55.27649 6
14.8006 55.276737 7
14.800551 55.276676 9
14.800245 55.27642 11
14.800065 55.27624 13
15.137532 55.13644 1
14.801009 55.276993 1A
14.800843 55.27702 2
14.800718 55.276825 3
14.800185 55.27656 4
14.79983 55.27649 6
14.8006 55.276737 7
14.800551 55.276676 9
14.800245 55.27642 11
14.800065 55.27624 13
15.137532 55.13644 1
14.801009 55.276993 1A
14.800843 55.27702 2
14.800718 55.276825 3
14.800185 55.27656 4
14.79983 55.27649 6
14.8006 55.276737 7
14.800551 55.276676 9
14.800245 55.27642 11
14.800065 55.27624 13
15.137532 55.13644 1
14.801009 55.276993 1A
14.800843 55.27702 2
14.800718 55.276825 3
14.800185 55.27656 4
14.79983 55.27649 6
14.8006 55.276737 7
14.800551 55.276676 9
14.800245 55.27642 11
14.800065 55.27624 13
15.137532 55.13644 1
14.801009 55.276993 1A
14.800843 55.27702 2
14.800718 55.276825 3
14.800185 55.27656 4
14.79983 55.27649 6
14.8006 55.276737 7
14.800551 55.276676 9
14.800245 55.27642 11
14.800065 55.27624 13
15.137532 55.13644 1
