14.835223 55.24929 5B
14.835428 55.249207 5C
14.835658 55.249115 5D
14.835859 55.249035 5E
14.836424 55.248962 7
14.836807 55.248955 9
14.833985 55.249268 1C
14.833714 55.249226 1B
14.834197 55.24938 3
14.833873 55.24915 1
15.09221 55.067513 1
14.835223 55.24929 5B
14.835428 55.249207 5C
14.835658 55.249115 5D
14.835859 55.249035 5E
14.836424 55.248962 7
14.836807 55.248955 9
14.833985 55.249268 1C
14.833714 55.249226 1B
14.834197 55.24938 3
14.833873 55.24915 1
15.09221 55.067513 1
14.835223 55.24929 5B
14.835428 55.249207 5C
14.835658 55.249115 5D
14.835859 55.249035 5E
14.836424 55.248962 7
14.836807 55.248955 9
14.833985 55.249268 1C
14.833714 55.249226 1B
14.834197 55.24938 3
14.833873 55.24915 1
15.09221 55.067513 1
14.835223 55.24929 5B
14.835428 55.249207 5C
14.835658 55.249115 5D
14.835859 55.249035 5E
14.836424 55.248962 7
14.836807 55.248955 9
14.833985 55.249268 1C
14.833714 55.249226 1B
14.834197 55.24938 3
14.833873 55.24915 1
15.09221 55.067513 1
14.835223 55.24929 5B
14.835428 55.249207 5C
14.835658 55.249115 5D
14.835859 55.249035 5E
14.836424 55.248962 7
14.836807 55.248955 9
14.833985 55.249268 1C
14.833714 55.249226 1B
14.834197 55.24938 3
14.833873 55.24915 1
15.09221 55.067513 1
14.835223 55.24929 5B
14.835428 55.249207 5C
14.835658 55.249115 5D
14.835859 55.249035 5E
14.836424 55.248962 7
14.836807 55.248955 9
14.833985 55.249268 1C
14.833714 55.249226 1B
14.834197 55.24938 3
14.833873 55.24915 1
15.09221 55.067513 1
