14.801226 55.27591 1
14.800893 55.27634 2
14.80092 55.275818 3
14.800762 55.275948 4
14.800911 55.275547 5
14.800689 55.275806 6
14.800746 55.2754 7
14.800632 55.27563 8
14.800676 55.27524 9
14.801059 55.275112 11
14.800554 55.275394 12
14.800371 55.275146 14
14.799577 55.273586 15
14.800179 55.27508 16
14.800166 55.27509 16A
14.799445 55.27354 17
14.800112 55.274906 18
14.799419 55.273445 19
14.799525 55.274834 20
14.79937 55.273285 21
14.799759 55.274555 22
14.799689 55.274437 24
14.799525 55.27424 26
14.799434 55.274117 28
14.79932 55.274 30
14.799216 55.27386 32
14.799042 55.27354 34
14.79867 55.273205 36
14.79888 55.272938 38
14.798825 55.2728 40
14.800667 55.274986 13
