14.805814 55.2715 2
14.80621 55.27208 3
14.805517 55.271297 4
14.806456 55.27184 5
14.80596 55.27104 6
14.806836 55.2715 7
14.80751 55.271572 7A
14.806669 55.2709 8
14.806572 55.271343 9
14.806842 55.270653 10
14.807135 55.270267 12
14.806303 55.269875 14
14.808162 55.270866 15
14.80585 55.269684 16
14.807352 55.270603 17
14.807273 55.269665 18
14.80743 55.269325 20
14.809563 55.26918 21
14.809286 55.2689 23
14.809229 55.268406 25
14.810306 55.268536 35
14.807511 55.270966 11
14.806356 55.2712 6B
14.936806 55.155113 1
