14.808307 55.26776 1
14.808395 55.26754 3
14.807754 55.267246 4
14.80774 55.266483 6
14.808758 55.26673 7
14.808554 55.266407 9
14.808067 55.265972 11
14.709142 55.09773 1
14.808307 55.26776 1
14.808395 55.26754 3
14.807754 55.267246 4
14.80774 55.266483 6
14.808758 55.26673 7
14.808554 55.266407 9
14.808067 55.265972 11
14.709142 55.09773 1
14.808307 55.26776 1
14.808395 55.26754 3
14.807754 55.267246 4
14.80774 55.266483 6
14.808758 55.26673 7
14.808554 55.266407 9
14.808067 55.265972 11
14.709142 55.09773 1
14.808307 55.26776 1
14.808395 55.26754 3
14.807754 55.267246 4
14.80774 55.266483 6
14.808758 55.26673 7
14.808554 55.266407 9
14.808067 55.265972 11
14.709142 55.09773 1
14.808307 55.26776 1
14.808395 55.26754 3
14.807754 55.267246 4
14.80774 55.266483 6
14.808758 55.26673 7
14.808554 55.266407 9
14.808067 55.265972 11
14.709142 55.09773 1
14.808307 55.26776 1
14.808395 55.26754 3
14.807754 55.267246 4
14.80774 55.266483 6
14.808758 55.26673 7
14.808554 55.266407 9
14.808067 55.265972 11
14.709142 55.09773 1
