14.805256 55.26908 5
14.806901 55.26925 10
14.804724 55.268906 3
14.806643 55.269524 11
14.805227 55.268692 4
14.805753 55.269245 7
14.804225 55.26869 1
14.806324 55.269085 8
14.806564 55.26932 1V
14.8058 55.26891 6
14.806189 55.269394 9
14.925251 55.068916 1
14.805256 55.26908 5
14.806901 55.26925 10
14.804724 55.268906 3
14.806643 55.269524 11
14.805227 55.268692 4
14.805753 55.269245 7
14.804225 55.26869 1
14.806324 55.269085 8
14.806564 55.26932 1V
14.8058 55.26891 6
14.806189 55.269394 9
14.925251 55.068916 1
14.805256 55.26908 5
14.806901 55.26925 10
14.804724 55.268906 3
14.806643 55.269524 11
14.805227 55.268692 4
14.805753 55.269245 7
14.804225 55.26869 1
14.806324 55.269085 8
14.806564 55.26932 1V
14.8058 55.26891 6
14.806189 55.269394 9
14.925251 55.068916 1
14.805256 55.26908 5
14.806901 55.26925 10
14.804724 55.268906 3
14.806643 55.269524 11
14.805227 55.268692 4
14.805753 55.269245 7
14.804225 55.26869 1
14.806324 55.269085 8
14.806564 55.26932 1V
14.8058 55.26891 6
14.806189 55.269394 9
14.925251 55.068916 1
14.805256 55.26908 5
14.806901 55.26925 10
14.804724 55.268906 3
14.806643 55.269524 11
14.805227 55.268692 4
14.805753 55.269245 7
14.804225 55.26869 1
14.806324 55.269085 8
14.806564 55.26932 1V
14.8058 55.26891 6
14.806189 55.269394 9
14.925251 55.068916 1
14.805256 55.26908 5
14.806901 55.26925 10
14.804724 55.268906 3
14.806643 55.269524 11
14.805227 55.268692 4
14.805753 55.269245 7
14.804225 55.26869 1
14.806324 55.269085 8
14.806564 55.26932 1V
14.8058 55.26891 6
14.806189 55.269394 9
14.925251 55.068916 1
