14.805301 55.269417 30
14.804088 55.26925 2
14.80596 55.270397 53
14.805285 55.270287 42
14.805238 55.26945 29
14.804805 55.27004 33
14.80447 55.269154 15
14.804894 55.270016 34
14.804698 55.270058 32
14.803994 55.269135 6
14.804149 55.26902 9
14.806215 55.270676 65
14.806447 55.27018 59
14.806042 55.270367 54
14.806369 55.27022 58
14.805967 55.270767 62
14.804314 55.269268 18
14.804365 55.26923 17
14.806632 55.270493 70
14.804514 55.26911 14
14.805206 55.26993 37
14.804402 55.269096 13
14.80623 55.27029 56
14.806483 55.270554 68
14.805782 55.270466 51
14.805867 55.270435 52
14.80583 55.27008 48
14.805996 55.27001 50
14.803952 55.269173 5
14.804752 55.26968 23
14.806519 55.270145 60
14.806565 55.27052 69
14.805306 55.269897 38
14.805456 55.27023 44
14.805881 55.270794 61
14.80517 55.2695 28
14.806127 55.270336 55
14.805393 55.269863 39
14.806055 55.270737 63
14.805538 55.270203 45
14.804197 55.268974 10
14.804093 55.26906 8
14.806308 55.270252 57
14.805202 55.270306 41
14.805373 55.270256 43
14.804272 55.26931 19
14.804041 55.269096 7
14.805102 55.269543 27
14.804558 55.26973 21
14.804617 55.270073 31
14.804007 55.269222 3
14.804264 55.269047 11
14.805469 55.269836 40
14.804646 55.269703 22
14.804211 55.269356 20
14.804164 55.269283 1
14.805125 55.269962 36
14.805039 55.269577 26
14.804844 55.269653 24
14.806325 55.27063 66
14.805671 55.270153 46
14.804987 55.269997 35
14.805914 55.270046 49
14.804841 55.270714 71
14.804915 55.26963 25
14.803892 55.26921 4
14.806412 55.270596 67
14.804424 55.269188 16
14.804336 55.269073 12
14.805749 55.27012 47
14.987041 55.005802 1
