14.804064 55.2754 1
14.80428 55.275375 2
14.804226 55.275806 3
14.804106 55.27609 7
14.804363 55.275547 8A
14.804381 55.27563 8B
14.804537 55.275654 8C
14.804701 55.27564 8D
14.804797 55.275578 8E
14.804879 55.275513 8F
14.804387 55.275764 10
14.803518 55.276573 11
14.804367 55.275852 12
14.804332 55.27595 14
14.804164 55.276226 16
14.804059 55.27636 18
14.804035 55.27655 20
14.804035 55.27646 20A
14.804217 55.276722 22
14.803747 55.276756 24
14.803279 55.276783 26
14.802785 55.277122 30
14.802825 55.277306 32
14.802882 55.276722 15
14.803666 55.276512 9
14.803118 55.276676 13
14.804064 55.2754 1
14.80428 55.275375 2
14.804226 55.275806 3
14.804106 55.27609 7
14.804363 55.275547 8A
14.804381 55.27563 8B
14.804537 55.275654 8C
14.804701 55.27564 8D
14.804797 55.275578 8E
14.804879 55.275513 8F
14.804387 55.275764 10
14.803518 55.276573 11
14.804367 55.275852 12
14.804332 55.27595 14
14.804164 55.276226 16
14.804059 55.27636 18
14.804035 55.27655 20
14.804035 55.27646 20A
14.804217 55.276722 22
14.803747 55.276756 24
14.803279 55.276783 26
14.802785 55.277122 30
14.802825 55.277306 32
14.802882 55.276722 15
14.803666 55.276512 9
14.803118 55.276676 13
14.804064 55.2754 1
14.80428 55.275375 2
14.804226 55.275806 3
14.804106 55.27609 7
14.804363 55.275547 8A
14.804381 55.27563 8B
14.804537 55.275654 8C
14.804701 55.27564 8D
14.804797 55.275578 8E
14.804879 55.275513 8F
14.804387 55.275764 10
14.803518 55.276573 11
14.804367 55.275852 12
14.804332 55.27595 14
14.804164 55.276226 16
14.804059 55.27636 18
14.804035 55.27655 20
14.804035 55.27646 20A
14.804217 55.276722 22
14.803747 55.276756 24
14.803279 55.276783 26
14.802785 55.277122 30
14.802825 55.277306 32
14.802882 55.276722 15
14.803666 55.276512 9
14.803118 55.276676 13
14.804064 55.2754 1
14.80428 55.275375 2
14.804226 55.275806 3
14.804106 55.27609 7
14.804363 55.275547 8A
14.804381 55.27563 8B
14.804537 55.275654 8C
14.804701 55.27564 8D
14.804797 55.275578 8E
14.804879 55.275513 8F
14.804387 55.275764 10
14.803518 55.276573 11
14.804367 55.275852 12
14.804332 55.27595 14
14.804164 55.276226 16
14.804059 55.27636 18
14.804035 55.27655 20
14.804035 55.27646 20A
14.804217 55.276722 22
14.803747 55.276756 24
14.803279 55.276783 26
14.802785 55.277122 30
14.802825 55.277306 32
14.802882 55.276722 15
14.803666 55.276512 9
14.803118 55.276676 13
14.804064 55.2754 1
14.80428 55.275375 2
14.804226 55.275806 3
14.804106 55.27609 7
14.804363 55.275547 8A
14.804381 55.27563 8B
14.804537 55.275654 8C
14.804701 55.27564 8D
14.804797 55.275578 8E
14.804879 55.275513 8F
14.804387 55.275764 10
14.803518 55.276573 11
14.804367 55.275852 12
14.804332 55.27595 14
14.804164 55.276226 16
14.804059 55.27636 18
14.804035 55.27655 20
14.804035 55.27646 20A
14.804217 55.276722 22
14.803747 55.276756 24
14.803279 55.276783 26
14.802785 55.277122 30
14.802825 55.277306 32
14.802882 55.276722 15
14.803666 55.276512 9
14.803118 55.276676 13
14.804064 55.2754 1
14.80428 55.275375 2
14.804226 55.275806 3
14.804106 55.27609 7
14.804363 55.275547 8A
14.804381 55.27563 8B
14.804537 55.275654 8C
14.804701 55.27564 8D
14.804797 55.275578 8E
14.804879 55.275513 8F
14.804387 55.275764 10
14.803518 55.276573 11
14.804367 55.275852 12
14.804332 55.27595 14
14.804164 55.276226 16
14.804059 55.27636 18
14.804035 55.27655 20
14.804035 55.27646 20A
14.804217 55.276722 22
14.803747 55.276756 24
14.803279 55.276783 26
14.802785 55.277122 30
14.802825 55.277306 32
14.802882 55.276722 15
14.803666 55.276512 9
14.803118 55.276676 13
