12.577633 55.682877 2
12.577014 55.68289 3
12.577567 55.6829 4
12.576556 55.683037 5
12.577494 55.682934 6
12.577377 55.682976 8
12.577254 55.683094 10
12.577074 55.683113 12
12.577041 55.68308 14
12.57653 55.683247 20
12.575842 55.683292 23
12.575715 55.683327 25
12.576273 55.68333 26
12.575598 55.683357 27
12.576146 55.683372 28
12.575449 55.683407 29
12.57523 55.683464 31
12.5758 55.683475 32
12.575001 55.683537 33
12.575655 55.68352 34
12.574775 55.683598 35
12.575551 55.68355 36
12.576925 55.68313 16
12.575215 55.683422 31A
12.575202 55.68331 31B
12.575132 55.683315 31C
12.557239 55.68216 1
