12.588811 55.68655 3
12.589155 55.686653 4
12.588651 55.686596 5
12.588918 55.686718 6
12.588461 55.686646 7
12.588687 55.68678 8
12.588384 55.68667 9
12.588464 55.686832 10
12.588314 55.686684 11
12.588203 55.686714 13
12.585499 55.68763 40
12.585228 55.687702 42
12.584412 55.68792 44
12.585576 55.68742 45
12.583971 55.68805 46
12.585446 55.687454 47
12.585177 55.687527 49
12.584507 55.687702 51
12.583965 55.687855 53
12.583751 55.687897 55
12.583739 55.68792 57
12.583608 55.68795 59
12.583444 55.688 61
12.587739 55.687027 16
12.587685 55.686848 19
12.587599 55.687065 20
12.587572 55.686882 21
12.587537 55.687084 22
12.587445 55.686916 23
12.587429 55.68711 24
12.587332 55.68695 25
12.587342 55.687138 26
12.587203 55.68698 27
12.587285 55.68715 28
12.587087 55.687016 29
12.587202 55.687172 30
12.586947 55.68705 31
12.587137 55.687187 32
12.586843 55.68708 33
12.586716 55.68712 35
12.58659 55.687153 37
12.586242 55.68724 39
12.586109 55.68727 41
12.585969 55.68731 43
12.589198 55.686638 4A
12.589072 55.686672 4B
12.604563 55.661114 1
