15.147791 55.076027 2
15.143001 55.078423 3
15.15106 55.079876 4
15.145345 55.076572 5
15.152368 55.081833 6
15.146059 55.076557 7
15.153164 55.083233 8
15.14629 55.076717 9
15.146547 55.076813 11
15.152104 55.085686 12
15.146869 55.077137 13
15.15301 55.08696 14
15.147593 55.077766 15
15.151872 55.087597 16
15.153427 55.08718 16A
15.147859 55.078045 17
15.153799 55.091003 18
15.148104 55.07823 19
15.151334 55.09131 20
15.148444 55.07848 21
15.150164 55.093956 22
15.148506 55.07874 23A
15.148949 55.078922 23B
15.149414 55.079144 23C
15.149312 55.09475 24
15.149694 55.079456 25
15.146388 55.098564 26
15.149639 55.081264 27
15.15137 55.084118 29
15.151112 55.084248 29A
15.151361 55.08527 31
15.150774 55.089375 33
15.144436 55.0949 35
15.146363 55.09509 37
15.147172 55.07663 2B
15.147791 55.076027 2
15.143001 55.078423 3
15.15106 55.079876 4
15.145345 55.076572 5
15.152368 55.081833 6
15.146059 55.076557 7
15.153164 55.083233 8
15.14629 55.076717 9
15.146547 55.076813 11
15.152104 55.085686 12
15.146869 55.077137 13
15.15301 55.08696 14
15.147593 55.077766 15
15.151872 55.087597 16
15.153427 55.08718 16A
15.147859 55.078045 17
15.153799 55.091003 18
15.148104 55.07823 19
15.151334 55.09131 20
15.148444 55.07848 21
15.150164 55.093956 22
15.148506 55.07874 23A
15.148949 55.078922 23B
15.149414 55.079144 23C
15.149312 55.09475 24
15.149694 55.079456 25
15.146388 55.098564 26
15.149639 55.081264 27
15.15137 55.084118 29
15.151112 55.084248 29A
15.151361 55.08527 31
15.150774 55.089375 33
15.144436 55.0949 35
15.146363 55.09509 37
15.147172 55.07663 2B
15.147791 55.076027 2
15.143001 55.078423 3
15.15106 55.079876 4
15.145345 55.076572 5
15.152368 55.081833 6
15.146059 55.076557 7
15.153164 55.083233 8
15.14629 55.076717 9
15.146547 55.076813 11
15.152104 55.085686 12
15.146869 55.077137 13
15.15301 55.08696 14
15.147593 55.077766 15
15.151872 55.087597 16
15.153427 55.08718 16A
15.147859 55.078045 17
15.153799 55.091003 18
15.148104 55.07823 19
15.151334 55.09131 20
15.148444 55.07848 21
15.150164 55.093956 22
15.148506 55.07874 23A
15.148949 55.078922 23B
15.149414 55.079144 23C
15.149312 55.09475 24
15.149694 55.079456 25
15.146388 55.098564 26
15.149639 55.081264 27
15.15137 55.084118 29
15.151112 55.084248 29A
15.151361 55.08527 31
15.150774 55.089375 33
15.144436 55.0949 35
15.146363 55.09509 37
15.147172 55.07663 2B
15.147791 55.076027 2
15.143001 55.078423 3
15.15106 55.079876 4
15.145345 55.076572 5
15.152368 55.081833 6
15.146059 55.076557 7
15.153164 55.083233 8
15.14629 55.076717 9
15.146547 55.076813 11
15.152104 55.085686 12
15.146869 55.077137 13
15.15301 55.08696 14
15.147593 55.077766 15
15.151872 55.087597 16
15.153427 55.08718 16A
15.147859 55.078045 17
15.153799 55.091003 18
15.148104 55.07823 19
15.151334 55.09131 20
15.148444 55.07848 21
15.150164 55.093956 22
15.148506 55.07874 23A
15.148949 55.078922 23B
15.149414 55.079144 23C
15.149312 55.09475 24
15.149694 55.079456 25
15.146388 55.098564 26
15.149639 55.081264 27
15.15137 55.084118 29
15.151112 55.084248 29A
15.151361 55.08527 31
15.150774 55.089375 33
15.144436 55.0949 35
15.146363 55.09509 37
15.147172 55.07663 2B
15.147791 55.076027 2
15.143001 55.078423 3
15.15106 55.079876 4
15.145345 55.076572 5
15.152368 55.081833 6
15.146059 55.076557 7
15.153164 55.083233 8
15.14629 55.076717 9
15.146547 55.076813 11
15.152104 55.085686 12
15.146869 55.077137 13
15.15301 55.08696 14
15.147593 55.077766 15
15.151872 55.087597 16
15.153427 55.08718 16A
15.147859 55.078045 17
15.153799 55.091003 18
15.148104 55.07823 19
15.151334 55.09131 20
15.148444 55.07848 21
15.150164 55.093956 22
15.148506 55.07874 23A
15.148949 55.078922 23B
15.149414 55.079144 23C
15.149312 55.09475 24
15.149694 55.079456 25
15.146388 55.098564 26
15.149639 55.081264 27
15.15137 55.084118 29
15.151112 55.084248 29A
15.151361 55.08527 31
15.150774 55.089375 33
15.144436 55.0949 35
15.146363 55.09509 37
15.147172 55.07663 2B
15.147791 55.076027 2
15.143001 55.078423 3
15.15106 55.079876 4
15.145345 55.076572 5
15.152368 55.081833 6
15.146059 55.076557 7
15.153164 55.083233 8
15.14629 55.076717 9
15.146547 55.076813 11
15.152104 55.085686 12
15.146869 55.077137 13
15.15301 55.08696 14
15.147593 55.077766 15
15.151872 55.087597 16
15.153427 55.08718 16A
15.147859 55.078045 17
15.153799 55.091003 18
15.148104 55.07823 19
15.151334 55.09131 20
15.148444 55.07848 21
15.150164 55.093956 22
15.148506 55.07874 23A
15.148949 55.078922 23B
15.149414 55.079144 23C
15.149312 55.09475 24
15.149694 55.079456 25
15.146388 55.098564 26
15.149639 55.081264 27
15.15137 55.084118 29
15.151112 55.084248 29A
15.151361 55.08527 31
15.150774 55.089375 33
15.144436 55.0949 35
15.146363 55.09509 37
15.147172 55.07663 2B
