15.105269 55.036934 2
15.104954 55.03683 4
15.104676 55.03673 6
15.10392 55.036335 8
14.704247 55.107594 1
15.105269 55.036934 2
15.104954 55.03683 4
15.104676 55.03673 6
15.10392 55.036335 8
14.704247 55.107594 1
15.105269 55.036934 2
15.104954 55.03683 4
15.104676 55.03673 6
15.10392 55.036335 8
14.704247 55.107594 1
15.105269 55.036934 2
15.104954 55.03683 4
15.104676 55.03673 6
15.10392 55.036335 8
14.704247 55.107594 1
15.105269 55.036934 2
15.104954 55.03683 4
15.104676 55.03673 6
15.10392 55.036335 8
14.704247 55.107594 1
15.105269 55.036934 2
15.104954 55.03683 4
15.104676 55.03673 6
15.10392 55.036335 8
14.704247 55.107594 1
