15.130012 55.059467 1A
15.129841 55.05949 1B
15.129689 55.059624 2
15.129382 55.059525 3
15.129425 55.059704 4
15.129157 55.05959 5
15.129227 55.05977 6
15.128945 55.05966 7
15.129101 55.05981 8
15.128741 55.059795 9
15.129027 55.060028 10
15.128527 55.060005 12
15.128097 55.06001 13
15.128433 55.060036 14
15.127899 55.060078 15
15.128249 55.060097 16
15.127767 55.06012 17
15.128175 55.060123 18
15.128043 55.060192 20
15.12791 55.060223 22
15.127399 55.060318 24
15.127175 55.060352 26
14.699586 55.09895 1
15.130012 55.059467 1A
15.129841 55.05949 1B
15.129689 55.059624 2
15.129382 55.059525 3
15.129425 55.059704 4
15.129157 55.05959 5
15.129227 55.05977 6
15.128945 55.05966 7
15.129101 55.05981 8
15.128741 55.059795 9
15.129027 55.060028 10
15.128527 55.060005 12
15.128097 55.06001 13
15.128433 55.060036 14
15.127899 55.060078 15
15.128249 55.060097 16
15.127767 55.06012 17
15.128175 55.060123 18
15.128043 55.060192 20
15.12791 55.060223 22
15.127399 55.060318 24
15.127175 55.060352 26
14.699586 55.09895 1
15.130012 55.059467 1A
15.129841 55.05949 1B
15.129689 55.059624 2
15.129382 55.059525 3
15.129425 55.059704 4
15.129157 55.05959 5
15.129227 55.05977 6
15.128945 55.05966 7
15.129101 55.05981 8
15.128741 55.059795 9
15.129027 55.060028 10
15.128527 55.060005 12
15.128097 55.06001 13
15.128433 55.060036 14
15.127899 55.060078 15
15.128249 55.060097 16
15.127767 55.06012 17
15.128175 55.060123 18
15.128043 55.060192 20
15.12791 55.060223 22
15.127399 55.060318 24
15.127175 55.060352 26
14.699586 55.09895 1
15.130012 55.059467 1A
15.129841 55.05949 1B
15.129689 55.059624 2
15.129382 55.059525 3
15.129425 55.059704 4
15.129157 55.05959 5
15.129227 55.05977 6
15.128945 55.05966 7
15.129101 55.05981 8
15.128741 55.059795 9
15.129027 55.060028 10
15.128527 55.060005 12
15.128097 55.06001 13
15.128433 55.060036 14
15.127899 55.060078 15
15.128249 55.060097 16
15.127767 55.06012 17
15.128175 55.060123 18
15.128043 55.060192 20
15.12791 55.060223 22
15.127399 55.060318 24
15.127175 55.060352 26
14.699586 55.09895 1
15.130012 55.059467 1A
15.129841 55.05949 1B
15.129689 55.059624 2
15.129382 55.059525 3
15.129425 55.059704 4
15.129157 55.05959 5
15.129227 55.05977 6
15.128945 55.05966 7
15.129101 55.05981 8
15.128741 55.059795 9
15.129027 55.060028 10
15.128527 55.060005 12
15.128097 55.06001 13
15.128433 55.060036 14
15.127899 55.060078 15
15.128249 55.060097 16
15.127767 55.06012 17
15.128175 55.060123 18
15.128043 55.060192 20
15.12791 55.060223 22
15.127399 55.060318 24
15.127175 55.060352 26
14.699586 55.09895 1
15.130012 55.059467 1A
15.129841 55.05949 1B
15.129689 55.059624 2
15.129382 55.059525 3
15.129425 55.059704 4
15.129157 55.05959 5
15.129227 55.05977 6
15.128945 55.05966 7
15.129101 55.05981 8
15.128741 55.059795 9
15.129027 55.060028 10
15.128527 55.060005 12
15.128097 55.06001 13
15.128433 55.060036 14
15.127899 55.060078 15
15.128249 55.060097 16
15.127767 55.06012 17
15.128175 55.060123 18
15.128043 55.060192 20
15.12791 55.060223 22
15.127399 55.060318 24
15.127175 55.060352 26
14.699586 55.09895 1
