15.102722 55.023266 1
15.102211 55.023212 2
15.102873 55.022995 3
15.101815 55.02317 4
15.101213 55.023132 6
15.1013 55.022854 8
15.101385 55.022663 10
15.101948 55.0227 12
15.103648 55.0228 13
15.101964 55.022926 14
15.103025 55.02276 15
15.102379 55.02297 16
15.102568 55.02272 18
14.79821 55.22246 46C
14.802708 55.17592 1
15.102722 55.023266 1
15.102211 55.023212 2
15.102873 55.022995 3
15.101815 55.02317 4
15.101213 55.023132 6
15.1013 55.022854 8
15.101385 55.022663 10
15.101948 55.0227 12
15.103648 55.0228 13
15.101964 55.022926 14
15.103025 55.02276 15
15.102379 55.02297 16
15.102568 55.02272 18
14.79821 55.22246 46C
14.802708 55.17592 1
15.102722 55.023266 1
15.102211 55.023212 2
15.102873 55.022995 3
15.101815 55.02317 4
15.101213 55.023132 6
15.1013 55.022854 8
15.101385 55.022663 10
15.101948 55.0227 12
15.103648 55.0228 13
15.101964 55.022926 14
15.103025 55.02276 15
15.102379 55.02297 16
15.102568 55.02272 18
14.79821 55.22246 46C
14.802708 55.17592 1
15.102722 55.023266 1
15.102211 55.023212 2
15.102873 55.022995 3
15.101815 55.02317 4
15.101213 55.023132 6
15.1013 55.022854 8
15.101385 55.022663 10
15.101948 55.0227 12
15.103648 55.0228 13
15.101964 55.022926 14
15.103025 55.02276 15
15.102379 55.02297 16
15.102568 55.02272 18
14.79821 55.22246 46C
14.802708 55.17592 1
15.102722 55.023266 1
15.102211 55.023212 2
15.102873 55.022995 3
15.101815 55.02317 4
15.101213 55.023132 6
15.1013 55.022854 8
15.101385 55.022663 10
15.101948 55.0227 12
15.103648 55.0228 13
15.101964 55.022926 14
15.103025 55.02276 15
15.102379 55.02297 16
15.102568 55.02272 18
14.79821 55.22246 46C
14.802708 55.17592 1
15.102722 55.023266 1
15.102211 55.023212 2
15.102873 55.022995 3
15.101815 55.02317 4
15.101213 55.023132 6
15.1013 55.022854 8
15.101385 55.022663 10
15.101948 55.0227 12
15.103648 55.0228 13
15.101964 55.022926 14
15.103025 55.02276 15
15.102379 55.02297 16
15.102568 55.02272 18
14.79821 55.22246 46C
14.802708 55.17592 1
