15.103549 55.041183 2
15.104067 55.040855 4A
15.103927 55.040825 4B
15.103825 55.040768 4C
15.105086 55.040775 5
15.105425 55.040245 6
15.105333 55.04059 7
15.106038 55.039986 8
15.105653 55.040527 9A
15.107252 55.041264 9B
15.10721 55.0412 9C
15.107167 55.041138 9D
15.107122 55.041077 9E
15.107061 55.041016 9F
15.107242 55.040806 9G
15.107295 55.040867 9H
15.107339 55.040928 9J
15.107388 55.04099 9K
15.107433 55.04105 9L
15.107617 55.04087 9M
15.107571 55.04081 9N
15.107511 55.040745 9P
15.107473 55.040688 9Q
15.107422 55.040627 9R
15.106227 55.041134 9S
15.106522 55.04134 9T
15.106849 55.041515 9U
15.106416 55.03984 10
15.106229 55.039783 10A
15.10652 55.04006 11
15.107054 55.039616 12
15.106845 55.03994 13
15.108163 55.039295 14
15.107298 55.039818 15
15.107408 55.039722 17
15.107736 55.039852 19
15.107665 55.039677 21
15.108773 55.03919 16
