15.033555 55.03791 7
15.032118 55.038574 9
15.033059 55.046852 10
15.024368 55.037563 11
15.023172 55.038315 13
15.037476 55.048286 14
15.023252 55.039635 15
15.02992 55.03933 17
15.033107 55.03894 19
15.032625 55.040127 21
15.031924 55.042126 23
15.028685 55.042114 23A
15.031244 55.049755 25
15.035166 55.03344 6
15.035063 55.034412 8
15.034018 55.028164 1
15.040461 55.02428 2
15.035519 55.028862 3
15.039655 55.02753 4
15.034976 55.03125 5
15.03303 55.04803 12
14.701594 55.1067 1
15.033555 55.03791 7
15.032118 55.038574 9
15.033059 55.046852 10
15.024368 55.037563 11
15.023172 55.038315 13
15.037476 55.048286 14
15.023252 55.039635 15
15.02992 55.03933 17
15.033107 55.03894 19
15.032625 55.040127 21
15.031924 55.042126 23
15.028685 55.042114 23A
15.031244 55.049755 25
15.035166 55.03344 6
15.035063 55.034412 8
15.034018 55.028164 1
15.040461 55.02428 2
15.035519 55.028862 3
15.039655 55.02753 4
15.034976 55.03125 5
15.03303 55.04803 12
14.701594 55.1067 1
15.033555 55.03791 7
15.032118 55.038574 9
15.033059 55.046852 10
15.024368 55.037563 11
15.023172 55.038315 13
15.037476 55.048286 14
15.023252 55.039635 15
15.02992 55.03933 17
15.033107 55.03894 19
15.032625 55.040127 21
15.031924 55.042126 23
15.028685 55.042114 23A
15.031244 55.049755 25
15.035166 55.03344 6
15.035063 55.034412 8
15.034018 55.028164 1
15.040461 55.02428 2
15.035519 55.028862 3
15.039655 55.02753 4
15.034976 55.03125 5
15.03303 55.04803 12
14.701594 55.1067 1
15.033555 55.03791 7
15.032118 55.038574 9
15.033059 55.046852 10
15.024368 55.037563 11
15.023172 55.038315 13
15.037476 55.048286 14
15.023252 55.039635 15
15.02992 55.03933 17
15.033107 55.03894 19
15.032625 55.040127 21
15.031924 55.042126 23
15.028685 55.042114 23A
15.031244 55.049755 25
15.035166 55.03344 6
15.035063 55.034412 8
15.034018 55.028164 1
15.040461 55.02428 2
15.035519 55.028862 3
15.039655 55.02753 4
15.034976 55.03125 5
15.03303 55.04803 12
14.701594 55.1067 1
15.033555 55.03791 7
15.032118 55.038574 9
15.033059 55.046852 10
15.024368 55.037563 11
15.023172 55.038315 13
15.037476 55.048286 14
15.023252 55.039635 15
15.02992 55.03933 17
15.033107 55.03894 19
15.032625 55.040127 21
15.031924 55.042126 23
15.028685 55.042114 23A
15.031244 55.049755 25
15.035166 55.03344 6
15.035063 55.034412 8
15.034018 55.028164 1
15.040461 55.02428 2
15.035519 55.028862 3
15.039655 55.02753 4
15.034976 55.03125 5
15.03303 55.04803 12
14.701594 55.1067 1
15.033555 55.03791 7
15.032118 55.038574 9
15.033059 55.046852 10
15.024368 55.037563 11
15.023172 55.038315 13
15.037476 55.048286 14
15.023252 55.039635 15
15.02992 55.03933 17
15.033107 55.03894 19
15.032625 55.040127 21
15.031924 55.042126 23
15.028685 55.042114 23A
15.031244 55.049755 25
15.035166 55.03344 6
15.035063 55.034412 8
15.034018 55.028164 1
15.040461 55.02428 2
15.035519 55.028862 3
15.039655 55.02753 4
15.034976 55.03125 5
15.03303 55.04803 12
14.701594 55.1067 1
