15.132132 55.062767 2A
15.131979 55.06272 2B
15.132117 55.06264 3A
15.132474 55.06254 3B
15.131821 55.062675 4
15.131987 55.06259 5
15.131685 55.062634 6
15.131747 55.06264 6A
15.13165 55.06262 6B
15.131811 55.06254 7A
15.131611 55.062473 7B
15.131559 55.062595 8
15.131398 55.06239 9
15.130994 55.062214 11
15.131201 55.062447 12
15.130863 55.06216 13
15.130806 55.06228 14
15.130736 55.06211 15
15.130599 55.062195 16
15.130622 55.062065 17
15.13036 55.06209 18
15.130408 55.06194 19
15.130106 55.06175 21
15.129883 55.061836 22
15.129938 55.0617 23
15.129117 55.061485 24
15.129838 55.061638 25
15.129649 55.0615 27
15.129436 55.06143 31
15.129322 55.061405 35
15.129243 55.061386 37
15.129061 55.06134 39
15.128872 55.061295 41
