15.127482 55.06268 1
15.127263 55.06305 2
15.127426 55.06249 3
15.12781 55.062065 3A
15.12831 55.062103 3B
15.127226 55.06259 4
15.127329 55.062298 5
15.127133 55.062412 6
15.127299 55.062237 7
15.127104 55.062355 8
15.127232 55.062103 9
15.126958 55.062225 10A
15.126295 55.06196 10B
15.1272 55.06204 11
15.126846 55.06194 12
15.127147 55.06193 13
15.126787 55.061825 14
15.127115 55.061867 15
15.126718 55.06172 16
15.127061 55.06176 17
15.126622 55.06151 18
15.127038 55.061714 19
15.126989 55.061615 21
15.126961 55.061558 23
15.126534 55.061344 24
15.126914 55.061455 25
15.126484 55.06124 26
15.126392 55.061058 28
15.126362 55.060993 30
14.7115 55.181145 1
