15.091508 55.002686 3
15.093066 55.002964 42
15.092868 55.002735 38
15.091483 55.002712 4
15.092436 55.002617 27
15.092414 55.002647 26
15.092324 55.003113 29
15.091884 55.00253 62
15.093045 55.002903 41
15.092292 55.002823 21
15.092226 55.00291 18
15.092335 55.00275 23
15.092081 55.00237 55
15.091635 55.002895 9
15.092389 55.002678 25
15.092174 55.00298 16
15.092196 55.002945 17
15.092316 55.002785 22
15.093046 55.003033 43
15.092365 55.002712 24
15.093058 55.003086 44
15.09227 55.00285 20
15.092137 55.00301 15
15.092244 55.002876 19
15.091756 55.002586 64
15.093031 55.003143 45
15.09189 55.00234 58
15.091526 55.002865 7
15.091752 55.002926 11
15.09285 55.002674 37
15.091425 55.00284 5
15.092509 55.003178 31
15.091475 55.002857 6
15.091838 55.002323 59
15.092242 55.003075 28
15.092668 55.003246 33
15.09258 55.003216 32
15.091871 55.002953 13
15.091926 55.002964 14
15.091852 55.002552 63
15.091945 55.002346 57
15.092009 55.002357 56
15.091909 55.002502 61
15.092244 55.002422 53
15.092891 55.00279 39
15.092151 55.00238 54
15.091706 55.002914 10
15.093019 55.002853 40
15.092823 55.002613 36
15.091542 55.002655 2
15.092809 55.00256 35
15.092407 55.003147 30
15.092743 55.003277 34
15.091813 55.002937 12
15.091937 55.00247 60
15.091567 55.002625 1
15.091582 55.00288 8
15.091508 55.002686 3
15.093066 55.002964 42
15.092868 55.002735 38
15.091483 55.002712 4
15.092436 55.002617 27
15.092414 55.002647 26
15.092324 55.003113 29
15.091884 55.00253 62
15.093045 55.002903 41
15.092292 55.002823 21
15.092226 55.00291 18
15.092335 55.00275 23
15.092081 55.00237 55
15.091635 55.002895 9
15.092389 55.002678 25
15.092174 55.00298 16
15.092196 55.002945 17
15.092316 55.002785 22
15.093046 55.003033 43
15.092365 55.002712 24
15.093058 55.003086 44
15.09227 55.00285 20
15.092137 55.00301 15
15.092244 55.002876 19
15.091756 55.002586 64
15.093031 55.003143 45
15.09189 55.00234 58
15.091526 55.002865 7
15.091752 55.002926 11
15.09285 55.002674 37
15.091425 55.00284 5
15.092509 55.003178 31
15.091475 55.002857 6
15.091838 55.002323 59
15.092242 55.003075 28
15.092668 55.003246 33
15.09258 55.003216 32
15.091871 55.002953 13
15.091926 55.002964 14
15.091852 55.002552 63
15.091945 55.002346 57
15.092009 55.002357 56
15.091909 55.002502 61
15.092244 55.002422 53
15.092891 55.00279 39
15.092151 55.00238 54
15.091706 55.002914 10
15.093019 55.002853 40
15.092823 55.002613 36
15.091542 55.002655 2
15.092809 55.00256 35
15.092407 55.003147 30
15.092743 55.003277 34
15.091813 55.002937 12
15.091937 55.00247 60
15.091567 55.002625 1
15.091582 55.00288 8
15.091508 55.002686 3
15.093066 55.002964 42
15.092868 55.002735 38
15.091483 55.002712 4
15.092436 55.002617 27
15.092414 55.002647 26
15.092324 55.003113 29
15.091884 55.00253 62
15.093045 55.002903 41
15.092292 55.002823 21
15.092226 55.00291 18
15.092335 55.00275 23
15.092081 55.00237 55
15.091635 55.002895 9
15.092389 55.002678 25
15.092174 55.00298 16
15.092196 55.002945 17
15.092316 55.002785 22
15.093046 55.003033 43
15.092365 55.002712 24
15.093058 55.003086 44
15.09227 55.00285 20
15.092137 55.00301 15
15.092244 55.002876 19
15.091756 55.002586 64
15.093031 55.003143 45
15.09189 55.00234 58
15.091526 55.002865 7
15.091752 55.002926 11
15.09285 55.002674 37
15.091425 55.00284 5
15.092509 55.003178 31
15.091475 55.002857 6
15.091838 55.002323 59
15.092242 55.003075 28
15.092668 55.003246 33
15.09258 55.003216 32
15.091871 55.002953 13
15.091926 55.002964 14
15.091852 55.002552 63
15.091945 55.002346 57
15.092009 55.002357 56
15.091909 55.002502 61
15.092244 55.002422 53
15.092891 55.00279 39
15.092151 55.00238 54
15.091706 55.002914 10
15.093019 55.002853 40
15.092823 55.002613 36
15.091542 55.002655 2
15.092809 55.00256 35
15.092407 55.003147 30
15.092743 55.003277 34
15.091813 55.002937 12
15.091937 55.00247 60
15.091567 55.002625 1
15.091582 55.00288 8
15.091508 55.002686 3
15.093066 55.002964 42
15.092868 55.002735 38
15.091483 55.002712 4
15.092436 55.002617 27
15.092414 55.002647 26
15.092324 55.003113 29
15.091884 55.00253 62
15.093045 55.002903 41
15.092292 55.002823 21
15.092226 55.00291 18
15.092335 55.00275 23
15.092081 55.00237 55
15.091635 55.002895 9
15.092389 55.002678 25
15.092174 55.00298 16
15.092196 55.002945 17
15.092316 55.002785 22
15.093046 55.003033 43
15.092365 55.002712 24
15.093058 55.003086 44
15.09227 55.00285 20
15.092137 55.00301 15
15.092244 55.002876 19
15.091756 55.002586 64
15.093031 55.003143 45
15.09189 55.00234 58
15.091526 55.002865 7
15.091752 55.002926 11
15.09285 55.002674 37
15.091425 55.00284 5
15.092509 55.003178 31
15.091475 55.002857 6
15.091838 55.002323 59
15.092242 55.003075 28
15.092668 55.003246 33
15.09258 55.003216 32
15.091871 55.002953 13
15.091926 55.002964 14
15.091852 55.002552 63
15.091945 55.002346 57
15.092009 55.002357 56
15.091909 55.002502 61
15.092244 55.002422 53
15.092891 55.00279 39
15.092151 55.00238 54
15.091706 55.002914 10
15.093019 55.002853 40
15.092823 55.002613 36
15.091542 55.002655 2
15.092809 55.00256 35
15.092407 55.003147 30
15.092743 55.003277 34
15.091813 55.002937 12
15.091937 55.00247 60
15.091567 55.002625 1
15.091582 55.00288 8
15.091508 55.002686 3
15.093066 55.002964 42
15.092868 55.002735 38
15.091483 55.002712 4
15.092436 55.002617 27
15.092414 55.002647 26
15.092324 55.003113 29
15.091884 55.00253 62
15.093045 55.002903 41
15.092292 55.002823 21
15.092226 55.00291 18
15.092335 55.00275 23
15.092081 55.00237 55
15.091635 55.002895 9
15.092389 55.002678 25
15.092174 55.00298 16
15.092196 55.002945 17
15.092316 55.002785 22
15.093046 55.003033 43
15.092365 55.002712 24
15.093058 55.003086 44
15.09227 55.00285 20
15.092137 55.00301 15
15.092244 55.002876 19
15.091756 55.002586 64
15.093031 55.003143 45
15.09189 55.00234 58
15.091526 55.002865 7
15.091752 55.002926 11
15.09285 55.002674 37
15.091425 55.00284 5
15.092509 55.003178 31
15.091475 55.002857 6
15.091838 55.002323 59
15.092242 55.003075 28
15.092668 55.003246 33
15.09258 55.003216 32
15.091871 55.002953 13
15.091926 55.002964 14
15.091852 55.002552 63
15.091945 55.002346 57
15.092009 55.002357 56
15.091909 55.002502 61
15.092244 55.002422 53
15.092891 55.00279 39
15.092151 55.00238 54
15.091706 55.002914 10
15.093019 55.002853 40
15.092823 55.002613 36
15.091542 55.002655 2
15.092809 55.00256 35
15.092407 55.003147 30
15.092743 55.003277 34
15.091813 55.002937 12
15.091937 55.00247 60
15.091567 55.002625 1
15.091582 55.00288 8
15.091508 55.002686 3
15.093066 55.002964 42
15.092868 55.002735 38
15.091483 55.002712 4
15.092436 55.002617 27
15.092414 55.002647 26
15.092324 55.003113 29
15.091884 55.00253 62
15.093045 55.002903 41
15.092292 55.002823 21
15.092226 55.00291 18
15.092335 55.00275 23
15.092081 55.00237 55
15.091635 55.002895 9
15.092389 55.002678 25
15.092174 55.00298 16
15.092196 55.002945 17
15.092316 55.002785 22
15.093046 55.003033 43
15.092365 55.002712 24
15.093058 55.003086 44
15.09227 55.00285 20
15.092137 55.00301 15
15.092244 55.002876 19
15.091756 55.002586 64
15.093031 55.003143 45
15.09189 55.00234 58
15.091526 55.002865 7
15.091752 55.002926 11
15.09285 55.002674 37
15.091425 55.00284 5
15.092509 55.003178 31
15.091475 55.002857 6
15.091838 55.002323 59
15.092242 55.003075 28
15.092668 55.003246 33
15.09258 55.003216 32
15.091871 55.002953 13
15.091926 55.002964 14
15.091852 55.002552 63
15.091945 55.002346 57
15.092009 55.002357 56
15.091909 55.002502 61
15.092244 55.002422 53
15.092891 55.00279 39
15.092151 55.00238 54
15.091706 55.002914 10
15.093019 55.002853 40
15.092823 55.002613 36
15.091542 55.002655 2
15.092809 55.00256 35
15.092407 55.003147 30
15.092743 55.003277 34
15.091813 55.002937 12
15.091937 55.00247 60
15.091567 55.002625 1
15.091582 55.00288 8
