15.110638 55.03095 4
15.109588 55.0305 5
15.110014 55.031223 6B
15.10914 55.030453 7
15.109505 55.03098 8
15.108435 55.03035 9
15.10875 55.031055 10
15.108776 55.030804 12
15.111086 55.030636 1
14.845356 55.06097 1
15.110638 55.03095 4
15.109588 55.0305 5
15.110014 55.031223 6B
15.10914 55.030453 7
15.109505 55.03098 8
15.108435 55.03035 9
15.10875 55.031055 10
15.108776 55.030804 12
15.111086 55.030636 1
14.845356 55.06097 1
15.110638 55.03095 4
15.109588 55.0305 5
15.110014 55.031223 6B
15.10914 55.030453 7
15.109505 55.03098 8
15.108435 55.03035 9
15.10875 55.031055 10
15.108776 55.030804 12
15.111086 55.030636 1
14.845356 55.06097 1
15.110638 55.03095 4
15.109588 55.0305 5
15.110014 55.031223 6B
15.10914 55.030453 7
15.109505 55.03098 8
15.108435 55.03035 9
15.10875 55.031055 10
15.108776 55.030804 12
15.111086 55.030636 1
14.845356 55.06097 1
15.110638 55.03095 4
15.109588 55.0305 5
15.110014 55.031223 6B
15.10914 55.030453 7
15.109505 55.03098 8
15.108435 55.03035 9
15.10875 55.031055 10
15.108776 55.030804 12
15.111086 55.030636 1
14.845356 55.06097 1
15.110638 55.03095 4
15.109588 55.0305 5
15.110014 55.031223 6B
15.10914 55.030453 7
15.109505 55.03098 8
15.108435 55.03035 9
15.10875 55.031055 10
15.108776 55.030804 12
15.111086 55.030636 1
14.845356 55.06097 1
