15.120639 55.05977 2
15.120781 55.058872 3
15.120525 55.059498 4
14.712612 55.103542 1
15.120639 55.05977 2
15.120781 55.058872 3
15.120525 55.059498 4
14.712612 55.103542 1
15.120639 55.05977 2
15.120781 55.058872 3
15.120525 55.059498 4
14.712612 55.103542 1
15.120639 55.05977 2
15.120781 55.058872 3
15.120525 55.059498 4
14.712612 55.103542 1
15.120639 55.05977 2
15.120781 55.058872 3
15.120525 55.059498 4
14.712612 55.103542 1
15.120639 55.05977 2
15.120781 55.058872 3
15.120525 55.059498 4
14.712612 55.103542 1
