15.129598 55.059406 1
15.129368 55.05929 6
15.129696 55.059196 7
15.129281 55.05917 8
15.129502 55.059223 9
15.129196 55.05894 10
15.129241 55.058784 11
15.128998 55.058796 12
15.129158 55.05873 13
15.128887 55.058693 14
15.129037 55.05862 15
15.1288 55.05864 16
15.128848 55.05849 17
15.128612 55.058487 18
15.128818 55.05843 19
15.128537 55.05843 20
15.128724 55.058372 21
15.128434 55.058346 22
15.128607 55.058277 23
15.128375 55.0583 24
15.128267 55.058212 26
15.128183 55.058144 28
15.128368 55.058083 29
15.128017 55.05801 30
15.128179 55.057934 31
15.127882 55.057907 32
15.127806 55.057842 34
15.127623 55.057697 36
15.128428 55.05813 27
14.692988 55.094048 2
15.129598 55.059406 1
15.129368 55.05929 6
15.129696 55.059196 7
15.129281 55.05917 8
15.129502 55.059223 9
15.129196 55.05894 10
15.129241 55.058784 11
15.128998 55.058796 12
15.129158 55.05873 13
15.128887 55.058693 14
15.129037 55.05862 15
15.1288 55.05864 16
15.128848 55.05849 17
15.128612 55.058487 18
15.128818 55.05843 19
15.128537 55.05843 20
15.128724 55.058372 21
15.128434 55.058346 22
15.128607 55.058277 23
15.128375 55.0583 24
15.128267 55.058212 26
15.128183 55.058144 28
15.128368 55.058083 29
15.128017 55.05801 30
15.128179 55.057934 31
15.127882 55.057907 32
15.127806 55.057842 34
15.127623 55.057697 36
15.128428 55.05813 27
14.692988 55.094048 2
15.129598 55.059406 1
15.129368 55.05929 6
15.129696 55.059196 7
15.129281 55.05917 8
15.129502 55.059223 9
15.129196 55.05894 10
15.129241 55.058784 11
15.128998 55.058796 12
15.129158 55.05873 13
15.128887 55.058693 14
15.129037 55.05862 15
15.1288 55.05864 16
15.128848 55.05849 17
15.128612 55.058487 18
15.128818 55.05843 19
15.128537 55.05843 20
15.128724 55.058372 21
15.128434 55.058346 22
15.128607 55.058277 23
15.128375 55.0583 24
15.128267 55.058212 26
15.128183 55.058144 28
15.128368 55.058083 29
15.128017 55.05801 30
15.128179 55.057934 31
15.127882 55.057907 32
15.127806 55.057842 34
15.127623 55.057697 36
15.128428 55.05813 27
14.692988 55.094048 2
15.129598 55.059406 1
15.129368 55.05929 6
15.129696 55.059196 7
15.129281 55.05917 8
15.129502 55.059223 9
15.129196 55.05894 10
15.129241 55.058784 11
15.128998 55.058796 12
15.129158 55.05873 13
15.128887 55.058693 14
15.129037 55.05862 15
15.1288 55.05864 16
15.128848 55.05849 17
15.128612 55.058487 18
15.128818 55.05843 19
15.128537 55.05843 20
15.128724 55.058372 21
15.128434 55.058346 22
15.128607 55.058277 23
15.128375 55.0583 24
15.128267 55.058212 26
15.128183 55.058144 28
15.128368 55.058083 29
15.128017 55.05801 30
15.128179 55.057934 31
15.127882 55.057907 32
15.127806 55.057842 34
15.127623 55.057697 36
15.128428 55.05813 27
14.692988 55.094048 2
15.129598 55.059406 1
15.129368 55.05929 6
15.129696 55.059196 7
15.129281 55.05917 8
15.129502 55.059223 9
15.129196 55.05894 10
15.129241 55.058784 11
15.128998 55.058796 12
15.129158 55.05873 13
15.128887 55.058693 14
15.129037 55.05862 15
15.1288 55.05864 16
15.128848 55.05849 17
15.128612 55.058487 18
15.128818 55.05843 19
15.128537 55.05843 20
15.128724 55.058372 21
15.128434 55.058346 22
15.128607 55.058277 23
15.128375 55.0583 24
15.128267 55.058212 26
15.128183 55.058144 28
15.128368 55.058083 29
15.128017 55.05801 30
15.128179 55.057934 31
15.127882 55.057907 32
15.127806 55.057842 34
15.127623 55.057697 36
15.128428 55.05813 27
14.692988 55.094048 2
15.129598 55.059406 1
15.129368 55.05929 6
15.129696 55.059196 7
15.129281 55.05917 8
15.129502 55.059223 9
15.129196 55.05894 10
15.129241 55.058784 11
15.128998 55.058796 12
15.129158 55.05873 13
15.128887 55.058693 14
15.129037 55.05862 15
15.1288 55.05864 16
15.128848 55.05849 17
15.128612 55.058487 18
15.128818 55.05843 19
15.128537 55.05843 20
15.128724 55.058372 21
15.128434 55.058346 22
15.128607 55.058277 23
15.128375 55.0583 24
15.128267 55.058212 26
15.128183 55.058144 28
15.128368 55.058083 29
15.128017 55.05801 30
15.128179 55.057934 31
15.127882 55.057907 32
15.127806 55.057842 34
15.127623 55.057697 36
15.128428 55.05813 27
14.692988 55.094048 2
