15.12655 55.059414 1
15.126126 55.059376 2
15.126682 55.0593 3
15.126224 55.059277 4
15.126836 55.059162 5
15.126334 55.059166 6
15.126993 55.059242 7
15.126453 55.059067 8
15.127226 55.059124 9
15.126607 55.058994 10
15.127491 55.058605 12
15.127383 55.058895 13
15.127524 55.058994 15
15.127839 55.05848 16
15.127793 55.058884 17
15.12694 55.058838 18
15.127673 55.058777 19
15.126811 55.058723 20
15.127932 55.058647 21
15.12669 55.058636 22
15.127245 55.05872 23
15.126569 55.058533 24
15.127073 55.058613 25
15.126285 55.058434 26
15.126959 55.058502 27
15.126446 55.058353 28
15.12683 55.05842 29
15.126672 55.058273 30
15.127226 55.058273 31
15.126844 55.0582 32
15.127383 55.058384 33
15.127007 55.05813 34
15.127653 55.05827 35
15.127191 55.058037 36
15.127541 55.058125 37
15.12736 55.057983 38
15.127651 55.058525 14
15.127101 55.059025 11
15.12655 55.059414 1
15.126126 55.059376 2
15.126682 55.0593 3
15.126224 55.059277 4
15.126836 55.059162 5
15.126334 55.059166 6
15.126993 55.059242 7
15.126453 55.059067 8
15.127226 55.059124 9
15.126607 55.058994 10
15.127491 55.058605 12
15.127383 55.058895 13
15.127524 55.058994 15
15.127839 55.05848 16
15.127793 55.058884 17
15.12694 55.058838 18
15.127673 55.058777 19
15.126811 55.058723 20
15.127932 55.058647 21
15.12669 55.058636 22
15.127245 55.05872 23
15.126569 55.058533 24
15.127073 55.058613 25
15.126285 55.058434 26
15.126959 55.058502 27
15.126446 55.058353 28
15.12683 55.05842 29
15.126672 55.058273 30
15.127226 55.058273 31
15.126844 55.0582 32
15.127383 55.058384 33
15.127007 55.05813 34
15.127653 55.05827 35
15.127191 55.058037 36
15.127541 55.058125 37
15.12736 55.057983 38
15.127651 55.058525 14
15.127101 55.059025 11
15.12655 55.059414 1
15.126126 55.059376 2
15.126682 55.0593 3
15.126224 55.059277 4
15.126836 55.059162 5
15.126334 55.059166 6
15.126993 55.059242 7
15.126453 55.059067 8
15.127226 55.059124 9
15.126607 55.058994 10
15.127491 55.058605 12
15.127383 55.058895 13
15.127524 55.058994 15
15.127839 55.05848 16
15.127793 55.058884 17
15.12694 55.058838 18
15.127673 55.058777 19
15.126811 55.058723 20
15.127932 55.058647 21
15.12669 55.058636 22
15.127245 55.05872 23
15.126569 55.058533 24
15.127073 55.058613 25
15.126285 55.058434 26
15.126959 55.058502 27
15.126446 55.058353 28
15.12683 55.05842 29
15.126672 55.058273 30
15.127226 55.058273 31
15.126844 55.0582 32
15.127383 55.058384 33
15.127007 55.05813 34
15.127653 55.05827 35
15.127191 55.058037 36
15.127541 55.058125 37
15.12736 55.057983 38
15.127651 55.058525 14
15.127101 55.059025 11
15.12655 55.059414 1
15.126126 55.059376 2
15.126682 55.0593 3
15.126224 55.059277 4
15.126836 55.059162 5
15.126334 55.059166 6
15.126993 55.059242 7
15.126453 55.059067 8
15.127226 55.059124 9
15.126607 55.058994 10
15.127491 55.058605 12
15.127383 55.058895 13
15.127524 55.058994 15
15.127839 55.05848 16
15.127793 55.058884 17
15.12694 55.058838 18
15.127673 55.058777 19
15.126811 55.058723 20
15.127932 55.058647 21
15.12669 55.058636 22
15.127245 55.05872 23
15.126569 55.058533 24
15.127073 55.058613 25
15.126285 55.058434 26
15.126959 55.058502 27
15.126446 55.058353 28
15.12683 55.05842 29
15.126672 55.058273 30
15.127226 55.058273 31
15.126844 55.0582 32
15.127383 55.058384 33
15.127007 55.05813 34
15.127653 55.05827 35
15.127191 55.058037 36
15.127541 55.058125 37
15.12736 55.057983 38
15.127651 55.058525 14
15.127101 55.059025 11
15.12655 55.059414 1
15.126126 55.059376 2
15.126682 55.0593 3
15.126224 55.059277 4
15.126836 55.059162 5
15.126334 55.059166 6
15.126993 55.059242 7
15.126453 55.059067 8
15.127226 55.059124 9
15.126607 55.058994 10
15.127491 55.058605 12
15.127383 55.058895 13
15.127524 55.058994 15
15.127839 55.05848 16
15.127793 55.058884 17
15.12694 55.058838 18
15.127673 55.058777 19
15.126811 55.058723 20
15.127932 55.058647 21
15.12669 55.058636 22
15.127245 55.05872 23
15.126569 55.058533 24
15.127073 55.058613 25
15.126285 55.058434 26
15.126959 55.058502 27
15.126446 55.058353 28
15.12683 55.05842 29
15.126672 55.058273 30
15.127226 55.058273 31
15.126844 55.0582 32
15.127383 55.058384 33
15.127007 55.05813 34
15.127653 55.05827 35
15.127191 55.058037 36
15.127541 55.058125 37
15.12736 55.057983 38
15.127651 55.058525 14
15.127101 55.059025 11
15.12655 55.059414 1
15.126126 55.059376 2
15.126682 55.0593 3
15.126224 55.059277 4
15.126836 55.059162 5
15.126334 55.059166 6
15.126993 55.059242 7
15.126453 55.059067 8
15.127226 55.059124 9
15.126607 55.058994 10
15.127491 55.058605 12
15.127383 55.058895 13
15.127524 55.058994 15
15.127839 55.05848 16
15.127793 55.058884 17
15.12694 55.058838 18
15.127673 55.058777 19
15.126811 55.058723 20
15.127932 55.058647 21
15.12669 55.058636 22
15.127245 55.05872 23
15.126569 55.058533 24
15.127073 55.058613 25
15.126285 55.058434 26
15.126959 55.058502 27
15.126446 55.058353 28
15.12683 55.05842 29
15.126672 55.058273 30
15.127226 55.058273 31
15.126844 55.0582 32
15.127383 55.058384 33
15.127007 55.05813 34
15.127653 55.05827 35
15.127191 55.058037 36
15.127541 55.058125 37
15.12736 55.057983 38
15.127651 55.058525 14
15.127101 55.059025 11
