15.115415 55.016403 2
15.116122 55.016582 3
15.116436 55.01639 4
15.11676 55.01663 5
15.117464 55.0164 6
15.117854 55.016617 7
15.118453 55.01663 9
15.118648 55.016403 10
15.11804 55.016388 8
15.115415 55.016403 2
15.116122 55.016582 3
15.116436 55.01639 4
15.11676 55.01663 5
15.117464 55.0164 6
15.117854 55.016617 7
15.118453 55.01663 9
15.118648 55.016403 10
15.11804 55.016388 8
15.115415 55.016403 2
15.116122 55.016582 3
15.116436 55.01639 4
15.11676 55.01663 5
15.117464 55.0164 6
15.117854 55.016617 7
15.118453 55.01663 9
15.118648 55.016403 10
15.11804 55.016388 8
15.115415 55.016403 2
15.116122 55.016582 3
15.116436 55.01639 4
15.11676 55.01663 5
15.117464 55.0164 6
15.117854 55.016617 7
15.118453 55.01663 9
15.118648 55.016403 10
15.11804 55.016388 8
15.115415 55.016403 2
15.116122 55.016582 3
15.116436 55.01639 4
15.11676 55.01663 5
15.117464 55.0164 6
15.117854 55.016617 7
15.118453 55.01663 9
15.118648 55.016403 10
15.11804 55.016388 8
15.115415 55.016403 2
15.116122 55.016582 3
15.116436 55.01639 4
15.11676 55.01663 5
15.117464 55.0164 6
15.117854 55.016617 7
15.118453 55.01663 9
15.118648 55.016403 10
15.11804 55.016388 8
