15.034062 54.99966 5
15.035172 54.99983 6
15.034038 54.999992 7
15.03494 55.000107 8
15.033438 55.0001 9
15.034738 54.999107 1
15.034458 55.000473 10
15.033561 55.000587 12
15.031454 55.000565 13
15.032589 55.0007 14
15.031897 55.000988 16
15.031087 55.00104 18
15.030139 55.00119 20
15.02972 55.001476 22
15.029079 55.00145 24
15.028511 55.001575 26
15.027598 55.001423 28
15.03392 54.999283 3
15.027214 55.001503 30
15.026618 55.0016 32
15.02557 55.00171 34
15.035307 54.999485 4
15.03114 55.000828 18B
