15.115691 55.0291 2
15.113424 55.02946 3
15.11532 55.02926 4A
15.114666 55.02906 4B
15.113121 55.02972 5
15.11445 55.029327 6A
15.112499 55.02984 7
15.114397 55.029602 8
15.111971 55.030552 9
15.114124 55.02972 10
15.111506 55.03053 11
15.113939 55.029915 12
15.111921 55.030804 13
15.113413 55.03 14A
15.113743 55.03031 14B
15.111359 55.031246 15
15.113302 55.030575 16
15.111027 55.031357 17
15.113069 55.030716 18
15.110718 55.031513 19
15.112637 55.031 20
15.110403 55.031746 21
15.112212 55.031334 22
15.109995 55.03219 23
15.111999 55.03152 24
15.10964 55.03242 25
15.111769 55.03178 26
15.111558 55.031906 28
15.111226 55.032215 30
15.108362 55.03343 31
15.111121 55.03246 32
15.107725 55.03427 33
15.110925 55.03261 34
15.107511 55.034576 35
15.110652 55.032803 36
15.107266 55.034843 37
15.110234 55.032993 38
15.106746 55.03543 39
15.110123 55.033257 40
15.10656 55.035915 41
15.109791 55.033497 42
15.105935 55.03653 43
15.109548 55.03367 44
15.105604 55.036762 45
15.109356 55.033962 46
15.109188 55.0341 48
15.108611 55.03416 50
15.108568 55.034424 52
15.108792 55.03472 54
15.108489 55.03471 56
15.107995 55.03479 58
15.10771 55.035175 60A
15.107935 55.0353 62
15.10778 55.03546 62A
15.107792 55.035763 64
15.107169 55.036102 66
15.106688 55.036472 68
15.106434 55.036625 70
15.114115 55.029243 1V
14.721058 55.095455 1
15.115691 55.0291 2
15.113424 55.02946 3
15.11532 55.02926 4A
15.114666 55.02906 4B
15.113121 55.02972 5
15.11445 55.029327 6A
15.112499 55.02984 7
15.114397 55.029602 8
15.111971 55.030552 9
15.114124 55.02972 10
15.111506 55.03053 11
15.113939 55.029915 12
15.111921 55.030804 13
15.113413 55.03 14A
15.113743 55.03031 14B
15.111359 55.031246 15
15.113302 55.030575 16
15.111027 55.031357 17
15.113069 55.030716 18
15.110718 55.031513 19
15.112637 55.031 20
15.110403 55.031746 21
15.112212 55.031334 22
15.109995 55.03219 23
15.111999 55.03152 24
15.10964 55.03242 25
15.111769 55.03178 26
15.111558 55.031906 28
15.111226 55.032215 30
15.108362 55.03343 31
15.111121 55.03246 32
15.107725 55.03427 33
15.110925 55.03261 34
15.107511 55.034576 35
15.110652 55.032803 36
15.107266 55.034843 37
15.110234 55.032993 38
15.106746 55.03543 39
15.110123 55.033257 40
15.10656 55.035915 41
15.109791 55.033497 42
15.105935 55.03653 43
15.109548 55.03367 44
15.105604 55.036762 45
15.109356 55.033962 46
15.109188 55.0341 48
15.108611 55.03416 50
15.108568 55.034424 52
15.108792 55.03472 54
15.108489 55.03471 56
15.107995 55.03479 58
15.10771 55.035175 60A
15.107935 55.0353 62
15.10778 55.03546 62A
15.107792 55.035763 64
15.107169 55.036102 66
15.106688 55.036472 68
15.106434 55.036625 70
15.114115 55.029243 1V
14.721058 55.095455 1
15.115691 55.0291 2
15.113424 55.02946 3
15.11532 55.02926 4A
15.114666 55.02906 4B
15.113121 55.02972 5
15.11445 55.029327 6A
15.112499 55.02984 7
15.114397 55.029602 8
15.111971 55.030552 9
15.114124 55.02972 10
15.111506 55.03053 11
15.113939 55.029915 12
15.111921 55.030804 13
15.113413 55.03 14A
15.113743 55.03031 14B
15.111359 55.031246 15
15.113302 55.030575 16
15.111027 55.031357 17
15.113069 55.030716 18
15.110718 55.031513 19
15.112637 55.031 20
15.110403 55.031746 21
15.112212 55.031334 22
15.109995 55.03219 23
15.111999 55.03152 24
15.10964 55.03242 25
15.111769 55.03178 26
15.111558 55.031906 28
15.111226 55.032215 30
15.108362 55.03343 31
15.111121 55.03246 32
15.107725 55.03427 33
15.110925 55.03261 34
15.107511 55.034576 35
15.110652 55.032803 36
15.107266 55.034843 37
15.110234 55.032993 38
15.106746 55.03543 39
15.110123 55.033257 40
15.10656 55.035915 41
15.109791 55.033497 42
15.105935 55.03653 43
15.109548 55.03367 44
15.105604 55.036762 45
15.109356 55.033962 46
15.109188 55.0341 48
15.108611 55.03416 50
15.108568 55.034424 52
15.108792 55.03472 54
15.108489 55.03471 56
15.107995 55.03479 58
15.10771 55.035175 60A
15.107935 55.0353 62
15.10778 55.03546 62A
15.107792 55.035763 64
15.107169 55.036102 66
15.106688 55.036472 68
15.106434 55.036625 70
15.114115 55.029243 1V
14.721058 55.095455 1
15.115691 55.0291 2
15.113424 55.02946 3
15.11532 55.02926 4A
15.114666 55.02906 4B
15.113121 55.02972 5
15.11445 55.029327 6A
15.112499 55.02984 7
15.114397 55.029602 8
15.111971 55.030552 9
15.114124 55.02972 10
15.111506 55.03053 11
15.113939 55.029915 12
15.111921 55.030804 13
15.113413 55.03 14A
15.113743 55.03031 14B
15.111359 55.031246 15
15.113302 55.030575 16
15.111027 55.031357 17
15.113069 55.030716 18
15.110718 55.031513 19
15.112637 55.031 20
15.110403 55.031746 21
15.112212 55.031334 22
15.109995 55.03219 23
15.111999 55.03152 24
15.10964 55.03242 25
15.111769 55.03178 26
15.111558 55.031906 28
15.111226 55.032215 30
15.108362 55.03343 31
15.111121 55.03246 32
15.107725 55.03427 33
15.110925 55.03261 34
15.107511 55.034576 35
15.110652 55.032803 36
15.107266 55.034843 37
15.110234 55.032993 38
15.106746 55.03543 39
15.110123 55.033257 40
15.10656 55.035915 41
15.109791 55.033497 42
15.105935 55.03653 43
15.109548 55.03367 44
15.105604 55.036762 45
15.109356 55.033962 46
15.109188 55.0341 48
15.108611 55.03416 50
15.108568 55.034424 52
15.108792 55.03472 54
15.108489 55.03471 56
15.107995 55.03479 58
15.10771 55.035175 60A
15.107935 55.0353 62
15.10778 55.03546 62A
15.107792 55.035763 64
15.107169 55.036102 66
15.106688 55.036472 68
15.106434 55.036625 70
15.114115 55.029243 1V
14.721058 55.095455 1
15.115691 55.0291 2
15.113424 55.02946 3
15.11532 55.02926 4A
15.114666 55.02906 4B
15.113121 55.02972 5
15.11445 55.029327 6A
15.112499 55.02984 7
15.114397 55.029602 8
15.111971 55.030552 9
15.114124 55.02972 10
15.111506 55.03053 11
15.113939 55.029915 12
15.111921 55.030804 13
15.113413 55.03 14A
15.113743 55.03031 14B
15.111359 55.031246 15
15.113302 55.030575 16
15.111027 55.031357 17
15.113069 55.030716 18
15.110718 55.031513 19
15.112637 55.031 20
15.110403 55.031746 21
15.112212 55.031334 22
15.109995 55.03219 23
15.111999 55.03152 24
15.10964 55.03242 25
15.111769 55.03178 26
15.111558 55.031906 28
15.111226 55.032215 30
15.108362 55.03343 31
15.111121 55.03246 32
15.107725 55.03427 33
15.110925 55.03261 34
15.107511 55.034576 35
15.110652 55.032803 36
15.107266 55.034843 37
15.110234 55.032993 38
15.106746 55.03543 39
15.110123 55.033257 40
15.10656 55.035915 41
15.109791 55.033497 42
15.105935 55.03653 43
15.109548 55.03367 44
15.105604 55.036762 45
15.109356 55.033962 46
15.109188 55.0341 48
15.108611 55.03416 50
15.108568 55.034424 52
15.108792 55.03472 54
15.108489 55.03471 56
15.107995 55.03479 58
15.10771 55.035175 60A
15.107935 55.0353 62
15.10778 55.03546 62A
15.107792 55.035763 64
15.107169 55.036102 66
15.106688 55.036472 68
15.106434 55.036625 70
15.114115 55.029243 1V
14.721058 55.095455 1
15.115691 55.0291 2
15.113424 55.02946 3
15.11532 55.02926 4A
15.114666 55.02906 4B
15.113121 55.02972 5
15.11445 55.029327 6A
15.112499 55.02984 7
15.114397 55.029602 8
15.111971 55.030552 9
15.114124 55.02972 10
15.111506 55.03053 11
15.113939 55.029915 12
15.111921 55.030804 13
15.113413 55.03 14A
15.113743 55.03031 14B
15.111359 55.031246 15
15.113302 55.030575 16
15.111027 55.031357 17
15.113069 55.030716 18
15.110718 55.031513 19
15.112637 55.031 20
15.110403 55.031746 21
15.112212 55.031334 22
15.109995 55.03219 23
15.111999 55.03152 24
15.10964 55.03242 25
15.111769 55.03178 26
15.111558 55.031906 28
15.111226 55.032215 30
15.108362 55.03343 31
15.111121 55.03246 32
15.107725 55.03427 33
15.110925 55.03261 34
15.107511 55.034576 35
15.110652 55.032803 36
15.107266 55.034843 37
15.110234 55.032993 38
15.106746 55.03543 39
15.110123 55.033257 40
15.10656 55.035915 41
15.109791 55.033497 42
15.105935 55.03653 43
15.109548 55.03367 44
15.105604 55.036762 45
15.109356 55.033962 46
15.109188 55.0341 48
15.108611 55.03416 50
15.108568 55.034424 52
15.108792 55.03472 54
15.108489 55.03471 56
15.107995 55.03479 58
15.10771 55.035175 60A
15.107935 55.0353 62
15.10778 55.03546 62A
15.107792 55.035763 64
15.107169 55.036102 66
15.106688 55.036472 68
15.106434 55.036625 70
15.114115 55.029243 1V
14.721058 55.095455 1
