15.106664 55.035664 1
15.10611 55.03586 2
15.106151 55.03565 3
15.10566 55.035816 4
15.105757 55.035587 5
15.105222 55.035725 6
15.105557 55.035553 7
15.104905 55.035778 8
15.105372 55.035534 9
15.104561 55.035748 10
15.105166 55.03526 11
15.105026 55.03548 13
14.766432 55.28542 1
15.106664 55.035664 1
15.10611 55.03586 2
15.106151 55.03565 3
15.10566 55.035816 4
15.105757 55.035587 5
15.105222 55.035725 6
15.105557 55.035553 7
15.104905 55.035778 8
15.105372 55.035534 9
15.104561 55.035748 10
15.105166 55.03526 11
15.105026 55.03548 13
14.766432 55.28542 1
15.106664 55.035664 1
15.10611 55.03586 2
15.106151 55.03565 3
15.10566 55.035816 4
15.105757 55.035587 5
15.105222 55.035725 6
15.105557 55.035553 7
15.104905 55.035778 8
15.105372 55.035534 9
15.104561 55.035748 10
15.105166 55.03526 11
15.105026 55.03548 13
14.766432 55.28542 1
15.106664 55.035664 1
15.10611 55.03586 2
15.106151 55.03565 3
15.10566 55.035816 4
15.105757 55.035587 5
15.105222 55.035725 6
15.105557 55.035553 7
15.104905 55.035778 8
15.105372 55.035534 9
15.104561 55.035748 10
15.105166 55.03526 11
15.105026 55.03548 13
14.766432 55.28542 1
15.106664 55.035664 1
15.10611 55.03586 2
15.106151 55.03565 3
15.10566 55.035816 4
15.105757 55.035587 5
15.105222 55.035725 6
15.105557 55.035553 7
15.104905 55.035778 8
15.105372 55.035534 9
15.104561 55.035748 10
15.105166 55.03526 11
15.105026 55.03548 13
14.766432 55.28542 1
15.106664 55.035664 1
15.10611 55.03586 2
15.106151 55.03565 3
15.10566 55.035816 4
15.105757 55.035587 5
15.105222 55.035725 6
15.105557 55.035553 7
15.104905 55.035778 8
15.105372 55.035534 9
15.104561 55.035748 10
15.105166 55.03526 11
15.105026 55.03548 13
14.766432 55.28542 1
