15.050958 55.060913 1
15.051363 55.06091 2
15.050738 55.061382 3
15.051232 55.061245 4
15.049628 55.064533 5
15.051221 55.061436 6
15.04883 55.06563 7
15.053548 55.062134 8
15.048836 55.066048 9
15.050622 55.062737 10
15.046293 55.06561 11
15.051212 55.06673 12
15.049098 55.06687 14
15.047703 55.06836 15
15.056025 55.071316 16
15.049617 55.069668 17
15.04922 55.074223 19
15.04947 55.074413 19A
14.9236 55.085934 2
15.050958 55.060913 1
15.051363 55.06091 2
15.050738 55.061382 3
15.051232 55.061245 4
15.049628 55.064533 5
15.051221 55.061436 6
15.04883 55.06563 7
15.053548 55.062134 8
15.048836 55.066048 9
15.050622 55.062737 10
15.046293 55.06561 11
15.051212 55.06673 12
15.049098 55.06687 14
15.047703 55.06836 15
15.056025 55.071316 16
15.049617 55.069668 17
15.04922 55.074223 19
15.04947 55.074413 19A
14.9236 55.085934 2
15.050958 55.060913 1
15.051363 55.06091 2
15.050738 55.061382 3
15.051232 55.061245 4
15.049628 55.064533 5
15.051221 55.061436 6
15.04883 55.06563 7
15.053548 55.062134 8
15.048836 55.066048 9
15.050622 55.062737 10
15.046293 55.06561 11
15.051212 55.06673 12
15.049098 55.06687 14
15.047703 55.06836 15
15.056025 55.071316 16
15.049617 55.069668 17
15.04922 55.074223 19
15.04947 55.074413 19A
14.9236 55.085934 2
15.050958 55.060913 1
15.051363 55.06091 2
15.050738 55.061382 3
15.051232 55.061245 4
15.049628 55.064533 5
15.051221 55.061436 6
15.04883 55.06563 7
15.053548 55.062134 8
15.048836 55.066048 9
15.050622 55.062737 10
15.046293 55.06561 11
15.051212 55.06673 12
15.049098 55.06687 14
15.047703 55.06836 15
15.056025 55.071316 16
15.049617 55.069668 17
15.04922 55.074223 19
15.04947 55.074413 19A
14.9236 55.085934 2
15.050958 55.060913 1
15.051363 55.06091 2
15.050738 55.061382 3
15.051232 55.061245 4
15.049628 55.064533 5
15.051221 55.061436 6
15.04883 55.06563 7
15.053548 55.062134 8
15.048836 55.066048 9
15.050622 55.062737 10
15.046293 55.06561 11
15.051212 55.06673 12
15.049098 55.06687 14
15.047703 55.06836 15
15.056025 55.071316 16
15.049617 55.069668 17
15.04922 55.074223 19
15.04947 55.074413 19A
14.9236 55.085934 2
15.050958 55.060913 1
15.051363 55.06091 2
15.050738 55.061382 3
15.051232 55.061245 4
15.049628 55.064533 5
15.051221 55.061436 6
15.04883 55.06563 7
15.053548 55.062134 8
15.048836 55.066048 9
15.050622 55.062737 10
15.046293 55.06561 11
15.051212 55.06673 12
15.049098 55.06687 14
15.047703 55.06836 15
15.056025 55.071316 16
15.049617 55.069668 17
15.04922 55.074223 19
15.04947 55.074413 19A
14.9236 55.085934 2
