15.126135 55.060844 4
15.126193 55.0606 7
15.125803 55.06101 8
15.126077 55.06066 9
15.125772 55.061028 10
15.125994 55.060703 11
15.12565 55.061085 12
15.125874 55.06076 13
15.125266 55.06143 14
15.12489 55.061462 16
15.125685 55.060856 17
15.12483 55.061493 18
15.125612 55.06089 19
15.124468 55.06133 27
15.124348 55.061474 29
15.123656 55.061115 33A
15.122855 55.06089 33C
15.123172 55.061543 37
15.123548 55.06183 39
15.122713 55.06221 41
15.124485 55.061665 20
15.123324 55.06127 39A
15.122887 55.06125 35
15.124507 55.061012 23
15.126221 55.0608 2
15.122002 55.06254 45
15.125812 55.06079 15
15.125979 55.06092 6
15.12627 55.060566 5
15.126393 55.0605 3
15.123758 55.061607 31
15.12326 55.060867 33B
15.126135 55.060844 4
15.126193 55.0606 7
15.125803 55.06101 8
15.126077 55.06066 9
15.125772 55.061028 10
15.125994 55.060703 11
15.12565 55.061085 12
15.125874 55.06076 13
15.125266 55.06143 14
15.12489 55.061462 16
15.125685 55.060856 17
15.12483 55.061493 18
15.125612 55.06089 19
15.124468 55.06133 27
15.124348 55.061474 29
15.123656 55.061115 33A
15.122855 55.06089 33C
15.123172 55.061543 37
15.123548 55.06183 39
15.122713 55.06221 41
15.124485 55.061665 20
15.123324 55.06127 39A
15.122887 55.06125 35
15.124507 55.061012 23
15.126221 55.0608 2
15.122002 55.06254 45
15.125812 55.06079 15
15.125979 55.06092 6
15.12627 55.060566 5
15.126393 55.0605 3
15.123758 55.061607 31
15.12326 55.060867 33B
15.126135 55.060844 4
15.126193 55.0606 7
15.125803 55.06101 8
15.126077 55.06066 9
15.125772 55.061028 10
15.125994 55.060703 11
15.12565 55.061085 12
15.125874 55.06076 13
15.125266 55.06143 14
15.12489 55.061462 16
15.125685 55.060856 17
15.12483 55.061493 18
15.125612 55.06089 19
15.124468 55.06133 27
15.124348 55.061474 29
15.123656 55.061115 33A
15.122855 55.06089 33C
15.123172 55.061543 37
15.123548 55.06183 39
15.122713 55.06221 41
15.124485 55.061665 20
15.123324 55.06127 39A
15.122887 55.06125 35
15.124507 55.061012 23
15.126221 55.0608 2
15.122002 55.06254 45
15.125812 55.06079 15
15.125979 55.06092 6
15.12627 55.060566 5
15.126393 55.0605 3
15.123758 55.061607 31
15.12326 55.060867 33B
15.126135 55.060844 4
15.126193 55.0606 7
15.125803 55.06101 8
15.126077 55.06066 9
15.125772 55.061028 10
15.125994 55.060703 11
15.12565 55.061085 12
15.125874 55.06076 13
15.125266 55.06143 14
15.12489 55.061462 16
15.125685 55.060856 17
15.12483 55.061493 18
15.125612 55.06089 19
15.124468 55.06133 27
15.124348 55.061474 29
15.123656 55.061115 33A
15.122855 55.06089 33C
15.123172 55.061543 37
15.123548 55.06183 39
15.122713 55.06221 41
15.124485 55.061665 20
15.123324 55.06127 39A
15.122887 55.06125 35
15.124507 55.061012 23
15.126221 55.0608 2
15.122002 55.06254 45
15.125812 55.06079 15
15.125979 55.06092 6
15.12627 55.060566 5
15.126393 55.0605 3
15.123758 55.061607 31
15.12326 55.060867 33B
15.126135 55.060844 4
15.126193 55.0606 7
15.125803 55.06101 8
15.126077 55.06066 9
15.125772 55.061028 10
15.125994 55.060703 11
15.12565 55.061085 12
15.125874 55.06076 13
15.125266 55.06143 14
15.12489 55.061462 16
15.125685 55.060856 17
15.12483 55.061493 18
15.125612 55.06089 19
15.124468 55.06133 27
15.124348 55.061474 29
15.123656 55.061115 33A
15.122855 55.06089 33C
15.123172 55.061543 37
15.123548 55.06183 39
15.122713 55.06221 41
15.124485 55.061665 20
15.123324 55.06127 39A
15.122887 55.06125 35
15.124507 55.061012 23
15.126221 55.0608 2
15.122002 55.06254 45
15.125812 55.06079 15
15.125979 55.06092 6
15.12627 55.060566 5
15.126393 55.0605 3
15.123758 55.061607 31
15.12326 55.060867 33B
15.126135 55.060844 4
15.126193 55.0606 7
15.125803 55.06101 8
15.126077 55.06066 9
15.125772 55.061028 10
15.125994 55.060703 11
15.12565 55.061085 12
15.125874 55.06076 13
15.125266 55.06143 14
15.12489 55.061462 16
15.125685 55.060856 17
15.12483 55.061493 18
15.125612 55.06089 19
15.124468 55.06133 27
15.124348 55.061474 29
15.123656 55.061115 33A
15.122855 55.06089 33C
15.123172 55.061543 37
15.123548 55.06183 39
15.122713 55.06221 41
15.124485 55.061665 20
15.123324 55.06127 39A
15.122887 55.06125 35
15.124507 55.061012 23
15.126221 55.0608 2
15.122002 55.06254 45
15.125812 55.06079 15
15.125979 55.06092 6
15.12627 55.060566 5
15.126393 55.0605 3
15.123758 55.061607 31
15.12326 55.060867 33B
