15.110825 55.0445 3
15.111752 55.043644 4
15.111157 55.044685 5
15.111926 55.04434 6
15.111491 55.044514 7
15.113022 55.044514 8
15.111948 55.044838 9
15.112013 55.044052 4B
14.705586 55.11132 4
15.110825 55.0445 3
15.111752 55.043644 4
15.111157 55.044685 5
15.111926 55.04434 6
15.111491 55.044514 7
15.113022 55.044514 8
15.111948 55.044838 9
15.112013 55.044052 4B
14.705586 55.11132 4
15.110825 55.0445 3
15.111752 55.043644 4
15.111157 55.044685 5
15.111926 55.04434 6
15.111491 55.044514 7
15.113022 55.044514 8
15.111948 55.044838 9
15.112013 55.044052 4B
14.705586 55.11132 4
15.110825 55.0445 3
15.111752 55.043644 4
15.111157 55.044685 5
15.111926 55.04434 6
15.111491 55.044514 7
15.113022 55.044514 8
15.111948 55.044838 9
15.112013 55.044052 4B
14.705586 55.11132 4
15.110825 55.0445 3
15.111752 55.043644 4
15.111157 55.044685 5
15.111926 55.04434 6
15.111491 55.044514 7
15.113022 55.044514 8
15.111948 55.044838 9
15.112013 55.044052 4B
14.705586 55.11132 4
15.110825 55.0445 3
15.111752 55.043644 4
15.111157 55.044685 5
15.111926 55.04434 6
15.111491 55.044514 7
15.113022 55.044514 8
15.111948 55.044838 9
15.112013 55.044052 4B
14.705586 55.11132 4
