15.130718 55.063454 1
15.131045 55.063564 2
15.131271 55.063896 4B
15.130901 55.063675 5
15.131378 55.0644 6
15.131387 55.06447 8
15.131423 55.064613 10
15.131013 55.06396 11
15.131834 55.06489 12
15.131293 55.06467 13
15.131937 55.064987 14
15.131501 55.064835 15
15.132024 55.065067 16
15.131422 55.065052 17A
15.131459 55.065144 17B
15.131502 55.064957 17C
15.132284 55.065426 18
15.131895 55.065205 19
15.132281 55.065582 20
15.132108 55.06546 21
15.132109 55.065594 23
15.132208 55.06576 24
15.132188 55.06581 26
15.132066 55.065697 27
15.132027 55.065777 29
15.132088 55.066074 30
15.132005 55.065826 31
15.131959 55.06591 33
15.131935 55.065975 35
15.132139 55.065937 28
15.131297 55.06396 4A
