15.078717 54.998432 34
15.080324 54.99925 13B
15.081163 55.00178 2
15.081422 55.00133 4
15.080312 55.00126 8
15.080486 54.998817 15
15.079802 54.998634 15A
15.080044 54.998154 17
15.080854 54.997803 21
15.080245 54.997597 23
15.080176 54.99727 25
15.078408 54.99951 30
15.07811 54.99776 38
15.078159 54.997444 42
15.07956 54.99908 13A
15.079499 55.000423 12
15.080718 55.00086 6
15.07917 54.997463 40
15.078977 54.99791 36
15.078507 54.99905 32
15.078012 54.999825 28
15.080604 54.998306 19
15.080141 54.999588 11
15.080529 55.001762 10
14.975576 55.203518 1
