15.129356 55.05832 2
15.129169 55.058147 3
15.12938 55.058495 4
15.129147 55.05819 5
15.129097 55.05829 7
14.918367 55.070293 1
15.129356 55.05832 2
15.129169 55.058147 3
15.12938 55.058495 4
15.129147 55.05819 5
15.129097 55.05829 7
14.918367 55.070293 1
15.129356 55.05832 2
15.129169 55.058147 3
15.12938 55.058495 4
15.129147 55.05819 5
15.129097 55.05829 7
14.918367 55.070293 1
15.129356 55.05832 2
15.129169 55.058147 3
15.12938 55.058495 4
15.129147 55.05819 5
15.129097 55.05829 7
14.918367 55.070293 1
15.129356 55.05832 2
15.129169 55.058147 3
15.12938 55.058495 4
15.129147 55.05819 5
15.129097 55.05829 7
14.918367 55.070293 1
15.129356 55.05832 2
15.129169 55.058147 3
15.12938 55.058495 4
15.129147 55.05819 5
15.129097 55.05829 7
14.918367 55.070293 1
