15.117783 55.02653 2
15.11819 55.026196 3
15.117182 55.026485 4
15.117887 55.026257 5
15.116748 55.02647 6
15.117644 55.02626 7
15.117384 55.026245 9
15.114726 55.02675 10A
15.11705 55.02623 11
15.114268 55.026344 12A
15.114255 55.026573 12C
15.114032 55.02704 14
15.115062 55.02616 15
15.113864 55.027233 16
15.11235 55.026394 18
15.114238 55.026127 19
15.111763 55.026363 20
15.113824 55.02614 21
15.111485 55.02636 22
15.113532 55.026127 23
15.111247 55.02636 24
15.111013 55.02635 26
15.112923 55.026127 27
15.111857 55.02661 28
15.112421 55.026073 29
15.111648 55.026604 30
15.112153 55.026043 31
15.111422 55.026592 32
15.111849 55.025967 33
15.111171 55.026573 34
15.111535 55.02592 35
15.110943 55.026566 36
15.111187 55.025894 37
15.110467 55.025703 39
15.114667 55.026398 10B
15.114107 55.026806 12B
15.117783 55.02653 2
15.11819 55.026196 3
15.117182 55.026485 4
15.117887 55.026257 5
15.116748 55.02647 6
15.117644 55.02626 7
15.117384 55.026245 9
15.114726 55.02675 10A
15.11705 55.02623 11
15.114268 55.026344 12A
15.114255 55.026573 12C
15.114032 55.02704 14
15.115062 55.02616 15
15.113864 55.027233 16
15.11235 55.026394 18
15.114238 55.026127 19
15.111763 55.026363 20
15.113824 55.02614 21
15.111485 55.02636 22
15.113532 55.026127 23
15.111247 55.02636 24
15.111013 55.02635 26
15.112923 55.026127 27
15.111857 55.02661 28
15.112421 55.026073 29
15.111648 55.026604 30
15.112153 55.026043 31
15.111422 55.026592 32
15.111849 55.025967 33
15.111171 55.026573 34
15.111535 55.02592 35
15.110943 55.026566 36
15.111187 55.025894 37
15.110467 55.025703 39
15.114667 55.026398 10B
15.114107 55.026806 12B
15.117783 55.02653 2
15.11819 55.026196 3
15.117182 55.026485 4
15.117887 55.026257 5
15.116748 55.02647 6
15.117644 55.02626 7
15.117384 55.026245 9
15.114726 55.02675 10A
15.11705 55.02623 11
15.114268 55.026344 12A
15.114255 55.026573 12C
15.114032 55.02704 14
15.115062 55.02616 15
15.113864 55.027233 16
15.11235 55.026394 18
15.114238 55.026127 19
15.111763 55.026363 20
15.113824 55.02614 21
15.111485 55.02636 22
15.113532 55.026127 23
15.111247 55.02636 24
15.111013 55.02635 26
15.112923 55.026127 27
15.111857 55.02661 28
15.112421 55.026073 29
15.111648 55.026604 30
15.112153 55.026043 31
15.111422 55.026592 32
15.111849 55.025967 33
15.111171 55.026573 34
15.111535 55.02592 35
15.110943 55.026566 36
15.111187 55.025894 37
15.110467 55.025703 39
15.114667 55.026398 10B
15.114107 55.026806 12B
15.117783 55.02653 2
15.11819 55.026196 3
15.117182 55.026485 4
15.117887 55.026257 5
15.116748 55.02647 6
15.117644 55.02626 7
15.117384 55.026245 9
15.114726 55.02675 10A
15.11705 55.02623 11
15.114268 55.026344 12A
15.114255 55.026573 12C
15.114032 55.02704 14
15.115062 55.02616 15
15.113864 55.027233 16
15.11235 55.026394 18
15.114238 55.026127 19
15.111763 55.026363 20
15.113824 55.02614 21
15.111485 55.02636 22
15.113532 55.026127 23
15.111247 55.02636 24
15.111013 55.02635 26
15.112923 55.026127 27
15.111857 55.02661 28
15.112421 55.026073 29
15.111648 55.026604 30
15.112153 55.026043 31
15.111422 55.026592 32
15.111849 55.025967 33
15.111171 55.026573 34
15.111535 55.02592 35
15.110943 55.026566 36
15.111187 55.025894 37
15.110467 55.025703 39
15.114667 55.026398 10B
15.114107 55.026806 12B
15.117783 55.02653 2
15.11819 55.026196 3
15.117182 55.026485 4
15.117887 55.026257 5
15.116748 55.02647 6
15.117644 55.02626 7
15.117384 55.026245 9
15.114726 55.02675 10A
15.11705 55.02623 11
15.114268 55.026344 12A
15.114255 55.026573 12C
15.114032 55.02704 14
15.115062 55.02616 15
15.113864 55.027233 16
15.11235 55.026394 18
15.114238 55.026127 19
15.111763 55.026363 20
15.113824 55.02614 21
15.111485 55.02636 22
15.113532 55.026127 23
15.111247 55.02636 24
15.111013 55.02635 26
15.112923 55.026127 27
15.111857 55.02661 28
15.112421 55.026073 29
15.111648 55.026604 30
15.112153 55.026043 31
15.111422 55.026592 32
15.111849 55.025967 33
15.111171 55.026573 34
15.111535 55.02592 35
15.110943 55.026566 36
15.111187 55.025894 37
15.110467 55.025703 39
15.114667 55.026398 10B
15.114107 55.026806 12B
15.117783 55.02653 2
15.11819 55.026196 3
15.117182 55.026485 4
15.117887 55.026257 5
15.116748 55.02647 6
15.117644 55.02626 7
15.117384 55.026245 9
15.114726 55.02675 10A
15.11705 55.02623 11
15.114268 55.026344 12A
15.114255 55.026573 12C
15.114032 55.02704 14
15.115062 55.02616 15
15.113864 55.027233 16
15.11235 55.026394 18
15.114238 55.026127 19
15.111763 55.026363 20
15.113824 55.02614 21
15.111485 55.02636 22
15.113532 55.026127 23
15.111247 55.02636 24
15.111013 55.02635 26
15.112923 55.026127 27
15.111857 55.02661 28
15.112421 55.026073 29
15.111648 55.026604 30
15.112153 55.026043 31
15.111422 55.026592 32
15.111849 55.025967 33
15.111171 55.026573 34
15.111535 55.02592 35
15.110943 55.026566 36
15.111187 55.025894 37
15.110467 55.025703 39
15.114667 55.026398 10B
15.114107 55.026806 12B
