15.134341 55.063778 1
15.133909 55.06391 2
15.133315 55.063896 3
15.133729 55.063957 4
15.133543 55.06401 6
15.132216 55.06413 7
15.133313 55.06408 8
15.131993 55.064106 9
15.133112 55.064144 10
15.13188 55.064106 11
15.132938 55.06423 12
15.131686 55.064083 13
15.13197 55.064224 14
15.131549 55.06408 15A
15.131767 55.064327 16A
15.131668 55.064224 16B
15.13166 55.064255 16C
15.131651 55.06428 16D
15.131644 55.06432 16E
15.13072 55.063953 17
15.131509 55.064194 18
15.130376 55.06385 19
15.131351 55.064182 20
15.129931 55.06381 21
15.130953 55.064133 22
15.129756 55.06378 23
15.130767 55.0641 24
15.129529 55.06375 25
15.13052 55.064056 26
15.129471 55.06374 27
15.130352 55.064026 28
15.129194 55.063705 29
15.128693 55.063633 33
15.1298 55.063934 34
15.128594 55.06362 35
15.129645 55.063915 36
15.12845 55.0636 37
15.129538 55.0639 38
15.12803 55.06354 39
15.129389 55.06404 40
15.129106 55.064304 42
15.129189 55.06398 42A
15.12892 55.063824 44
15.128417 55.063744 48
15.128471 55.063744 48A
15.128401 55.06373 48B
15.128287 55.063725 50
15.1281 55.0637 52
15.127949 55.063675 54
15.127865 55.063663 56
15.127733 55.063644 58
15.127636 55.06363 60
15.127474 55.063606 62
15.127016 55.063545 66
15.126837 55.063522 68
15.126515 55.063602 70
15.128997 55.063675 31
