15.10766 55.033237 2
15.107999 55.032932 3
15.106935 55.033237 4
15.107623 55.032887 5
15.106383 55.033203 6
15.106979 55.032818 7
15.106345 55.03274 9
14.75051 55.168056 1
15.10766 55.033237 2
15.107999 55.032932 3
15.106935 55.033237 4
15.107623 55.032887 5
15.106383 55.033203 6
15.106979 55.032818 7
15.106345 55.03274 9
14.75051 55.168056 1
15.10766 55.033237 2
15.107999 55.032932 3
15.106935 55.033237 4
15.107623 55.032887 5
15.106383 55.033203 6
15.106979 55.032818 7
15.106345 55.03274 9
14.75051 55.168056 1
15.10766 55.033237 2
15.107999 55.032932 3
15.106935 55.033237 4
15.107623 55.032887 5
15.106383 55.033203 6
15.106979 55.032818 7
15.106345 55.03274 9
14.75051 55.168056 1
15.10766 55.033237 2
15.107999 55.032932 3
15.106935 55.033237 4
15.107623 55.032887 5
15.106383 55.033203 6
15.106979 55.032818 7
15.106345 55.03274 9
14.75051 55.168056 1
15.10766 55.033237 2
15.107999 55.032932 3
15.106935 55.033237 4
15.107623 55.032887 5
15.106383 55.033203 6
15.106979 55.032818 7
15.106345 55.03274 9
14.75051 55.168056 1
