15.057643 55.02353 2
15.052894 55.02504 3
15.056412 55.026047 4
14.985195 55.002533 1
15.057643 55.02353 2
15.052894 55.02504 3
15.056412 55.026047 4
14.985195 55.002533 1
15.057643 55.02353 2
15.052894 55.02504 3
15.056412 55.026047 4
14.985195 55.002533 1
15.057643 55.02353 2
15.052894 55.02504 3
15.056412 55.026047 4
14.985195 55.002533 1
15.057643 55.02353 2
15.052894 55.02504 3
15.056412 55.026047 4
14.985195 55.002533 1
15.057643 55.02353 2
15.052894 55.02504 3
15.056412 55.026047 4
14.985195 55.002533 1
