15.064853 54.997696 1
15.065359 54.997974 3
15.065502 54.99697 4
15.065029 54.998344 5
15.066241 54.996956 6
15.066317 54.997772 7
15.066871 54.996986 8
15.066983 54.997803 9
15.067669 54.997025 10
15.145938 55.13216 1
15.064853 54.997696 1
15.065359 54.997974 3
15.065502 54.99697 4
15.065029 54.998344 5
15.066241 54.996956 6
15.066317 54.997772 7
15.066871 54.996986 8
15.066983 54.997803 9
15.067669 54.997025 10
15.145938 55.13216 1
15.064853 54.997696 1
15.065359 54.997974 3
15.065502 54.99697 4
15.065029 54.998344 5
15.066241 54.996956 6
15.066317 54.997772 7
15.066871 54.996986 8
15.066983 54.997803 9
15.067669 54.997025 10
15.145938 55.13216 1
15.064853 54.997696 1
15.065359 54.997974 3
15.065502 54.99697 4
15.065029 54.998344 5
15.066241 54.996956 6
15.066317 54.997772 7
15.066871 54.996986 8
15.066983 54.997803 9
15.067669 54.997025 10
15.145938 55.13216 1
15.064853 54.997696 1
15.065359 54.997974 3
15.065502 54.99697 4
15.065029 54.998344 5
15.066241 54.996956 6
15.066317 54.997772 7
15.066871 54.996986 8
15.066983 54.997803 9
15.067669 54.997025 10
15.145938 55.13216 1
15.064853 54.997696 1
15.065359 54.997974 3
15.065502 54.99697 4
15.065029 54.998344 5
15.066241 54.996956 6
15.066317 54.997772 7
15.066871 54.996986 8
15.066983 54.997803 9
15.067669 54.997025 10
15.145938 55.13216 1
