15.132713 55.06829 5
15.133059 55.06853 6
15.13261 55.06838 7
15.133439 55.068653 8A
15.133711 55.06883 8B
15.131989 55.068455 9
15.132943 55.0687 10A
15.133355 55.068916 10B
15.132252 55.068657 11
15.132677 55.068863 12
15.132077 55.06887 13
15.132519 55.069016 14
15.131722 55.069233 15
15.13172 55.069824 17
15.132417 55.06968 18
15.13221 55.069786 20
15.130192 55.071156 21
15.132669 55.07634 22
15.131554 55.079113 23
15.132404 55.079113 24
15.127572 55.079967 25
15.133425 55.08257 26A
15.123503 55.079594 27
15.131988 55.088215 28
15.130203 55.082256 29
15.128248 55.082535 29A
15.132465 55.090958 30
15.128817 55.09073 30A
15.130116 55.084988 31
15.133023 55.092487 32
15.128282 55.088047 33
15.133683 55.094196 34
15.13474 55.0798 24B
15.133523 55.0825 26C
15.132728 55.082443 26
15.133535 55.08254 26D
15.133532 55.082607 26E
15.133396 55.08249 26B
15.133584 55.082523 26F
15.132713 55.06829 5
15.133059 55.06853 6
15.13261 55.06838 7
15.133439 55.068653 8A
15.133711 55.06883 8B
15.131989 55.068455 9
15.132943 55.0687 10A
15.133355 55.068916 10B
15.132252 55.068657 11
15.132677 55.068863 12
15.132077 55.06887 13
15.132519 55.069016 14
15.131722 55.069233 15
15.13172 55.069824 17
15.132417 55.06968 18
15.13221 55.069786 20
15.130192 55.071156 21
15.132669 55.07634 22
15.131554 55.079113 23
15.132404 55.079113 24
15.127572 55.079967 25
15.133425 55.08257 26A
15.123503 55.079594 27
15.131988 55.088215 28
15.130203 55.082256 29
15.128248 55.082535 29A
15.132465 55.090958 30
15.128817 55.09073 30A
15.130116 55.084988 31
15.133023 55.092487 32
15.128282 55.088047 33
15.133683 55.094196 34
15.13474 55.0798 24B
15.133523 55.0825 26C
15.132728 55.082443 26
15.133535 55.08254 26D
15.133532 55.082607 26E
15.133396 55.08249 26B
15.133584 55.082523 26F
15.132713 55.06829 5
15.133059 55.06853 6
15.13261 55.06838 7
15.133439 55.068653 8A
15.133711 55.06883 8B
15.131989 55.068455 9
15.132943 55.0687 10A
15.133355 55.068916 10B
15.132252 55.068657 11
15.132677 55.068863 12
15.132077 55.06887 13
15.132519 55.069016 14
15.131722 55.069233 15
15.13172 55.069824 17
15.132417 55.06968 18
15.13221 55.069786 20
15.130192 55.071156 21
15.132669 55.07634 22
15.131554 55.079113 23
15.132404 55.079113 24
15.127572 55.079967 25
15.133425 55.08257 26A
15.123503 55.079594 27
15.131988 55.088215 28
15.130203 55.082256 29
15.128248 55.082535 29A
15.132465 55.090958 30
15.128817 55.09073 30A
15.130116 55.084988 31
15.133023 55.092487 32
15.128282 55.088047 33
15.133683 55.094196 34
15.13474 55.0798 24B
15.133523 55.0825 26C
15.132728 55.082443 26
15.133535 55.08254 26D
15.133532 55.082607 26E
15.133396 55.08249 26B
15.133584 55.082523 26F
15.132713 55.06829 5
15.133059 55.06853 6
15.13261 55.06838 7
15.133439 55.068653 8A
15.133711 55.06883 8B
15.131989 55.068455 9
15.132943 55.0687 10A
15.133355 55.068916 10B
15.132252 55.068657 11
15.132677 55.068863 12
15.132077 55.06887 13
15.132519 55.069016 14
15.131722 55.069233 15
15.13172 55.069824 17
15.132417 55.06968 18
15.13221 55.069786 20
15.130192 55.071156 21
15.132669 55.07634 22
15.131554 55.079113 23
15.132404 55.079113 24
15.127572 55.079967 25
15.133425 55.08257 26A
15.123503 55.079594 27
15.131988 55.088215 28
15.130203 55.082256 29
15.128248 55.082535 29A
15.132465 55.090958 30
15.128817 55.09073 30A
15.130116 55.084988 31
15.133023 55.092487 32
15.128282 55.088047 33
15.133683 55.094196 34
15.13474 55.0798 24B
15.133523 55.0825 26C
15.132728 55.082443 26
15.133535 55.08254 26D
15.133532 55.082607 26E
15.133396 55.08249 26B
15.133584 55.082523 26F
15.132713 55.06829 5
15.133059 55.06853 6
15.13261 55.06838 7
15.133439 55.068653 8A
15.133711 55.06883 8B
15.131989 55.068455 9
15.132943 55.0687 10A
15.133355 55.068916 10B
15.132252 55.068657 11
15.132677 55.068863 12
15.132077 55.06887 13
15.132519 55.069016 14
15.131722 55.069233 15
15.13172 55.069824 17
15.132417 55.06968 18
15.13221 55.069786 20
15.130192 55.071156 21
15.132669 55.07634 22
15.131554 55.079113 23
15.132404 55.079113 24
15.127572 55.079967 25
15.133425 55.08257 26A
15.123503 55.079594 27
15.131988 55.088215 28
15.130203 55.082256 29
15.128248 55.082535 29A
15.132465 55.090958 30
15.128817 55.09073 30A
15.130116 55.084988 31
15.133023 55.092487 32
15.128282 55.088047 33
15.133683 55.094196 34
15.13474 55.0798 24B
15.133523 55.0825 26C
15.132728 55.082443 26
15.133535 55.08254 26D
15.133532 55.082607 26E
15.133396 55.08249 26B
15.133584 55.082523 26F
15.132713 55.06829 5
15.133059 55.06853 6
15.13261 55.06838 7
15.133439 55.068653 8A
15.133711 55.06883 8B
15.131989 55.068455 9
15.132943 55.0687 10A
15.133355 55.068916 10B
15.132252 55.068657 11
15.132677 55.068863 12
15.132077 55.06887 13
15.132519 55.069016 14
15.131722 55.069233 15
15.13172 55.069824 17
15.132417 55.06968 18
15.13221 55.069786 20
15.130192 55.071156 21
15.132669 55.07634 22
15.131554 55.079113 23
15.132404 55.079113 24
15.127572 55.079967 25
15.133425 55.08257 26A
15.123503 55.079594 27
15.131988 55.088215 28
15.130203 55.082256 29
15.128248 55.082535 29A
15.132465 55.090958 30
15.128817 55.09073 30A
15.130116 55.084988 31
15.133023 55.092487 32
15.128282 55.088047 33
15.133683 55.094196 34
15.13474 55.0798 24B
15.133523 55.0825 26C
15.132728 55.082443 26
15.133535 55.08254 26D
15.133532 55.082607 26E
15.133396 55.08249 26B
15.133584 55.082523 26F
