15.113661 55.026417 2
15.113191 55.02665 3
15.113584 55.026615 4
15.113075 55.02691 5
15.113524 55.026875 6
15.112344 55.0269 7
15.113462 55.02719 8
15.111975 55.02689 9
15.113031 55.02717 10
15.111467 55.026886 11
15.110983 55.026875 13
15.112343 55.027172 14
15.111853 55.02715 16
15.111314 55.02722 18
15.110968 55.027115 20
15.113661 55.026417 2
15.113191 55.02665 3
15.113584 55.026615 4
15.113075 55.02691 5
15.113524 55.026875 6
15.112344 55.0269 7
15.113462 55.02719 8
15.111975 55.02689 9
15.113031 55.02717 10
15.111467 55.026886 11
15.110983 55.026875 13
15.112343 55.027172 14
15.111853 55.02715 16
15.111314 55.02722 18
15.110968 55.027115 20
15.113661 55.026417 2
15.113191 55.02665 3
15.113584 55.026615 4
15.113075 55.02691 5
15.113524 55.026875 6
15.112344 55.0269 7
15.113462 55.02719 8
15.111975 55.02689 9
15.113031 55.02717 10
15.111467 55.026886 11
15.110983 55.026875 13
15.112343 55.027172 14
15.111853 55.02715 16
15.111314 55.02722 18
15.110968 55.027115 20
15.113661 55.026417 2
15.113191 55.02665 3
15.113584 55.026615 4
15.113075 55.02691 5
15.113524 55.026875 6
15.112344 55.0269 7
15.113462 55.02719 8
15.111975 55.02689 9
15.113031 55.02717 10
15.111467 55.026886 11
15.110983 55.026875 13
15.112343 55.027172 14
15.111853 55.02715 16
15.111314 55.02722 18
15.110968 55.027115 20
15.113661 55.026417 2
15.113191 55.02665 3
15.113584 55.026615 4
15.113075 55.02691 5
15.113524 55.026875 6
15.112344 55.0269 7
15.113462 55.02719 8
15.111975 55.02689 9
15.113031 55.02717 10
15.111467 55.026886 11
15.110983 55.026875 13
15.112343 55.027172 14
15.111853 55.02715 16
15.111314 55.02722 18
15.110968 55.027115 20
15.113661 55.026417 2
15.113191 55.02665 3
15.113584 55.026615 4
15.113075 55.02691 5
15.113524 55.026875 6
15.112344 55.0269 7
15.113462 55.02719 8
15.111975 55.02689 9
15.113031 55.02717 10
15.111467 55.026886 11
15.110983 55.026875 13
15.112343 55.027172 14
15.111853 55.02715 16
15.111314 55.02722 18
15.110968 55.027115 20
