15.130982 55.06808 2
15.131455 55.06821 3
15.13121 55.067986 4
15.131621 55.068123 5
15.13145 55.067932 6
15.131848 55.068027 7
15.131627 55.06785 8
15.131867 55.0678 10
15.130982 55.06808 2
15.131455 55.06821 3
15.13121 55.067986 4
15.131621 55.068123 5
15.13145 55.067932 6
15.131848 55.068027 7
15.131627 55.06785 8
15.131867 55.0678 10
15.130982 55.06808 2
15.131455 55.06821 3
15.13121 55.067986 4
15.131621 55.068123 5
15.13145 55.067932 6
15.131848 55.068027 7
15.131627 55.06785 8
15.131867 55.0678 10
15.130982 55.06808 2
15.131455 55.06821 3
15.13121 55.067986 4
15.131621 55.068123 5
15.13145 55.067932 6
15.131848 55.068027 7
15.131627 55.06785 8
15.131867 55.0678 10
15.130982 55.06808 2
15.131455 55.06821 3
15.13121 55.067986 4
15.131621 55.068123 5
15.13145 55.067932 6
15.131848 55.068027 7
15.131627 55.06785 8
15.131867 55.0678 10
15.130982 55.06808 2
15.131455 55.06821 3
15.13121 55.067986 4
15.131621 55.068123 5
15.13145 55.067932 6
15.131848 55.068027 7
15.131627 55.06785 8
15.131867 55.0678 10
