15.04171 55.00023 3
15.041808 55.000736 5
15.042514 55.00013 9
15.04328 55.00008 11
15.043376 55.00059 13
15.044197 55.00054 15
15.044175 55.0001 17
15.042749 54.999474 6
15.043333 54.999336 8
15.045368 54.999657 12
15.044906 55.000328 19
15.04565 55.000347 21
15.067083 55.145905 1
15.04171 55.00023 3
15.041808 55.000736 5
15.042514 55.00013 9
15.04328 55.00008 11
15.043376 55.00059 13
15.044197 55.00054 15
15.044175 55.0001 17
15.042749 54.999474 6
15.043333 54.999336 8
15.045368 54.999657 12
15.044906 55.000328 19
15.04565 55.000347 21
15.067083 55.145905 1
15.04171 55.00023 3
15.041808 55.000736 5
15.042514 55.00013 9
15.04328 55.00008 11
15.043376 55.00059 13
15.044197 55.00054 15
15.044175 55.0001 17
15.042749 54.999474 6
15.043333 54.999336 8
15.045368 54.999657 12
15.044906 55.000328 19
15.04565 55.000347 21
15.067083 55.145905 1
15.04171 55.00023 3
15.041808 55.000736 5
15.042514 55.00013 9
15.04328 55.00008 11
15.043376 55.00059 13
15.044197 55.00054 15
15.044175 55.0001 17
15.042749 54.999474 6
15.043333 54.999336 8
15.045368 54.999657 12
15.044906 55.000328 19
15.04565 55.000347 21
15.067083 55.145905 1
15.04171 55.00023 3
15.041808 55.000736 5
15.042514 55.00013 9
15.04328 55.00008 11
15.043376 55.00059 13
15.044197 55.00054 15
15.044175 55.0001 17
15.042749 54.999474 6
15.043333 54.999336 8
15.045368 54.999657 12
15.044906 55.000328 19
15.04565 55.000347 21
15.067083 55.145905 1
15.04171 55.00023 3
15.041808 55.000736 5
15.042514 55.00013 9
15.04328 55.00008 11
15.043376 55.00059 13
15.044197 55.00054 15
15.044175 55.0001 17
15.042749 54.999474 6
15.043333 54.999336 8
15.045368 54.999657 12
15.044906 55.000328 19
15.04565 55.000347 21
15.067083 55.145905 1
