15.101152 55.042755 4
15.100977 55.04216 6
15.098607 55.04004 7
15.098771 55.039738 7A
15.100935 55.04193 8
15.102048 55.041553 10
15.101908 55.041306 12
15.101492 55.041126 14
15.100685 55.04109 16
15.099501 55.040558 18
15.098303 55.04031 20
15.097963 55.042645 22
15.097003 55.040634 24
15.094602 55.03946 26
15.094107 55.0395 28
15.093944 55.040184 28A
15.093456 55.03949 30
15.092655 55.039505 32
15.092294 55.03949 34
15.095941 55.02649 37
15.090913 55.032825 48A
15.085937 55.032932 48
15.091571 55.030617 50
15.086745 55.0328 48B
15.099956 55.04002 5
15.092489 55.036278 21
15.095181 55.037594 15
15.099484 55.0256 39
15.091874 55.03346 31
15.092594 55.037525 17
15.092116 55.038414 38
15.09263 55.038662 11
15.101012 55.04064 3
15.096394 55.038967 9
15.091976 55.03803 42
15.094225 55.03293 29
15.091929 55.032833 33
15.092558 55.037712 13B
15.092716 55.038136 13A
15.092431 55.036648 19
15.096714 55.03546 23
15.096954 55.03483 25
15.092022 55.038254 40
15.089254 55.03601 44
15.091805 55.03634 46
15.092828 55.029312 52A
15.092379 55.02924 52B
15.095246 55.026077 54
15.10058 55.039104 5A
15.094498 55.03819 15A
15.091891 55.033802 27
15.094994 55.037186 15B
15.095054 55.037186 15C
15.095101 55.037136 15D
15.095035 55.03712 15E
15.091232 55.03799 42B
15.091413 55.037605 42C
15.095 55.037174 15F
14.91767 55.07016 1
15.101152 55.042755 4
15.100977 55.04216 6
15.098607 55.04004 7
15.098771 55.039738 7A
15.100935 55.04193 8
15.102048 55.041553 10
15.101908 55.041306 12
15.101492 55.041126 14
15.100685 55.04109 16
15.099501 55.040558 18
15.098303 55.04031 20
15.097963 55.042645 22
15.097003 55.040634 24
15.094602 55.03946 26
15.094107 55.0395 28
15.093944 55.040184 28A
15.093456 55.03949 30
15.092655 55.039505 32
15.092294 55.03949 34
15.095941 55.02649 37
15.090913 55.032825 48A
15.085937 55.032932 48
15.091571 55.030617 50
15.086745 55.0328 48B
15.099956 55.04002 5
15.092489 55.036278 21
15.095181 55.037594 15
15.099484 55.0256 39
15.091874 55.03346 31
15.092594 55.037525 17
15.092116 55.038414 38
15.09263 55.038662 11
15.101012 55.04064 3
15.096394 55.038967 9
15.091976 55.03803 42
15.094225 55.03293 29
15.091929 55.032833 33
15.092558 55.037712 13B
15.092716 55.038136 13A
15.092431 55.036648 19
15.096714 55.03546 23
15.096954 55.03483 25
15.092022 55.038254 40
15.089254 55.03601 44
15.091805 55.03634 46
15.092828 55.029312 52A
15.092379 55.02924 52B
15.095246 55.026077 54
15.10058 55.039104 5A
15.094498 55.03819 15A
15.091891 55.033802 27
15.094994 55.037186 15B
15.095054 55.037186 15C
15.095101 55.037136 15D
15.095035 55.03712 15E
15.091232 55.03799 42B
15.091413 55.037605 42C
15.095 55.037174 15F
14.91767 55.07016 1
15.101152 55.042755 4
15.100977 55.04216 6
15.098607 55.04004 7
15.098771 55.039738 7A
15.100935 55.04193 8
15.102048 55.041553 10
15.101908 55.041306 12
15.101492 55.041126 14
15.100685 55.04109 16
15.099501 55.040558 18
15.098303 55.04031 20
15.097963 55.042645 22
15.097003 55.040634 24
15.094602 55.03946 26
15.094107 55.0395 28
15.093944 55.040184 28A
15.093456 55.03949 30
15.092655 55.039505 32
15.092294 55.03949 34
15.095941 55.02649 37
15.090913 55.032825 48A
15.085937 55.032932 48
15.091571 55.030617 50
15.086745 55.0328 48B
15.099956 55.04002 5
15.092489 55.036278 21
15.095181 55.037594 15
15.099484 55.0256 39
15.091874 55.03346 31
15.092594 55.037525 17
15.092116 55.038414 38
15.09263 55.038662 11
15.101012 55.04064 3
15.096394 55.038967 9
15.091976 55.03803 42
15.094225 55.03293 29
15.091929 55.032833 33
15.092558 55.037712 13B
15.092716 55.038136 13A
15.092431 55.036648 19
15.096714 55.03546 23
15.096954 55.03483 25
15.092022 55.038254 40
15.089254 55.03601 44
15.091805 55.03634 46
15.092828 55.029312 52A
15.092379 55.02924 52B
15.095246 55.026077 54
15.10058 55.039104 5A
15.094498 55.03819 15A
15.091891 55.033802 27
15.094994 55.037186 15B
15.095054 55.037186 15C
15.095101 55.037136 15D
15.095035 55.03712 15E
15.091232 55.03799 42B
15.091413 55.037605 42C
15.095 55.037174 15F
14.91767 55.07016 1
15.101152 55.042755 4
15.100977 55.04216 6
15.098607 55.04004 7
15.098771 55.039738 7A
15.100935 55.04193 8
15.102048 55.041553 10
15.101908 55.041306 12
15.101492 55.041126 14
15.100685 55.04109 16
15.099501 55.040558 18
15.098303 55.04031 20
15.097963 55.042645 22
15.097003 55.040634 24
15.094602 55.03946 26
15.094107 55.0395 28
15.093944 55.040184 28A
15.093456 55.03949 30
15.092655 55.039505 32
15.092294 55.03949 34
15.095941 55.02649 37
15.090913 55.032825 48A
15.085937 55.032932 48
15.091571 55.030617 50
15.086745 55.0328 48B
15.099956 55.04002 5
15.092489 55.036278 21
15.095181 55.037594 15
15.099484 55.0256 39
15.091874 55.03346 31
15.092594 55.037525 17
15.092116 55.038414 38
15.09263 55.038662 11
15.101012 55.04064 3
15.096394 55.038967 9
15.091976 55.03803 42
15.094225 55.03293 29
15.091929 55.032833 33
15.092558 55.037712 13B
15.092716 55.038136 13A
15.092431 55.036648 19
15.096714 55.03546 23
15.096954 55.03483 25
15.092022 55.038254 40
15.089254 55.03601 44
15.091805 55.03634 46
15.092828 55.029312 52A
15.092379 55.02924 52B
15.095246 55.026077 54
15.10058 55.039104 5A
15.094498 55.03819 15A
15.091891 55.033802 27
15.094994 55.037186 15B
15.095054 55.037186 15C
15.095101 55.037136 15D
15.095035 55.03712 15E
15.091232 55.03799 42B
15.091413 55.037605 42C
15.095 55.037174 15F
14.91767 55.07016 1
15.101152 55.042755 4
15.100977 55.04216 6
15.098607 55.04004 7
15.098771 55.039738 7A
15.100935 55.04193 8
15.102048 55.041553 10
15.101908 55.041306 12
15.101492 55.041126 14
15.100685 55.04109 16
15.099501 55.040558 18
15.098303 55.04031 20
15.097963 55.042645 22
15.097003 55.040634 24
15.094602 55.03946 26
15.094107 55.0395 28
15.093944 55.040184 28A
15.093456 55.03949 30
15.092655 55.039505 32
15.092294 55.03949 34
15.095941 55.02649 37
15.090913 55.032825 48A
15.085937 55.032932 48
15.091571 55.030617 50
15.086745 55.0328 48B
15.099956 55.04002 5
15.092489 55.036278 21
15.095181 55.037594 15
15.099484 55.0256 39
15.091874 55.03346 31
15.092594 55.037525 17
15.092116 55.038414 38
15.09263 55.038662 11
15.101012 55.04064 3
15.096394 55.038967 9
15.091976 55.03803 42
15.094225 55.03293 29
15.091929 55.032833 33
15.092558 55.037712 13B
15.092716 55.038136 13A
15.092431 55.036648 19
15.096714 55.03546 23
15.096954 55.03483 25
15.092022 55.038254 40
15.089254 55.03601 44
15.091805 55.03634 46
15.092828 55.029312 52A
15.092379 55.02924 52B
15.095246 55.026077 54
15.10058 55.039104 5A
15.094498 55.03819 15A
15.091891 55.033802 27
15.094994 55.037186 15B
15.095054 55.037186 15C
15.095101 55.037136 15D
15.095035 55.03712 15E
15.091232 55.03799 42B
15.091413 55.037605 42C
15.095 55.037174 15F
14.91767 55.07016 1
15.101152 55.042755 4
15.100977 55.04216 6
15.098607 55.04004 7
15.098771 55.039738 7A
15.100935 55.04193 8
15.102048 55.041553 10
15.101908 55.041306 12
15.101492 55.041126 14
15.100685 55.04109 16
15.099501 55.040558 18
15.098303 55.04031 20
15.097963 55.042645 22
15.097003 55.040634 24
15.094602 55.03946 26
15.094107 55.0395 28
15.093944 55.040184 28A
15.093456 55.03949 30
15.092655 55.039505 32
15.092294 55.03949 34
15.095941 55.02649 37
15.090913 55.032825 48A
15.085937 55.032932 48
15.091571 55.030617 50
15.086745 55.0328 48B
15.099956 55.04002 5
15.092489 55.036278 21
15.095181 55.037594 15
15.099484 55.0256 39
15.091874 55.03346 31
15.092594 55.037525 17
15.092116 55.038414 38
15.09263 55.038662 11
15.101012 55.04064 3
15.096394 55.038967 9
15.091976 55.03803 42
15.094225 55.03293 29
15.091929 55.032833 33
15.092558 55.037712 13B
15.092716 55.038136 13A
15.092431 55.036648 19
15.096714 55.03546 23
15.096954 55.03483 25
15.092022 55.038254 40
15.089254 55.03601 44
15.091805 55.03634 46
15.092828 55.029312 52A
15.092379 55.02924 52B
15.095246 55.026077 54
15.10058 55.039104 5A
15.094498 55.03819 15A
15.091891 55.033802 27
15.094994 55.037186 15B
15.095054 55.037186 15C
15.095101 55.037136 15D
15.095035 55.03712 15E
15.091232 55.03799 42B
15.091413 55.037605 42C
15.095 55.037174 15F
14.91767 55.07016 1
