15.132336 55.060383 1
15.131329 55.06053 2
15.132084 55.060394 3
15.131115 55.06054 4
15.131851 55.060406 5
15.130897 55.060555 6
15.131651 55.06041 7
15.131523 55.060413 9
15.130368 55.06063 10
15.131348 55.06042 11
15.130124 55.060677 12
15.131247 55.060425 13
15.130024 55.060696 14
15.130606 55.06046 15
15.129855 55.060726 16
15.129727 55.060753 18
15.13042 55.060493 19
15.129556 55.060783 20
15.130243 55.060528 21
15.129428 55.060806 22
15.13011 55.060555 23A
15.130042 55.06048 23B
15.129272 55.060844 24
15.130029 55.06057 25
15.12918 55.06087 26
15.129875 55.060596 27
15.129005 55.060925 28
15.129778 55.060616 29
15.128835 55.060974 30
15.129646 55.060642 31
15.128562 55.061077 32
15.129578 55.060654 33
15.129433 55.06068 35
15.12931 55.060703 37
15.129151 55.060745 39
15.129043 55.06078 41
15.128917 55.060505 43
15.12865 55.060905 45
15.128465 55.060963 47
15.12829 55.06101 49
15.128177 55.061035 51
15.132317 55.060654 2A
