15.117922 55.08896 2
15.123327 55.083397 3
15.115298 55.085545 4
15.118631 55.082535 3D
15.122418 55.081306 5
15.123058 55.08459 3B
15.117922 55.08896 2
15.123327 55.083397 3
15.115298 55.085545 4
15.118631 55.082535 3D
15.122418 55.081306 5
15.123058 55.08459 3B
15.117922 55.08896 2
15.123327 55.083397 3
15.115298 55.085545 4
15.118631 55.082535 3D
15.122418 55.081306 5
15.123058 55.08459 3B
15.117922 55.08896 2
15.123327 55.083397 3
15.115298 55.085545 4
15.118631 55.082535 3D
15.122418 55.081306 5
15.123058 55.08459 3B
15.117922 55.08896 2
15.123327 55.083397 3
15.115298 55.085545 4
15.118631 55.082535 3D
15.122418 55.081306 5
15.123058 55.08459 3B
15.117922 55.08896 2
15.123327 55.083397 3
15.115298 55.085545 4
15.118631 55.082535 3D
15.122418 55.081306 5
15.123058 55.08459 3B
