15.106082 55.035294 2
15.106518 55.035072 3
15.106352 55.03506 5
15.10558 55.035286 6
15.106165 55.035076 7
15.105972 55.035053 9
15.105799 55.035007 11
15.105473 55.035007 13
15.142941 55.135017 1
15.106082 55.035294 2
15.106518 55.035072 3
15.106352 55.03506 5
15.10558 55.035286 6
15.106165 55.035076 7
15.105972 55.035053 9
15.105799 55.035007 11
15.105473 55.035007 13
15.142941 55.135017 1
15.106082 55.035294 2
15.106518 55.035072 3
15.106352 55.03506 5
15.10558 55.035286 6
15.106165 55.035076 7
15.105972 55.035053 9
15.105799 55.035007 11
15.105473 55.035007 13
15.142941 55.135017 1
15.106082 55.035294 2
15.106518 55.035072 3
15.106352 55.03506 5
15.10558 55.035286 6
15.106165 55.035076 7
15.105972 55.035053 9
15.105799 55.035007 11
15.105473 55.035007 13
15.142941 55.135017 1
15.106082 55.035294 2
15.106518 55.035072 3
15.106352 55.03506 5
15.10558 55.035286 6
15.106165 55.035076 7
15.105972 55.035053 9
15.105799 55.035007 11
15.105473 55.035007 13
15.142941 55.135017 1
15.106082 55.035294 2
15.106518 55.035072 3
15.106352 55.03506 5
15.10558 55.035286 6
15.106165 55.035076 7
15.105972 55.035053 9
15.105799 55.035007 11
15.105473 55.035007 13
15.142941 55.135017 1
