15.105164 55.010635 2
15.107903 55.009987 3
15.104608 55.010452 4
15.104157 55.010136 6
15.107321 55.00968 5
15.106895 55.00939 7
15.105451 55.01028 9
14.701795 55.100414 1
15.105164 55.010635 2
15.107903 55.009987 3
15.104608 55.010452 4
15.104157 55.010136 6
15.107321 55.00968 5
15.106895 55.00939 7
15.105451 55.01028 9
14.701795 55.100414 1
15.105164 55.010635 2
15.107903 55.009987 3
15.104608 55.010452 4
15.104157 55.010136 6
15.107321 55.00968 5
15.106895 55.00939 7
15.105451 55.01028 9
14.701795 55.100414 1
15.105164 55.010635 2
15.107903 55.009987 3
15.104608 55.010452 4
15.104157 55.010136 6
15.107321 55.00968 5
15.106895 55.00939 7
15.105451 55.01028 9
14.701795 55.100414 1
15.105164 55.010635 2
15.107903 55.009987 3
15.104608 55.010452 4
15.104157 55.010136 6
15.107321 55.00968 5
15.106895 55.00939 7
15.105451 55.01028 9
14.701795 55.100414 1
15.105164 55.010635 2
15.107903 55.009987 3
15.104608 55.010452 4
15.104157 55.010136 6
15.107321 55.00968 5
15.106895 55.00939 7
15.105451 55.01028 9
14.701795 55.100414 1
