15.112415 55.0293 2
15.113053 55.029293 2A
15.111897 55.029327 4A
15.111582 55.029415 4B
15.111808 55.02912 4C
15.111391 55.029057 6
15.110454 55.028522 13
15.110122 55.028328 15
15.109726 55.0286 17
15.111895 55.02871 7
15.109089 55.02928 32
15.109851 55.02917 48
15.109913 55.029106 50
15.109013 55.029366 30
15.110014 55.028976 54
15.109959 55.02904 52
15.108967 55.02945 28
15.109794 55.02924 46
15.108885 55.02953 26
15.109519 55.028797 62
15.109379 55.02926 42
15.109226 55.02971 18
15.109592 55.029434 40
15.109855 55.029793 10
15.10891 55.02966 22
15.109691 55.029774 12
15.10994 55.02886 56
15.109532 55.029755 14
15.109535 55.029274 44
15.109428 55.029423 38
15.109795 55.02884 58
15.109667 55.028812 60
15.10917 55.029205 34
15.108756 55.029636 24
15.109062 55.029682 20
15.109377 55.028778 64
15.109249 55.029392 36
15.10938 55.02973 16
15.113311 55.028778 3B
15.113205 55.029022 3A
15.11138 55.028774 9B
15.111644 55.028587 9A
15.112639 55.028934 5B
15.112387 55.02868 7A
15.110886 55.02862 11
15.112755 55.02872 5A
15.112187 55.028873 7B
