15.079882 55.01788 6B
15.0836 55.020203 4
15.081196 55.01862 6
15.083903 55.019398 8
15.090505 55.019432 10
15.096128 55.019554 12
15.08101 55.02037 2
15.079882 55.01788 6B
15.0836 55.020203 4
15.081196 55.01862 6
15.083903 55.019398 8
15.090505 55.019432 10
15.096128 55.019554 12
15.08101 55.02037 2
15.079882 55.01788 6B
15.0836 55.020203 4
15.081196 55.01862 6
15.083903 55.019398 8
15.090505 55.019432 10
15.096128 55.019554 12
15.08101 55.02037 2
15.079882 55.01788 6B
15.0836 55.020203 4
15.081196 55.01862 6
15.083903 55.019398 8
15.090505 55.019432 10
15.096128 55.019554 12
15.08101 55.02037 2
15.079882 55.01788 6B
15.0836 55.020203 4
15.081196 55.01862 6
15.083903 55.019398 8
15.090505 55.019432 10
15.096128 55.019554 12
15.08101 55.02037 2
15.079882 55.01788 6B
15.0836 55.020203 4
15.081196 55.01862 6
15.083903 55.019398 8
15.090505 55.019432 10
15.096128 55.019554 12
15.08101 55.02037 2
