15.136796 55.065807 2
15.136886 55.06429 4
15.137307 55.067436 5
15.137336 55.063763 7
15.136466 55.067013 1A
14.695807 55.10347 1
15.136796 55.065807 2
15.136886 55.06429 4
15.137307 55.067436 5
15.137336 55.063763 7
15.136466 55.067013 1A
14.695807 55.10347 1
15.136796 55.065807 2
15.136886 55.06429 4
15.137307 55.067436 5
15.137336 55.063763 7
15.136466 55.067013 1A
14.695807 55.10347 1
15.136796 55.065807 2
15.136886 55.06429 4
15.137307 55.067436 5
15.137336 55.063763 7
15.136466 55.067013 1A
14.695807 55.10347 1
15.136796 55.065807 2
15.136886 55.06429 4
15.137307 55.067436 5
15.137336 55.063763 7
15.136466 55.067013 1A
14.695807 55.10347 1
15.136796 55.065807 2
15.136886 55.06429 4
15.137307 55.067436 5
15.137336 55.063763 7
15.136466 55.067013 1A
14.695807 55.10347 1
