15.085986 55.01862 2
15.087785 55.016563 3
15.086028 55.016644 4
15.087113 55.01564 5
15.085986 55.01862 2
15.087785 55.016563 3
15.086028 55.016644 4
15.087113 55.01564 5
15.085986 55.01862 2
15.087785 55.016563 3
15.086028 55.016644 4
15.087113 55.01564 5
15.085986 55.01862 2
15.087785 55.016563 3
15.086028 55.016644 4
15.087113 55.01564 5
15.085986 55.01862 2
15.087785 55.016563 3
15.086028 55.016644 4
15.087113 55.01564 5
15.085986 55.01862 2
15.087785 55.016563 3
15.086028 55.016644 4
15.087113 55.01564 5
