15.130834 55.06939 2
15.131024 55.068985 3
15.130528 55.069466 4
15.130733 55.069103 5
15.130438 55.069218 7
15.130172 55.06932 9
15.129941 55.069496 11
15.130834 55.06939 2
15.131024 55.068985 3
15.130528 55.069466 4
15.130733 55.069103 5
15.130438 55.069218 7
15.130172 55.06932 9
15.129941 55.069496 11
15.130834 55.06939 2
15.131024 55.068985 3
15.130528 55.069466 4
15.130733 55.069103 5
15.130438 55.069218 7
15.130172 55.06932 9
15.129941 55.069496 11
15.130834 55.06939 2
15.131024 55.068985 3
15.130528 55.069466 4
15.130733 55.069103 5
15.130438 55.069218 7
15.130172 55.06932 9
15.129941 55.069496 11
15.130834 55.06939 2
15.131024 55.068985 3
15.130528 55.069466 4
15.130733 55.069103 5
15.130438 55.069218 7
15.130172 55.06932 9
15.129941 55.069496 11
15.130834 55.06939 2
15.131024 55.068985 3
15.130528 55.069466 4
15.130733 55.069103 5
15.130438 55.069218 7
15.130172 55.06932 9
15.129941 55.069496 11
