15.130779 55.06624 4
15.12992 55.06665 10
15.129731 55.066532 11
15.129709 55.066742 12
15.130785 55.06624 2
14.708344 55.18268 1
15.130779 55.06624 4
15.12992 55.06665 10
15.129731 55.066532 11
15.129709 55.066742 12
15.130785 55.06624 2
14.708344 55.18268 1
15.130779 55.06624 4
15.12992 55.06665 10
15.129731 55.066532 11
15.129709 55.066742 12
15.130785 55.06624 2
14.708344 55.18268 1
15.130779 55.06624 4
15.12992 55.06665 10
15.129731 55.066532 11
15.129709 55.066742 12
15.130785 55.06624 2
14.708344 55.18268 1
15.130779 55.06624 4
15.12992 55.06665 10
15.129731 55.066532 11
15.129709 55.066742 12
15.130785 55.06624 2
14.708344 55.18268 1
15.130779 55.06624 4
15.12992 55.06665 10
15.129731 55.066532 11
15.129709 55.066742 12
15.130785 55.06624 2
14.708344 55.18268 1
