15.069108 55.040916 1
15.069878 55.0421 3
15.069145 55.042835 3A
15.065988 55.043163 4
15.061974 55.043304 4A
15.062634 55.042908 5
15.06158 55.04322 6
15.060968 55.04295 7
15.060288 55.042934 7A
15.061352 55.043186 8
15.060031 55.042957 9
15.060768 55.04319 10
15.059843 55.04296 11
15.059341 55.0433 12
15.05963 55.042976 13
15.058579 55.04334 14
15.059387 55.042988 15
15.057163 55.043472 16
15.055647 55.043465 18
15.045948 55.04376 19
15.053958 55.04355 20
15.038513 55.040592 21
15.052113 55.04371 22
15.050654 55.04372 24
15.044594 55.04443 26
15.048011 55.042995 17
14.721526 55.105392 1
15.069108 55.040916 1
15.069878 55.0421 3
15.069145 55.042835 3A
15.065988 55.043163 4
15.061974 55.043304 4A
15.062634 55.042908 5
15.06158 55.04322 6
15.060968 55.04295 7
15.060288 55.042934 7A
15.061352 55.043186 8
15.060031 55.042957 9
15.060768 55.04319 10
15.059843 55.04296 11
15.059341 55.0433 12
15.05963 55.042976 13
15.058579 55.04334 14
15.059387 55.042988 15
15.057163 55.043472 16
15.055647 55.043465 18
15.045948 55.04376 19
15.053958 55.04355 20
15.038513 55.040592 21
15.052113 55.04371 22
15.050654 55.04372 24
15.044594 55.04443 26
15.048011 55.042995 17
14.721526 55.105392 1
15.069108 55.040916 1
15.069878 55.0421 3
15.069145 55.042835 3A
15.065988 55.043163 4
15.061974 55.043304 4A
15.062634 55.042908 5
15.06158 55.04322 6
15.060968 55.04295 7
15.060288 55.042934 7A
15.061352 55.043186 8
15.060031 55.042957 9
15.060768 55.04319 10
15.059843 55.04296 11
15.059341 55.0433 12
15.05963 55.042976 13
15.058579 55.04334 14
15.059387 55.042988 15
15.057163 55.043472 16
15.055647 55.043465 18
15.045948 55.04376 19
15.053958 55.04355 20
15.038513 55.040592 21
15.052113 55.04371 22
15.050654 55.04372 24
15.044594 55.04443 26
15.048011 55.042995 17
14.721526 55.105392 1
15.069108 55.040916 1
15.069878 55.0421 3
15.069145 55.042835 3A
15.065988 55.043163 4
15.061974 55.043304 4A
15.062634 55.042908 5
15.06158 55.04322 6
15.060968 55.04295 7
15.060288 55.042934 7A
15.061352 55.043186 8
15.060031 55.042957 9
15.060768 55.04319 10
15.059843 55.04296 11
15.059341 55.0433 12
15.05963 55.042976 13
15.058579 55.04334 14
15.059387 55.042988 15
15.057163 55.043472 16
15.055647 55.043465 18
15.045948 55.04376 19
15.053958 55.04355 20
15.038513 55.040592 21
15.052113 55.04371 22
15.050654 55.04372 24
15.044594 55.04443 26
15.048011 55.042995 17
14.721526 55.105392 1
15.069108 55.040916 1
15.069878 55.0421 3
15.069145 55.042835 3A
15.065988 55.043163 4
15.061974 55.043304 4A
15.062634 55.042908 5
15.06158 55.04322 6
15.060968 55.04295 7
15.060288 55.042934 7A
15.061352 55.043186 8
15.060031 55.042957 9
15.060768 55.04319 10
15.059843 55.04296 11
15.059341 55.0433 12
15.05963 55.042976 13
15.058579 55.04334 14
15.059387 55.042988 15
15.057163 55.043472 16
15.055647 55.043465 18
15.045948 55.04376 19
15.053958 55.04355 20
15.038513 55.040592 21
15.052113 55.04371 22
15.050654 55.04372 24
15.044594 55.04443 26
15.048011 55.042995 17
14.721526 55.105392 1
15.069108 55.040916 1
15.069878 55.0421 3
15.069145 55.042835 3A
15.065988 55.043163 4
15.061974 55.043304 4A
15.062634 55.042908 5
15.06158 55.04322 6
15.060968 55.04295 7
15.060288 55.042934 7A
15.061352 55.043186 8
15.060031 55.042957 9
15.060768 55.04319 10
15.059843 55.04296 11
15.059341 55.0433 12
15.05963 55.042976 13
15.058579 55.04334 14
15.059387 55.042988 15
15.057163 55.043472 16
15.055647 55.043465 18
15.045948 55.04376 19
15.053958 55.04355 20
15.038513 55.040592 21
15.052113 55.04371 22
15.050654 55.04372 24
15.044594 55.04443 26
15.048011 55.042995 17
14.721526 55.105392 1
