15.114293 55.017525 2
15.11343 55.017235 3
15.113417 55.017544 4
15.112771 55.017246 5
15.112725 55.017548 6
15.112146 55.017185 7
15.111597 55.01708 9
15.110205 55.01733 18
15.110615 55.017097 6B
15.110894 55.017406 8
15.110288 55.017765 16
15.111419 55.017677 10
15.111009 55.01801 12
15.110215 55.018036 14
15.114293 55.017525 2
15.11343 55.017235 3
15.113417 55.017544 4
15.112771 55.017246 5
15.112725 55.017548 6
15.112146 55.017185 7
15.111597 55.01708 9
15.110205 55.01733 18
15.110615 55.017097 6B
15.110894 55.017406 8
15.110288 55.017765 16
15.111419 55.017677 10
15.111009 55.01801 12
15.110215 55.018036 14
15.114293 55.017525 2
15.11343 55.017235 3
15.113417 55.017544 4
15.112771 55.017246 5
15.112725 55.017548 6
15.112146 55.017185 7
15.111597 55.01708 9
15.110205 55.01733 18
15.110615 55.017097 6B
15.110894 55.017406 8
15.110288 55.017765 16
15.111419 55.017677 10
15.111009 55.01801 12
15.110215 55.018036 14
15.114293 55.017525 2
15.11343 55.017235 3
15.113417 55.017544 4
15.112771 55.017246 5
15.112725 55.017548 6
15.112146 55.017185 7
15.111597 55.01708 9
15.110205 55.01733 18
15.110615 55.017097 6B
15.110894 55.017406 8
15.110288 55.017765 16
15.111419 55.017677 10
15.111009 55.01801 12
15.110215 55.018036 14
15.114293 55.017525 2
15.11343 55.017235 3
15.113417 55.017544 4
15.112771 55.017246 5
15.112725 55.017548 6
15.112146 55.017185 7
15.111597 55.01708 9
15.110205 55.01733 18
15.110615 55.017097 6B
15.110894 55.017406 8
15.110288 55.017765 16
15.111419 55.017677 10
15.111009 55.01801 12
15.110215 55.018036 14
15.114293 55.017525 2
15.11343 55.017235 3
15.113417 55.017544 4
15.112771 55.017246 5
15.112725 55.017548 6
15.112146 55.017185 7
15.111597 55.01708 9
15.110205 55.01733 18
15.110615 55.017097 6B
15.110894 55.017406 8
15.110288 55.017765 16
15.111419 55.017677 10
15.111009 55.01801 12
15.110215 55.018036 14
