15.124327 55.058815 1
15.123677 55.058884 2
15.124256 55.058777 3
15.123423 55.05874 4
15.124134 55.05863 5
15.123172 55.058598 6
15.123928 55.058517 7
15.122935 55.05846 8
15.123689 55.058445 9
15.122695 55.058327 10
15.123523 55.058277 11
15.122453 55.05819 12
15.123249 55.058125 13
15.122261 55.05808 14
15.122942 55.057945 15
15.121923 55.057884 16
15.121665 55.05774 18
15.121444 55.057613 20
15.122514 55.057713 21
15.121217 55.057487 22
15.122315 55.0576 23
15.120963 55.057343 24
15.122968 55.056908 25A
15.122817 55.056694 25B
15.122545 55.057083 25C
15.122069 55.05746 25D
15.12061 55.057144 26
15.121798 55.05729 27
15.120504 55.056374 29
15.117518 55.05441 30
15.120234 55.055862 33
15.116482 55.055744 28
15.118868 55.053486 41
15.122739 55.05714 25E
14.717498 55.155216 2
15.124327 55.058815 1
15.123677 55.058884 2
15.124256 55.058777 3
15.123423 55.05874 4
15.124134 55.05863 5
15.123172 55.058598 6
15.123928 55.058517 7
15.122935 55.05846 8
15.123689 55.058445 9
15.122695 55.058327 10
15.123523 55.058277 11
15.122453 55.05819 12
15.123249 55.058125 13
15.122261 55.05808 14
15.122942 55.057945 15
15.121923 55.057884 16
15.121665 55.05774 18
15.121444 55.057613 20
15.122514 55.057713 21
15.121217 55.057487 22
15.122315 55.0576 23
15.120963 55.057343 24
15.122968 55.056908 25A
15.122817 55.056694 25B
15.122545 55.057083 25C
15.122069 55.05746 25D
15.12061 55.057144 26
15.121798 55.05729 27
15.120504 55.056374 29
15.117518 55.05441 30
15.120234 55.055862 33
15.116482 55.055744 28
15.118868 55.053486 41
15.122739 55.05714 25E
14.717498 55.155216 2
15.124327 55.058815 1
15.123677 55.058884 2
15.124256 55.058777 3
15.123423 55.05874 4
15.124134 55.05863 5
15.123172 55.058598 6
15.123928 55.058517 7
15.122935 55.05846 8
15.123689 55.058445 9
15.122695 55.058327 10
15.123523 55.058277 11
15.122453 55.05819 12
15.123249 55.058125 13
15.122261 55.05808 14
15.122942 55.057945 15
15.121923 55.057884 16
15.121665 55.05774 18
15.121444 55.057613 20
15.122514 55.057713 21
15.121217 55.057487 22
15.122315 55.0576 23
15.120963 55.057343 24
15.122968 55.056908 25A
15.122817 55.056694 25B
15.122545 55.057083 25C
15.122069 55.05746 25D
15.12061 55.057144 26
15.121798 55.05729 27
15.120504 55.056374 29
15.117518 55.05441 30
15.120234 55.055862 33
15.116482 55.055744 28
15.118868 55.053486 41
15.122739 55.05714 25E
14.717498 55.155216 2
15.124327 55.058815 1
15.123677 55.058884 2
15.124256 55.058777 3
15.123423 55.05874 4
15.124134 55.05863 5
15.123172 55.058598 6
15.123928 55.058517 7
15.122935 55.05846 8
15.123689 55.058445 9
15.122695 55.058327 10
15.123523 55.058277 11
15.122453 55.05819 12
15.123249 55.058125 13
15.122261 55.05808 14
15.122942 55.057945 15
15.121923 55.057884 16
15.121665 55.05774 18
15.121444 55.057613 20
15.122514 55.057713 21
15.121217 55.057487 22
15.122315 55.0576 23
15.120963 55.057343 24
15.122968 55.056908 25A
15.122817 55.056694 25B
15.122545 55.057083 25C
15.122069 55.05746 25D
15.12061 55.057144 26
15.121798 55.05729 27
15.120504 55.056374 29
15.117518 55.05441 30
15.120234 55.055862 33
15.116482 55.055744 28
15.118868 55.053486 41
15.122739 55.05714 25E
14.717498 55.155216 2
15.124327 55.058815 1
15.123677 55.058884 2
15.124256 55.058777 3
15.123423 55.05874 4
15.124134 55.05863 5
15.123172 55.058598 6
15.123928 55.058517 7
15.122935 55.05846 8
15.123689 55.058445 9
15.122695 55.058327 10
15.123523 55.058277 11
15.122453 55.05819 12
15.123249 55.058125 13
15.122261 55.05808 14
15.122942 55.057945 15
15.121923 55.057884 16
15.121665 55.05774 18
15.121444 55.057613 20
15.122514 55.057713 21
15.121217 55.057487 22
15.122315 55.0576 23
15.120963 55.057343 24
15.122968 55.056908 25A
15.122817 55.056694 25B
15.122545 55.057083 25C
15.122069 55.05746 25D
15.12061 55.057144 26
15.121798 55.05729 27
15.120504 55.056374 29
15.117518 55.05441 30
15.120234 55.055862 33
15.116482 55.055744 28
15.118868 55.053486 41
15.122739 55.05714 25E
14.717498 55.155216 2
15.124327 55.058815 1
15.123677 55.058884 2
15.124256 55.058777 3
15.123423 55.05874 4
15.124134 55.05863 5
15.123172 55.058598 6
15.123928 55.058517 7
15.122935 55.05846 8
15.123689 55.058445 9
15.122695 55.058327 10
15.123523 55.058277 11
15.122453 55.05819 12
15.123249 55.058125 13
15.122261 55.05808 14
15.122942 55.057945 15
15.121923 55.057884 16
15.121665 55.05774 18
15.121444 55.057613 20
15.122514 55.057713 21
15.121217 55.057487 22
15.122315 55.0576 23
15.120963 55.057343 24
15.122968 55.056908 25A
15.122817 55.056694 25B
15.122545 55.057083 25C
15.122069 55.05746 25D
15.12061 55.057144 26
15.121798 55.05729 27
15.120504 55.056374 29
15.117518 55.05441 30
15.120234 55.055862 33
15.116482 55.055744 28
15.118868 55.053486 41
15.122739 55.05714 25E
14.717498 55.155216 2
