15.135178 55.06504 2
15.134924 55.065426 3
15.135223 55.0654 4
15.134961 55.06553 5A
15.134943 55.06563 5B
15.134951 55.065742 5D
15.134975 55.065975 7
15.135382 55.06639 8
15.13499 55.06609 9
15.135517 55.066776 10
15.135003 55.06619 11
15.135014 55.066277 13
15.135034 55.066433 17
15.135042 55.066494 19
15.13505 55.066673 21
15.135119 55.066795 23
15.135125 55.066948 25
15.13524 55.06721 29
15.135279 55.06732 31
15.135348 55.067574 35
15.13538 55.06768 37
15.135402 55.068016 41
15.135526 55.06817 43
15.13559 55.068344 45
15.135627 55.068405 47
15.135743 55.068535 49
15.135826 55.06862 51
15.135879 55.068676 53
15.135208 55.067104 27
15.135957 55.068752 55
15.135399 55.067783 39
15.135317 55.067455 33
15.135261 55.065792 6
15.135024 55.066345 15
15.13496 55.06586 5E
15.134947 55.06569 5C
15.135178 55.06504 2
15.134924 55.065426 3
15.135223 55.0654 4
15.134961 55.06553 5A
15.134943 55.06563 5B
15.134951 55.065742 5D
15.134975 55.065975 7
15.135382 55.06639 8
15.13499 55.06609 9
15.135517 55.066776 10
15.135003 55.06619 11
15.135014 55.066277 13
15.135034 55.066433 17
15.135042 55.066494 19
15.13505 55.066673 21
15.135119 55.066795 23
15.135125 55.066948 25
15.13524 55.06721 29
15.135279 55.06732 31
15.135348 55.067574 35
15.13538 55.06768 37
15.135402 55.068016 41
15.135526 55.06817 43
15.13559 55.068344 45
15.135627 55.068405 47
15.135743 55.068535 49
15.135826 55.06862 51
15.135879 55.068676 53
15.135208 55.067104 27
15.135957 55.068752 55
15.135399 55.067783 39
15.135317 55.067455 33
15.135261 55.065792 6
15.135024 55.066345 15
15.13496 55.06586 5E
15.134947 55.06569 5C
15.135178 55.06504 2
15.134924 55.065426 3
15.135223 55.0654 4
15.134961 55.06553 5A
15.134943 55.06563 5B
15.134951 55.065742 5D
15.134975 55.065975 7
15.135382 55.06639 8
15.13499 55.06609 9
15.135517 55.066776 10
15.135003 55.06619 11
15.135014 55.066277 13
15.135034 55.066433 17
15.135042 55.066494 19
15.13505 55.066673 21
15.135119 55.066795 23
15.135125 55.066948 25
15.13524 55.06721 29
15.135279 55.06732 31
15.135348 55.067574 35
15.13538 55.06768 37
15.135402 55.068016 41
15.135526 55.06817 43
15.13559 55.068344 45
15.135627 55.068405 47
15.135743 55.068535 49
15.135826 55.06862 51
15.135879 55.068676 53
15.135208 55.067104 27
15.135957 55.068752 55
15.135399 55.067783 39
15.135317 55.067455 33
15.135261 55.065792 6
15.135024 55.066345 15
15.13496 55.06586 5E
15.134947 55.06569 5C
15.135178 55.06504 2
15.134924 55.065426 3
15.135223 55.0654 4
15.134961 55.06553 5A
15.134943 55.06563 5B
15.134951 55.065742 5D
15.134975 55.065975 7
15.135382 55.06639 8
15.13499 55.06609 9
15.135517 55.066776 10
15.135003 55.06619 11
15.135014 55.066277 13
15.135034 55.066433 17
15.135042 55.066494 19
15.13505 55.066673 21
15.135119 55.066795 23
15.135125 55.066948 25
15.13524 55.06721 29
15.135279 55.06732 31
15.135348 55.067574 35
15.13538 55.06768 37
15.135402 55.068016 41
15.135526 55.06817 43
15.13559 55.068344 45
15.135627 55.068405 47
15.135743 55.068535 49
15.135826 55.06862 51
15.135879 55.068676 53
15.135208 55.067104 27
15.135957 55.068752 55
15.135399 55.067783 39
15.135317 55.067455 33
15.135261 55.065792 6
15.135024 55.066345 15
15.13496 55.06586 5E
15.134947 55.06569 5C
15.135178 55.06504 2
15.134924 55.065426 3
15.135223 55.0654 4
15.134961 55.06553 5A
15.134943 55.06563 5B
15.134951 55.065742 5D
15.134975 55.065975 7
15.135382 55.06639 8
15.13499 55.06609 9
15.135517 55.066776 10
15.135003 55.06619 11
15.135014 55.066277 13
15.135034 55.066433 17
15.135042 55.066494 19
15.13505 55.066673 21
15.135119 55.066795 23
15.135125 55.066948 25
15.13524 55.06721 29
15.135279 55.06732 31
15.135348 55.067574 35
15.13538 55.06768 37
15.135402 55.068016 41
15.135526 55.06817 43
15.13559 55.068344 45
15.135627 55.068405 47
15.135743 55.068535 49
15.135826 55.06862 51
15.135879 55.068676 53
15.135208 55.067104 27
15.135957 55.068752 55
15.135399 55.067783 39
15.135317 55.067455 33
15.135261 55.065792 6
15.135024 55.066345 15
15.13496 55.06586 5E
15.134947 55.06569 5C
15.135178 55.06504 2
15.134924 55.065426 3
15.135223 55.0654 4
15.134961 55.06553 5A
15.134943 55.06563 5B
15.134951 55.065742 5D
15.134975 55.065975 7
15.135382 55.06639 8
15.13499 55.06609 9
15.135517 55.066776 10
15.135003 55.06619 11
15.135014 55.066277 13
15.135034 55.066433 17
15.135042 55.066494 19
15.13505 55.066673 21
15.135119 55.066795 23
15.135125 55.066948 25
15.13524 55.06721 29
15.135279 55.06732 31
15.135348 55.067574 35
15.13538 55.06768 37
15.135402 55.068016 41
15.135526 55.06817 43
15.13559 55.068344 45
15.135627 55.068405 47
15.135743 55.068535 49
15.135826 55.06862 51
15.135879 55.068676 53
15.135208 55.067104 27
15.135957 55.068752 55
15.135399 55.067783 39
15.135317 55.067455 33
15.135261 55.065792 6
15.135024 55.066345 15
15.13496 55.06586 5E
15.134947 55.06569 5C
