15.130542 55.060604 1
15.130532 55.06087 1A
15.130816 55.06077 2
15.130612 55.060986 3
15.130816 55.060844 4
15.130816 55.06089 6
15.130817 55.060993 8
15.130542 55.060604 1
15.130532 55.06087 1A
15.130816 55.06077 2
15.130612 55.060986 3
15.130816 55.060844 4
15.130816 55.06089 6
15.130817 55.060993 8
15.130542 55.060604 1
15.130532 55.06087 1A
15.130816 55.06077 2
15.130612 55.060986 3
15.130816 55.060844 4
15.130816 55.06089 6
15.130817 55.060993 8
15.130542 55.060604 1
15.130532 55.06087 1A
15.130816 55.06077 2
15.130612 55.060986 3
15.130816 55.060844 4
15.130816 55.06089 6
15.130817 55.060993 8
15.130542 55.060604 1
15.130532 55.06087 1A
15.130816 55.06077 2
15.130612 55.060986 3
15.130816 55.060844 4
15.130816 55.06089 6
15.130817 55.060993 8
15.130542 55.060604 1
15.130532 55.06087 1A
15.130816 55.06077 2
15.130612 55.060986 3
15.130816 55.060844 4
15.130816 55.06089 6
15.130817 55.060993 8
