15.150862 55.08763 2
15.147271 55.079933 3
15.150033 55.08789 4
15.147191 55.08237 5
15.147288 55.083454 7
15.146035 55.084736 9
15.14772 55.084446 11
15.148094 55.08498 13
15.147826 55.085842 15
15.14762 55.08642 17
15.148826 55.086475 19
15.148907 55.0872 21
15.14861 55.0873 21A
15.150862 55.08763 2
15.147271 55.079933 3
15.150033 55.08789 4
15.147191 55.08237 5
15.147288 55.083454 7
15.146035 55.084736 9
15.14772 55.084446 11
15.148094 55.08498 13
15.147826 55.085842 15
15.14762 55.08642 17
15.148826 55.086475 19
15.148907 55.0872 21
15.14861 55.0873 21A
15.150862 55.08763 2
15.147271 55.079933 3
15.150033 55.08789 4
15.147191 55.08237 5
15.147288 55.083454 7
15.146035 55.084736 9
15.14772 55.084446 11
15.148094 55.08498 13
15.147826 55.085842 15
15.14762 55.08642 17
15.148826 55.086475 19
15.148907 55.0872 21
15.14861 55.0873 21A
15.150862 55.08763 2
15.147271 55.079933 3
15.150033 55.08789 4
15.147191 55.08237 5
15.147288 55.083454 7
15.146035 55.084736 9
15.14772 55.084446 11
15.148094 55.08498 13
15.147826 55.085842 15
15.14762 55.08642 17
15.148826 55.086475 19
15.148907 55.0872 21
15.14861 55.0873 21A
15.150862 55.08763 2
15.147271 55.079933 3
15.150033 55.08789 4
15.147191 55.08237 5
15.147288 55.083454 7
15.146035 55.084736 9
15.14772 55.084446 11
15.148094 55.08498 13
15.147826 55.085842 15
15.14762 55.08642 17
15.148826 55.086475 19
15.148907 55.0872 21
15.14861 55.0873 21A
15.150862 55.08763 2
15.147271 55.079933 3
15.150033 55.08789 4
15.147191 55.08237 5
15.147288 55.083454 7
15.146035 55.084736 9
15.14772 55.084446 11
15.148094 55.08498 13
15.147826 55.085842 15
15.14762 55.08642 17
15.148826 55.086475 19
15.148907 55.0872 21
15.14861 55.0873 21A
