15.117837 55.027306 3
15.117783 55.027554 4
15.117503 55.027252 5
15.117362 55.02754 6
15.117006 55.027237 7
15.116961 55.02745 8
15.116363 55.027252 9
15.116214 55.027424 10
15.115895 55.027176 11
15.144396 55.137737 1
15.117837 55.027306 3
15.117783 55.027554 4
15.117503 55.027252 5
15.117362 55.02754 6
15.117006 55.027237 7
15.116961 55.02745 8
15.116363 55.027252 9
15.116214 55.027424 10
15.115895 55.027176 11
15.144396 55.137737 1
15.117837 55.027306 3
15.117783 55.027554 4
15.117503 55.027252 5
15.117362 55.02754 6
15.117006 55.027237 7
15.116961 55.02745 8
15.116363 55.027252 9
15.116214 55.027424 10
15.115895 55.027176 11
15.144396 55.137737 1
15.117837 55.027306 3
15.117783 55.027554 4
15.117503 55.027252 5
15.117362 55.02754 6
15.117006 55.027237 7
15.116961 55.02745 8
15.116363 55.027252 9
15.116214 55.027424 10
15.115895 55.027176 11
15.144396 55.137737 1
15.117837 55.027306 3
15.117783 55.027554 4
15.117503 55.027252 5
15.117362 55.02754 6
15.117006 55.027237 7
15.116961 55.02745 8
15.116363 55.027252 9
15.116214 55.027424 10
15.115895 55.027176 11
15.144396 55.137737 1
15.117837 55.027306 3
15.117783 55.027554 4
15.117503 55.027252 5
15.117362 55.02754 6
15.117006 55.027237 7
15.116961 55.02745 8
15.116363 55.027252 9
15.116214 55.027424 10
15.115895 55.027176 11
15.144396 55.137737 1
