15.121355 55.060658 4
15.121465 55.06033 5
15.121104 55.060474 6
15.121284 55.06016 7
15.120883 55.060276 8
15.121355 55.060658 4
15.121465 55.06033 5
15.121104 55.060474 6
15.121284 55.06016 7
15.120883 55.060276 8
15.121355 55.060658 4
15.121465 55.06033 5
15.121104 55.060474 6
15.121284 55.06016 7
15.120883 55.060276 8
15.121355 55.060658 4
15.121465 55.06033 5
15.121104 55.060474 6
15.121284 55.06016 7
15.120883 55.060276 8
15.121355 55.060658 4
15.121465 55.06033 5
15.121104 55.060474 6
15.121284 55.06016 7
15.120883 55.060276 8
15.121355 55.060658 4
15.121465 55.06033 5
15.121104 55.060474 6
15.121284 55.06016 7
15.120883 55.060276 8
