15.089899 54.99981 6
15.091104 55.00039 2
15.091709 55.001595 3
15.090444 55.000053 4
15.091435 55.000046 8
15.093021 55.00165 9
15.093352 55.0018 11
15.093742 55.001953 13
15.094114 55.002148 15
15.094495 55.00228 17A
15.093984 55.0026 17B
15.093765 55.00261 17C
15.091422 55.001347 19
15.091403 55.00091 21A
15.09194 55.001217 21B
15.092152 55.000095 25
15.092385 54.999825 27
15.092507 54.999584 29
15.091641 55.00252 1
15.092092 55.00161 5
15.092665 55.00164 7
15.09264 54.998833 31
14.705816 55.10957 1
