15.13471 55.06889 1B
15.134888 55.069283 1C
15.134423 55.068996 1D
15.134767 55.069035 1E
15.134806 55.068607 2
15.135126 55.068882 3
15.134925 55.06863 4
15.135255 55.06891 5
15.135057 55.068657 6
15.135482 55.068893 7
15.135142 55.068672 8
15.135624 55.06893 9
15.135378 55.06872 10
15.13573 55.068954 11
15.135446 55.068733 12
15.135897 55.06899 13
15.136056 55.069016 15
15.135591 55.06921 15A
15.136155 55.06904 17
15.136288 55.069088 19
15.134557 55.068684 1F
15.134358 55.068638 1G
15.13471 55.06889 1B
15.134888 55.069283 1C
15.134423 55.068996 1D
15.134767 55.069035 1E
15.134806 55.068607 2
15.135126 55.068882 3
15.134925 55.06863 4
15.135255 55.06891 5
15.135057 55.068657 6
15.135482 55.068893 7
15.135142 55.068672 8
15.135624 55.06893 9
15.135378 55.06872 10
15.13573 55.068954 11
15.135446 55.068733 12
15.135897 55.06899 13
15.136056 55.069016 15
15.135591 55.06921 15A
15.136155 55.06904 17
15.136288 55.069088 19
15.134557 55.068684 1F
15.134358 55.068638 1G
15.13471 55.06889 1B
15.134888 55.069283 1C
15.134423 55.068996 1D
15.134767 55.069035 1E
15.134806 55.068607 2
15.135126 55.068882 3
15.134925 55.06863 4
15.135255 55.06891 5
15.135057 55.068657 6
15.135482 55.068893 7
15.135142 55.068672 8
15.135624 55.06893 9
15.135378 55.06872 10
15.13573 55.068954 11
15.135446 55.068733 12
15.135897 55.06899 13
15.136056 55.069016 15
15.135591 55.06921 15A
15.136155 55.06904 17
15.136288 55.069088 19
15.134557 55.068684 1F
15.134358 55.068638 1G
15.13471 55.06889 1B
15.134888 55.069283 1C
15.134423 55.068996 1D
15.134767 55.069035 1E
15.134806 55.068607 2
15.135126 55.068882 3
15.134925 55.06863 4
15.135255 55.06891 5
15.135057 55.068657 6
15.135482 55.068893 7
15.135142 55.068672 8
15.135624 55.06893 9
15.135378 55.06872 10
15.13573 55.068954 11
15.135446 55.068733 12
15.135897 55.06899 13
15.136056 55.069016 15
15.135591 55.06921 15A
15.136155 55.06904 17
15.136288 55.069088 19
15.134557 55.068684 1F
15.134358 55.068638 1G
15.13471 55.06889 1B
15.134888 55.069283 1C
15.134423 55.068996 1D
15.134767 55.069035 1E
15.134806 55.068607 2
15.135126 55.068882 3
15.134925 55.06863 4
15.135255 55.06891 5
15.135057 55.068657 6
15.135482 55.068893 7
15.135142 55.068672 8
15.135624 55.06893 9
15.135378 55.06872 10
15.13573 55.068954 11
15.135446 55.068733 12
15.135897 55.06899 13
15.136056 55.069016 15
15.135591 55.06921 15A
15.136155 55.06904 17
15.136288 55.069088 19
15.134557 55.068684 1F
15.134358 55.068638 1G
15.13471 55.06889 1B
15.134888 55.069283 1C
15.134423 55.068996 1D
15.134767 55.069035 1E
15.134806 55.068607 2
15.135126 55.068882 3
15.134925 55.06863 4
15.135255 55.06891 5
15.135057 55.068657 6
15.135482 55.068893 7
15.135142 55.068672 8
15.135624 55.06893 9
15.135378 55.06872 10
15.13573 55.068954 11
15.135446 55.068733 12
15.135897 55.06899 13
15.136056 55.069016 15
15.135591 55.06921 15A
15.136155 55.06904 17
15.136288 55.069088 19
15.134557 55.068684 1F
15.134358 55.068638 1G
