15.078835 55.02171 1
15.07317 55.02133 3
15.069698 55.021297 5
15.083592 55.022415 6
15.062595 55.018665 7
15.076423 55.02263 8
15.064794 55.021854 9
15.075476 55.02194 10
15.044427 55.022915 11
15.040364 55.022785 13
15.070351 55.022457 14
15.070505 55.023006 14A
15.070199 55.023586 14B
15.035834 55.022305 15
15.071842 55.02225 16
15.031383 55.021572 17
15.071382 55.022278 18
15.025678 55.01913 19
15.070872 55.02231 20
15.02538 55.018616 21
15.067677 55.02493 22
15.049781 55.02596 24
15.047677 55.02552 26
15.03808 55.023014 28
15.032633 55.022503 30
15.092732 55.02378 4
15.073328 55.022106 12
14.718212 55.154404 1
15.078835 55.02171 1
15.07317 55.02133 3
15.069698 55.021297 5
15.083592 55.022415 6
15.062595 55.018665 7
15.076423 55.02263 8
15.064794 55.021854 9
15.075476 55.02194 10
15.044427 55.022915 11
15.040364 55.022785 13
15.070351 55.022457 14
15.070505 55.023006 14A
15.070199 55.023586 14B
15.035834 55.022305 15
15.071842 55.02225 16
15.031383 55.021572 17
15.071382 55.022278 18
15.025678 55.01913 19
15.070872 55.02231 20
15.02538 55.018616 21
15.067677 55.02493 22
15.049781 55.02596 24
15.047677 55.02552 26
15.03808 55.023014 28
15.032633 55.022503 30
15.092732 55.02378 4
15.073328 55.022106 12
14.718212 55.154404 1
15.078835 55.02171 1
15.07317 55.02133 3
15.069698 55.021297 5
15.083592 55.022415 6
15.062595 55.018665 7
15.076423 55.02263 8
15.064794 55.021854 9
15.075476 55.02194 10
15.044427 55.022915 11
15.040364 55.022785 13
15.070351 55.022457 14
15.070505 55.023006 14A
15.070199 55.023586 14B
15.035834 55.022305 15
15.071842 55.02225 16
15.031383 55.021572 17
15.071382 55.022278 18
15.025678 55.01913 19
15.070872 55.02231 20
15.02538 55.018616 21
15.067677 55.02493 22
15.049781 55.02596 24
15.047677 55.02552 26
15.03808 55.023014 28
15.032633 55.022503 30
15.092732 55.02378 4
15.073328 55.022106 12
14.718212 55.154404 1
15.078835 55.02171 1
15.07317 55.02133 3
15.069698 55.021297 5
15.083592 55.022415 6
15.062595 55.018665 7
15.076423 55.02263 8
15.064794 55.021854 9
15.075476 55.02194 10
15.044427 55.022915 11
15.040364 55.022785 13
15.070351 55.022457 14
15.070505 55.023006 14A
15.070199 55.023586 14B
15.035834 55.022305 15
15.071842 55.02225 16
15.031383 55.021572 17
15.071382 55.022278 18
15.025678 55.01913 19
15.070872 55.02231 20
15.02538 55.018616 21
15.067677 55.02493 22
15.049781 55.02596 24
15.047677 55.02552 26
15.03808 55.023014 28
15.032633 55.022503 30
15.092732 55.02378 4
15.073328 55.022106 12
14.718212 55.154404 1
15.078835 55.02171 1
15.07317 55.02133 3
15.069698 55.021297 5
15.083592 55.022415 6
15.062595 55.018665 7
15.076423 55.02263 8
15.064794 55.021854 9
15.075476 55.02194 10
15.044427 55.022915 11
15.040364 55.022785 13
15.070351 55.022457 14
15.070505 55.023006 14A
15.070199 55.023586 14B
15.035834 55.022305 15
15.071842 55.02225 16
15.031383 55.021572 17
15.071382 55.022278 18
15.025678 55.01913 19
15.070872 55.02231 20
15.02538 55.018616 21
15.067677 55.02493 22
15.049781 55.02596 24
15.047677 55.02552 26
15.03808 55.023014 28
15.032633 55.022503 30
15.092732 55.02378 4
15.073328 55.022106 12
14.718212 55.154404 1
15.078835 55.02171 1
15.07317 55.02133 3
15.069698 55.021297 5
15.083592 55.022415 6
15.062595 55.018665 7
15.076423 55.02263 8
15.064794 55.021854 9
15.075476 55.02194 10
15.044427 55.022915 11
15.040364 55.022785 13
15.070351 55.022457 14
15.070505 55.023006 14A
15.070199 55.023586 14B
15.035834 55.022305 15
15.071842 55.02225 16
15.031383 55.021572 17
15.071382 55.022278 18
15.025678 55.01913 19
15.070872 55.02231 20
15.02538 55.018616 21
15.067677 55.02493 22
15.049781 55.02596 24
15.047677 55.02552 26
15.03808 55.023014 28
15.032633 55.022503 30
15.092732 55.02378 4
15.073328 55.022106 12
14.718212 55.154404 1
