15.045408 54.997616 11
15.044088 54.999516 2
15.045241 54.999153 3
15.044339 54.999226 4
15.045389 54.998756 5
15.044286 54.99883 6
15.045412 54.9984 7
15.044206 54.998047 8
14.804729 55.110107 1
15.045408 54.997616 11
15.044088 54.999516 2
15.045241 54.999153 3
15.044339 54.999226 4
15.045389 54.998756 5
15.044286 54.99883 6
15.045412 54.9984 7
15.044206 54.998047 8
14.804729 55.110107 1
15.045408 54.997616 11
15.044088 54.999516 2
15.045241 54.999153 3
15.044339 54.999226 4
15.045389 54.998756 5
15.044286 54.99883 6
15.045412 54.9984 7
15.044206 54.998047 8
14.804729 55.110107 1
15.045408 54.997616 11
15.044088 54.999516 2
15.045241 54.999153 3
15.044339 54.999226 4
15.045389 54.998756 5
15.044286 54.99883 6
15.045412 54.9984 7
15.044206 54.998047 8
14.804729 55.110107 1
15.045408 54.997616 11
15.044088 54.999516 2
15.045241 54.999153 3
15.044339 54.999226 4
15.045389 54.998756 5
15.044286 54.99883 6
15.045412 54.9984 7
15.044206 54.998047 8
14.804729 55.110107 1
15.045408 54.997616 11
15.044088 54.999516 2
15.045241 54.999153 3
15.044339 54.999226 4
15.045389 54.998756 5
15.044286 54.99883 6
15.045412 54.9984 7
15.044206 54.998047 8
14.804729 55.110107 1
