15.029255 55.01999 1
15.027289 55.019413 2
15.03157 55.019505 3
15.02677 55.019104 4A
15.025276 55.01769 10
15.025286 55.017376 12
15.029786 55.019043 14
15.034967 55.018818 16
15.036314 55.01923 18
14.737019 55.080425 2
15.029255 55.01999 1
15.027289 55.019413 2
15.03157 55.019505 3
15.02677 55.019104 4A
15.025276 55.01769 10
15.025286 55.017376 12
15.029786 55.019043 14
15.034967 55.018818 16
15.036314 55.01923 18
14.737019 55.080425 2
15.029255 55.01999 1
15.027289 55.019413 2
15.03157 55.019505 3
15.02677 55.019104 4A
15.025276 55.01769 10
15.025286 55.017376 12
15.029786 55.019043 14
15.034967 55.018818 16
15.036314 55.01923 18
14.737019 55.080425 2
15.029255 55.01999 1
15.027289 55.019413 2
15.03157 55.019505 3
15.02677 55.019104 4A
15.025276 55.01769 10
15.025286 55.017376 12
15.029786 55.019043 14
15.034967 55.018818 16
15.036314 55.01923 18
14.737019 55.080425 2
15.029255 55.01999 1
15.027289 55.019413 2
15.03157 55.019505 3
15.02677 55.019104 4A
15.025276 55.01769 10
15.025286 55.017376 12
15.029786 55.019043 14
15.034967 55.018818 16
15.036314 55.01923 18
14.737019 55.080425 2
15.029255 55.01999 1
15.027289 55.019413 2
15.03157 55.019505 3
15.02677 55.019104 4A
15.025276 55.01769 10
15.025286 55.017376 12
15.029786 55.019043 14
15.034967 55.018818 16
15.036314 55.01923 18
14.737019 55.080425 2
