15.103965 55.063873 26
15.104387 55.065506 28
15.099596 55.062515 29
15.098914 55.063915 30
15.097217 55.063217 31
15.097963 55.063995 32
15.097129 55.062073 33
15.088901 55.06374 34
15.095887 55.063583 35
15.086958 55.065453 36
15.084253 55.06291 37
15.080189 55.06357 38
15.077176 55.061867 39
15.078649 55.062836 40
15.071629 55.061188 41
15.078263 55.06276 42
15.068578 55.061028 43
15.068766 55.060936 43A
15.077911 55.0627 44
15.072746 55.061905 44A
15.061893 55.057796 45
15.071549 55.06206 46
15.051164 55.06025 47
15.062404 55.061317 48
15.050667 55.058308 49
15.058349 55.061134 50
15.047494 55.058174 51
15.056271 55.061012 52
15.044302 55.057163 53
15.054451 55.06096 54
15.04338 55.060547 55
15.053772 55.060932 56
15.019585 55.064106 57
15.052054 55.06086 58
15.015829 55.061695 59
15.049371 55.060818 60
15.01353 55.06491 61
15.048712 55.060776 62
15.046426 55.061558 66
15.046028 55.061657 68
15.040371 55.062923 70
15.042165 55.062958 70A
15.039881 55.06561 70B
15.030314 55.06277 72
15.103965 55.063873 26
15.104387 55.065506 28
15.099596 55.062515 29
15.098914 55.063915 30
15.097217 55.063217 31
15.097963 55.063995 32
15.097129 55.062073 33
15.088901 55.06374 34
15.095887 55.063583 35
15.086958 55.065453 36
15.084253 55.06291 37
15.080189 55.06357 38
15.077176 55.061867 39
15.078649 55.062836 40
15.071629 55.061188 41
15.078263 55.06276 42
15.068578 55.061028 43
15.068766 55.060936 43A
15.077911 55.0627 44
15.072746 55.061905 44A
15.061893 55.057796 45
15.071549 55.06206 46
15.051164 55.06025 47
15.062404 55.061317 48
15.050667 55.058308 49
15.058349 55.061134 50
15.047494 55.058174 51
15.056271 55.061012 52
15.044302 55.057163 53
15.054451 55.06096 54
15.04338 55.060547 55
15.053772 55.060932 56
15.019585 55.064106 57
15.052054 55.06086 58
15.015829 55.061695 59
15.049371 55.060818 60
15.01353 55.06491 61
15.048712 55.060776 62
15.046426 55.061558 66
15.046028 55.061657 68
15.040371 55.062923 70
15.042165 55.062958 70A
15.039881 55.06561 70B
15.030314 55.06277 72
15.103965 55.063873 26
15.104387 55.065506 28
15.099596 55.062515 29
15.098914 55.063915 30
15.097217 55.063217 31
15.097963 55.063995 32
15.097129 55.062073 33
15.088901 55.06374 34
15.095887 55.063583 35
15.086958 55.065453 36
15.084253 55.06291 37
15.080189 55.06357 38
15.077176 55.061867 39
15.078649 55.062836 40
15.071629 55.061188 41
15.078263 55.06276 42
15.068578 55.061028 43
15.068766 55.060936 43A
15.077911 55.0627 44
15.072746 55.061905 44A
15.061893 55.057796 45
15.071549 55.06206 46
15.051164 55.06025 47
15.062404 55.061317 48
15.050667 55.058308 49
15.058349 55.061134 50
15.047494 55.058174 51
15.056271 55.061012 52
15.044302 55.057163 53
15.054451 55.06096 54
15.04338 55.060547 55
15.053772 55.060932 56
15.019585 55.064106 57
15.052054 55.06086 58
15.015829 55.061695 59
15.049371 55.060818 60
15.01353 55.06491 61
15.048712 55.060776 62
15.046426 55.061558 66
15.046028 55.061657 68
15.040371 55.062923 70
15.042165 55.062958 70A
15.039881 55.06561 70B
15.030314 55.06277 72
15.103965 55.063873 26
15.104387 55.065506 28
15.099596 55.062515 29
15.098914 55.063915 30
15.097217 55.063217 31
15.097963 55.063995 32
15.097129 55.062073 33
15.088901 55.06374 34
15.095887 55.063583 35
15.086958 55.065453 36
15.084253 55.06291 37
15.080189 55.06357 38
15.077176 55.061867 39
15.078649 55.062836 40
15.071629 55.061188 41
15.078263 55.06276 42
15.068578 55.061028 43
15.068766 55.060936 43A
15.077911 55.0627 44
15.072746 55.061905 44A
15.061893 55.057796 45
15.071549 55.06206 46
15.051164 55.06025 47
15.062404 55.061317 48
15.050667 55.058308 49
15.058349 55.061134 50
15.047494 55.058174 51
15.056271 55.061012 52
15.044302 55.057163 53
15.054451 55.06096 54
15.04338 55.060547 55
15.053772 55.060932 56
15.019585 55.064106 57
15.052054 55.06086 58
15.015829 55.061695 59
15.049371 55.060818 60
15.01353 55.06491 61
15.048712 55.060776 62
15.046426 55.061558 66
15.046028 55.061657 68
15.040371 55.062923 70
15.042165 55.062958 70A
15.039881 55.06561 70B
15.030314 55.06277 72
15.103965 55.063873 26
15.104387 55.065506 28
15.099596 55.062515 29
15.098914 55.063915 30
15.097217 55.063217 31
15.097963 55.063995 32
15.097129 55.062073 33
15.088901 55.06374 34
15.095887 55.063583 35
15.086958 55.065453 36
15.084253 55.06291 37
15.080189 55.06357 38
15.077176 55.061867 39
15.078649 55.062836 40
15.071629 55.061188 41
15.078263 55.06276 42
15.068578 55.061028 43
15.068766 55.060936 43A
15.077911 55.0627 44
15.072746 55.061905 44A
15.061893 55.057796 45
15.071549 55.06206 46
15.051164 55.06025 47
15.062404 55.061317 48
15.050667 55.058308 49
15.058349 55.061134 50
15.047494 55.058174 51
15.056271 55.061012 52
15.044302 55.057163 53
15.054451 55.06096 54
15.04338 55.060547 55
15.053772 55.060932 56
15.019585 55.064106 57
15.052054 55.06086 58
15.015829 55.061695 59
15.049371 55.060818 60
15.01353 55.06491 61
15.048712 55.060776 62
15.046426 55.061558 66
15.046028 55.061657 68
15.040371 55.062923 70
15.042165 55.062958 70A
15.039881 55.06561 70B
15.030314 55.06277 72
15.103965 55.063873 26
15.104387 55.065506 28
15.099596 55.062515 29
15.098914 55.063915 30
15.097217 55.063217 31
15.097963 55.063995 32
15.097129 55.062073 33
15.088901 55.06374 34
15.095887 55.063583 35
15.086958 55.065453 36
15.084253 55.06291 37
15.080189 55.06357 38
15.077176 55.061867 39
15.078649 55.062836 40
15.071629 55.061188 41
15.078263 55.06276 42
15.068578 55.061028 43
15.068766 55.060936 43A
15.077911 55.0627 44
15.072746 55.061905 44A
15.061893 55.057796 45
15.071549 55.06206 46
15.051164 55.06025 47
15.062404 55.061317 48
15.050667 55.058308 49
15.058349 55.061134 50
15.047494 55.058174 51
15.056271 55.061012 52
15.044302 55.057163 53
15.054451 55.06096 54
15.04338 55.060547 55
15.053772 55.060932 56
15.019585 55.064106 57
15.052054 55.06086 58
15.015829 55.061695 59
15.049371 55.060818 60
15.01353 55.06491 61
15.048712 55.060776 62
15.046426 55.061558 66
15.046028 55.061657 68
15.040371 55.062923 70
15.042165 55.062958 70A
15.039881 55.06561 70B
15.030314 55.06277 72
