15.114286 55.016876 2
15.113779 55.016533 3A
15.113538 55.016487 3B
15.113604 55.01689 4
15.11304 55.016525 5
15.113306 55.016766 6
15.112233 55.016624 7
15.112719 55.01689 8
15.112108 55.016846 10
14.910361 55.2098 1
15.114286 55.016876 2
15.113779 55.016533 3A
15.113538 55.016487 3B
15.113604 55.01689 4
15.11304 55.016525 5
15.113306 55.016766 6
15.112233 55.016624 7
15.112719 55.01689 8
15.112108 55.016846 10
14.910361 55.2098 1
15.114286 55.016876 2
15.113779 55.016533 3A
15.113538 55.016487 3B
15.113604 55.01689 4
15.11304 55.016525 5
15.113306 55.016766 6
15.112233 55.016624 7
15.112719 55.01689 8
15.112108 55.016846 10
14.910361 55.2098 1
15.114286 55.016876 2
15.113779 55.016533 3A
15.113538 55.016487 3B
15.113604 55.01689 4
15.11304 55.016525 5
15.113306 55.016766 6
15.112233 55.016624 7
15.112719 55.01689 8
15.112108 55.016846 10
14.910361 55.2098 1
15.114286 55.016876 2
15.113779 55.016533 3A
15.113538 55.016487 3B
15.113604 55.01689 4
15.11304 55.016525 5
15.113306 55.016766 6
15.112233 55.016624 7
15.112719 55.01689 8
15.112108 55.016846 10
14.910361 55.2098 1
15.114286 55.016876 2
15.113779 55.016533 3A
15.113538 55.016487 3B
15.113604 55.01689 4
15.11304 55.016525 5
15.113306 55.016766 6
15.112233 55.016624 7
15.112719 55.01689 8
15.112108 55.016846 10
14.910361 55.2098 1
