15.082089 54.99642 3
15.082278 54.99583 5
15.083345 54.995457 9
14.707768 55.182964 1A
15.082089 54.99642 3
15.082278 54.99583 5
15.083345 54.995457 9
14.707768 55.182964 1A
15.082089 54.99642 3
15.082278 54.99583 5
15.083345 54.995457 9
14.707768 55.182964 1A
15.082089 54.99642 3
15.082278 54.99583 5
15.083345 54.995457 9
14.707768 55.182964 1A
15.082089 54.99642 3
15.082278 54.99583 5
15.083345 54.995457 9
14.707768 55.182964 1A
15.082089 54.99642 3
15.082278 54.99583 5
15.083345 54.995457 9
14.707768 55.182964 1A
