15.032532 55.000248 2
15.032977 54.99953 3
15.03235 54.999805 4
14.921735 55.071735 1
15.032532 55.000248 2
15.032977 54.99953 3
15.03235 54.999805 4
14.921735 55.071735 1
15.032532 55.000248 2
15.032977 54.99953 3
15.03235 54.999805 4
14.921735 55.071735 1
15.032532 55.000248 2
15.032977 54.99953 3
15.03235 54.999805 4
14.921735 55.071735 1
15.032532 55.000248 2
15.032977 54.99953 3
15.03235 54.999805 4
14.921735 55.071735 1
15.032532 55.000248 2
15.032977 54.99953 3
15.03235 54.999805 4
14.921735 55.071735 1
