15.0913 55.062492 1
15.091652 55.060024 3
15.093123 55.058857 5
15.095328 55.055687 501
14.698267 55.10398 2
15.0913 55.062492 1
15.091652 55.060024 3
15.093123 55.058857 5
15.095328 55.055687 501
14.698267 55.10398 2
15.0913 55.062492 1
15.091652 55.060024 3
15.093123 55.058857 5
15.095328 55.055687 501
14.698267 55.10398 2
15.0913 55.062492 1
15.091652 55.060024 3
15.093123 55.058857 5
15.095328 55.055687 501
14.698267 55.10398 2
15.0913 55.062492 1
15.091652 55.060024 3
15.093123 55.058857 5
15.095328 55.055687 501
14.698267 55.10398 2
15.0913 55.062492 1
15.091652 55.060024 3
15.093123 55.058857 5
15.095328 55.055687 501
14.698267 55.10398 2
