15.056831 55.02236 2
15.057227 55.021156 3
15.056646 55.02199 4
15.057049 55.02044 5
15.056634 55.021496 6
15.05666 55.015118 7
15.062675 55.013298 9
15.056539 55.021057 10
15.061607 55.00962 11
15.052589 55.020203 12
15.053076 55.02019 12A
15.06236 55.007675 13
15.050329 55.0152 14
15.051622 55.012585 16
15.058416 55.00759 17
15.060923 55.006958 19
15.058797 55.002003 21
14.802175 55.277107 1B
15.056831 55.02236 2
15.057227 55.021156 3
15.056646 55.02199 4
15.057049 55.02044 5
15.056634 55.021496 6
15.05666 55.015118 7
15.062675 55.013298 9
15.056539 55.021057 10
15.061607 55.00962 11
15.052589 55.020203 12
15.053076 55.02019 12A
15.06236 55.007675 13
15.050329 55.0152 14
15.051622 55.012585 16
15.058416 55.00759 17
15.060923 55.006958 19
15.058797 55.002003 21
14.802175 55.277107 1B
15.056831 55.02236 2
15.057227 55.021156 3
15.056646 55.02199 4
15.057049 55.02044 5
15.056634 55.021496 6
15.05666 55.015118 7
15.062675 55.013298 9
15.056539 55.021057 10
15.061607 55.00962 11
15.052589 55.020203 12
15.053076 55.02019 12A
15.06236 55.007675 13
15.050329 55.0152 14
15.051622 55.012585 16
15.058416 55.00759 17
15.060923 55.006958 19
15.058797 55.002003 21
14.802175 55.277107 1B
15.056831 55.02236 2
15.057227 55.021156 3
15.056646 55.02199 4
15.057049 55.02044 5
15.056634 55.021496 6
15.05666 55.015118 7
15.062675 55.013298 9
15.056539 55.021057 10
15.061607 55.00962 11
15.052589 55.020203 12
15.053076 55.02019 12A
15.06236 55.007675 13
15.050329 55.0152 14
15.051622 55.012585 16
15.058416 55.00759 17
15.060923 55.006958 19
15.058797 55.002003 21
14.802175 55.277107 1B
15.056831 55.02236 2
15.057227 55.021156 3
15.056646 55.02199 4
15.057049 55.02044 5
15.056634 55.021496 6
15.05666 55.015118 7
15.062675 55.013298 9
15.056539 55.021057 10
15.061607 55.00962 11
15.052589 55.020203 12
15.053076 55.02019 12A
15.06236 55.007675 13
15.050329 55.0152 14
15.051622 55.012585 16
15.058416 55.00759 17
15.060923 55.006958 19
15.058797 55.002003 21
14.802175 55.277107 1B
15.056831 55.02236 2
15.057227 55.021156 3
15.056646 55.02199 4
15.057049 55.02044 5
15.056634 55.021496 6
15.05666 55.015118 7
15.062675 55.013298 9
15.056539 55.021057 10
15.061607 55.00962 11
15.052589 55.020203 12
15.053076 55.02019 12A
15.06236 55.007675 13
15.050329 55.0152 14
15.051622 55.012585 16
15.058416 55.00759 17
15.060923 55.006958 19
15.058797 55.002003 21
14.802175 55.277107 1B
