15.075238 54.996487 17A
15.075625 54.996773 17C
15.074098 54.995403 24
15.073214 55.000343 1
15.07246 55.000538 2
15.073411 54.999863 3
15.072658 54.9998 4
15.07339 54.99914 5
15.072596 54.99933 6
15.073865 54.99865 7
15.072718 54.9987 8
15.074096 54.998184 9
15.072935 54.99799 10
15.07421 54.997875 11
15.072944 54.997562 12
15.074365 54.99743 13
15.073127 54.99709 14
15.074542 54.99703 15
15.073314 54.996784 16
15.076097 54.996426 17B
15.073441 54.996452 18
15.074854 54.995663 19
15.073444 54.996098 20
15.075324 54.995365 21
15.07336 54.995544 22
15.075586 54.994904 23
15.075784 54.994457 25
15.074428 54.995102 26
15.073797 54.99484 28
15.073796 54.994453 30
15.074688 54.994343 32
15.073861 54.994038 34
15.074306 54.99356 36
15.074697 54.993717 38
15.075238 54.996487 17A
15.075625 54.996773 17C
15.074098 54.995403 24
15.073214 55.000343 1
15.07246 55.000538 2
15.073411 54.999863 3
15.072658 54.9998 4
15.07339 54.99914 5
15.072596 54.99933 6
15.073865 54.99865 7
15.072718 54.9987 8
15.074096 54.998184 9
15.072935 54.99799 10
15.07421 54.997875 11
15.072944 54.997562 12
15.074365 54.99743 13
15.073127 54.99709 14
15.074542 54.99703 15
15.073314 54.996784 16
15.076097 54.996426 17B
15.073441 54.996452 18
15.074854 54.995663 19
15.073444 54.996098 20
15.075324 54.995365 21
15.07336 54.995544 22
15.075586 54.994904 23
15.075784 54.994457 25
15.074428 54.995102 26
15.073797 54.99484 28
15.073796 54.994453 30
15.074688 54.994343 32
15.073861 54.994038 34
15.074306 54.99356 36
15.074697 54.993717 38
15.075238 54.996487 17A
15.075625 54.996773 17C
15.074098 54.995403 24
15.073214 55.000343 1
15.07246 55.000538 2
15.073411 54.999863 3
15.072658 54.9998 4
15.07339 54.99914 5
15.072596 54.99933 6
15.073865 54.99865 7
15.072718 54.9987 8
15.074096 54.998184 9
15.072935 54.99799 10
15.07421 54.997875 11
15.072944 54.997562 12
15.074365 54.99743 13
15.073127 54.99709 14
15.074542 54.99703 15
15.073314 54.996784 16
15.076097 54.996426 17B
15.073441 54.996452 18
15.074854 54.995663 19
15.073444 54.996098 20
15.075324 54.995365 21
15.07336 54.995544 22
15.075586 54.994904 23
15.075784 54.994457 25
15.074428 54.995102 26
15.073797 54.99484 28
15.073796 54.994453 30
15.074688 54.994343 32
15.073861 54.994038 34
15.074306 54.99356 36
15.074697 54.993717 38
15.075238 54.996487 17A
15.075625 54.996773 17C
15.074098 54.995403 24
15.073214 55.000343 1
15.07246 55.000538 2
15.073411 54.999863 3
15.072658 54.9998 4
15.07339 54.99914 5
15.072596 54.99933 6
15.073865 54.99865 7
15.072718 54.9987 8
15.074096 54.998184 9
15.072935 54.99799 10
15.07421 54.997875 11
15.072944 54.997562 12
15.074365 54.99743 13
15.073127 54.99709 14
15.074542 54.99703 15
15.073314 54.996784 16
15.076097 54.996426 17B
15.073441 54.996452 18
15.074854 54.995663 19
15.073444 54.996098 20
15.075324 54.995365 21
15.07336 54.995544 22
15.075586 54.994904 23
15.075784 54.994457 25
15.074428 54.995102 26
15.073797 54.99484 28
15.073796 54.994453 30
15.074688 54.994343 32
15.073861 54.994038 34
15.074306 54.99356 36
15.074697 54.993717 38
15.075238 54.996487 17A
15.075625 54.996773 17C
15.074098 54.995403 24
15.073214 55.000343 1
15.07246 55.000538 2
15.073411 54.999863 3
15.072658 54.9998 4
15.07339 54.99914 5
15.072596 54.99933 6
15.073865 54.99865 7
15.072718 54.9987 8
15.074096 54.998184 9
15.072935 54.99799 10
15.07421 54.997875 11
15.072944 54.997562 12
15.074365 54.99743 13
15.073127 54.99709 14
15.074542 54.99703 15
15.073314 54.996784 16
15.076097 54.996426 17B
15.073441 54.996452 18
15.074854 54.995663 19
15.073444 54.996098 20
15.075324 54.995365 21
15.07336 54.995544 22
15.075586 54.994904 23
15.075784 54.994457 25
15.074428 54.995102 26
15.073797 54.99484 28
15.073796 54.994453 30
15.074688 54.994343 32
15.073861 54.994038 34
15.074306 54.99356 36
15.074697 54.993717 38
15.075238 54.996487 17A
15.075625 54.996773 17C
15.074098 54.995403 24
15.073214 55.000343 1
15.07246 55.000538 2
15.073411 54.999863 3
15.072658 54.9998 4
15.07339 54.99914 5
15.072596 54.99933 6
15.073865 54.99865 7
15.072718 54.9987 8
15.074096 54.998184 9
15.072935 54.99799 10
15.07421 54.997875 11
15.072944 54.997562 12
15.074365 54.99743 13
15.073127 54.99709 14
15.074542 54.99703 15
15.073314 54.996784 16
15.076097 54.996426 17B
15.073441 54.996452 18
15.074854 54.995663 19
15.073444 54.996098 20
15.075324 54.995365 21
15.07336 54.995544 22
15.075586 54.994904 23
15.075784 54.994457 25
15.074428 54.995102 26
15.073797 54.99484 28
15.073796 54.994453 30
15.074688 54.994343 32
15.073861 54.994038 34
15.074306 54.99356 36
15.074697 54.993717 38
