15.116552 55.025208 3
15.116836 55.025085 4
15.116327 55.025414 5
15.11629 55.02567 5B
15.116556 55.02576 6
15.116294 55.02593 7
15.116454 55.026077 8
15.11592 55.026077 9
15.1164 55.02626 10
15.116154 55.02618 11
14.769176 55.21657 2
14.766135 55.068794 1
15.116552 55.025208 3
15.116836 55.025085 4
15.116327 55.025414 5
15.11629 55.02567 5B
15.116556 55.02576 6
15.116294 55.02593 7
15.116454 55.026077 8
15.11592 55.026077 9
15.1164 55.02626 10
15.116154 55.02618 11
14.769176 55.21657 2
14.766135 55.068794 1
15.116552 55.025208 3
15.116836 55.025085 4
15.116327 55.025414 5
15.11629 55.02567 5B
15.116556 55.02576 6
15.116294 55.02593 7
15.116454 55.026077 8
15.11592 55.026077 9
15.1164 55.02626 10
15.116154 55.02618 11
14.769176 55.21657 2
14.766135 55.068794 1
15.116552 55.025208 3
15.116836 55.025085 4
15.116327 55.025414 5
15.11629 55.02567 5B
15.116556 55.02576 6
15.116294 55.02593 7
15.116454 55.026077 8
15.11592 55.026077 9
15.1164 55.02626 10
15.116154 55.02618 11
14.769176 55.21657 2
14.766135 55.068794 1
15.116552 55.025208 3
15.116836 55.025085 4
15.116327 55.025414 5
15.11629 55.02567 5B
15.116556 55.02576 6
15.116294 55.02593 7
15.116454 55.026077 8
15.11592 55.026077 9
15.1164 55.02626 10
15.116154 55.02618 11
14.769176 55.21657 2
14.766135 55.068794 1
15.116552 55.025208 3
15.116836 55.025085 4
15.116327 55.025414 5
15.11629 55.02567 5B
15.116556 55.02576 6
15.116294 55.02593 7
15.116454 55.026077 8
15.11592 55.026077 9
15.1164 55.02626 10
15.116154 55.02618 11
14.769176 55.21657 2
14.766135 55.068794 1
