15.132196 55.06222 4B
15.131632 55.06227 6
15.131297 55.0622 7
15.130843 55.0625 8
15.130317 55.062508 9
15.130681 55.062534 10
15.130411 55.0626 12
15.13022 55.062645 14
14.704155 55.105923 1A
15.132196 55.06222 4B
15.131632 55.06227 6
15.131297 55.0622 7
15.130843 55.0625 8
15.130317 55.062508 9
15.130681 55.062534 10
15.130411 55.0626 12
15.13022 55.062645 14
14.704155 55.105923 1A
15.132196 55.06222 4B
15.131632 55.06227 6
15.131297 55.0622 7
15.130843 55.0625 8
15.130317 55.062508 9
15.130681 55.062534 10
15.130411 55.0626 12
15.13022 55.062645 14
14.704155 55.105923 1A
15.132196 55.06222 4B
15.131632 55.06227 6
15.131297 55.0622 7
15.130843 55.0625 8
15.130317 55.062508 9
15.130681 55.062534 10
15.130411 55.0626 12
15.13022 55.062645 14
14.704155 55.105923 1A
15.132196 55.06222 4B
15.131632 55.06227 6
15.131297 55.0622 7
15.130843 55.0625 8
15.130317 55.062508 9
15.130681 55.062534 10
15.130411 55.0626 12
15.13022 55.062645 14
14.704155 55.105923 1A
15.132196 55.06222 4B
15.131632 55.06227 6
15.131297 55.0622 7
15.130843 55.0625 8
15.130317 55.062508 9
15.130681 55.062534 10
15.130411 55.0626 12
15.13022 55.062645 14
14.704155 55.105923 1A
