15.144858 55.082134 2
15.137906 55.07963 3
15.140262 55.07921 3A
15.134203 55.080788 5
15.13336 55.080692 7
14.722405 55.091724 1
15.144858 55.082134 2
15.137906 55.07963 3
15.140262 55.07921 3A
15.134203 55.080788 5
15.13336 55.080692 7
14.722405 55.091724 1
15.144858 55.082134 2
15.137906 55.07963 3
15.140262 55.07921 3A
15.134203 55.080788 5
15.13336 55.080692 7
14.722405 55.091724 1
15.144858 55.082134 2
15.137906 55.07963 3
15.140262 55.07921 3A
15.134203 55.080788 5
15.13336 55.080692 7
14.722405 55.091724 1
15.144858 55.082134 2
15.137906 55.07963 3
15.140262 55.07921 3A
15.134203 55.080788 5
15.13336 55.080692 7
14.722405 55.091724 1
15.144858 55.082134 2
15.137906 55.07963 3
15.140262 55.07921 3A
15.134203 55.080788 5
15.13336 55.080692 7
14.722405 55.091724 1
