15.055231 54.99773 9
15.054785 54.99618 19
15.054864 54.998978 1
15.053677 54.99781 4
15.053749 54.99741 6
15.054482 54.997757 7
15.053509 54.99696 8
15.053373 54.99645 10
15.055192 54.99734 11
15.053255 54.995796 12
15.054412 54.997303 13
15.054464 54.996716 15
15.055318 54.996613 17
15.055231 54.99773 9
15.054785 54.99618 19
15.054864 54.998978 1
15.053677 54.99781 4
15.053749 54.99741 6
15.054482 54.997757 7
15.053509 54.99696 8
15.053373 54.99645 10
15.055192 54.99734 11
15.053255 54.995796 12
15.054412 54.997303 13
15.054464 54.996716 15
15.055318 54.996613 17
15.055231 54.99773 9
15.054785 54.99618 19
15.054864 54.998978 1
15.053677 54.99781 4
15.053749 54.99741 6
15.054482 54.997757 7
15.053509 54.99696 8
15.053373 54.99645 10
15.055192 54.99734 11
15.053255 54.995796 12
15.054412 54.997303 13
15.054464 54.996716 15
15.055318 54.996613 17
15.055231 54.99773 9
15.054785 54.99618 19
15.054864 54.998978 1
15.053677 54.99781 4
15.053749 54.99741 6
15.054482 54.997757 7
15.053509 54.99696 8
15.053373 54.99645 10
15.055192 54.99734 11
15.053255 54.995796 12
15.054412 54.997303 13
15.054464 54.996716 15
15.055318 54.996613 17
15.055231 54.99773 9
15.054785 54.99618 19
15.054864 54.998978 1
15.053677 54.99781 4
15.053749 54.99741 6
15.054482 54.997757 7
15.053509 54.99696 8
15.053373 54.99645 10
15.055192 54.99734 11
15.053255 54.995796 12
15.054412 54.997303 13
15.054464 54.996716 15
15.055318 54.996613 17
15.055231 54.99773 9
15.054785 54.99618 19
15.054864 54.998978 1
15.053677 54.99781 4
15.053749 54.99741 6
15.054482 54.997757 7
15.053509 54.99696 8
15.053373 54.99645 10
15.055192 54.99734 11
15.053255 54.995796 12
15.054412 54.997303 13
15.054464 54.996716 15
15.055318 54.996613 17
