15.128485 55.065453 2
15.128523 55.065254 3
15.128217 55.065453 4
15.128207 55.065296 5
15.127975 55.065468 6
15.127895 55.065315 7
14.720648 55.10261 1
15.128485 55.065453 2
15.128523 55.065254 3
15.128217 55.065453 4
15.128207 55.065296 5
15.127975 55.065468 6
15.127895 55.065315 7
14.720648 55.10261 1
15.128485 55.065453 2
15.128523 55.065254 3
15.128217 55.065453 4
15.128207 55.065296 5
15.127975 55.065468 6
15.127895 55.065315 7
14.720648 55.10261 1
15.128485 55.065453 2
15.128523 55.065254 3
15.128217 55.065453 4
15.128207 55.065296 5
15.127975 55.065468 6
15.127895 55.065315 7
14.720648 55.10261 1
15.128485 55.065453 2
15.128523 55.065254 3
15.128217 55.065453 4
15.128207 55.065296 5
15.127975 55.065468 6
15.127895 55.065315 7
14.720648 55.10261 1
15.128485 55.065453 2
15.128523 55.065254 3
15.128217 55.065453 4
15.128207 55.065296 5
15.127975 55.065468 6
15.127895 55.065315 7
14.720648 55.10261 1
