15.128526 55.0691 4
15.128408 55.06886 5
15.128126 55.069107 6
15.127931 55.06885 6A
15.128119 55.068714 7
15.127663 55.06871 8
15.127906 55.068527 9
15.128526 55.0691 4
15.128408 55.06886 5
15.128126 55.069107 6
15.127931 55.06885 6A
15.128119 55.068714 7
15.127663 55.06871 8
15.127906 55.068527 9
15.128526 55.0691 4
15.128408 55.06886 5
15.128126 55.069107 6
15.127931 55.06885 6A
15.128119 55.068714 7
15.127663 55.06871 8
15.127906 55.068527 9
15.128526 55.0691 4
15.128408 55.06886 5
15.128126 55.069107 6
15.127931 55.06885 6A
15.128119 55.068714 7
15.127663 55.06871 8
15.127906 55.068527 9
15.128526 55.0691 4
15.128408 55.06886 5
15.128126 55.069107 6
15.127931 55.06885 6A
15.128119 55.068714 7
15.127663 55.06871 8
15.127906 55.068527 9
15.128526 55.0691 4
15.128408 55.06886 5
15.128126 55.069107 6
15.127931 55.06885 6A
15.128119 55.068714 7
15.127663 55.06871 8
15.127906 55.068527 9
