15.127921 55.060886 1
15.128094 55.06119 2
15.127763 55.060776 3B
15.128017 55.060726 3C
15.127983 55.060688 3D
15.127943 55.06064 3E
15.127927 55.061203 4
15.127491 55.060722 5
15.127297 55.060604 5A
15.127546 55.060947 6
15.126936 55.060177 7
15.127475 55.0609 8
15.126905 55.060127 9
15.127416 55.060867 10
15.126735 55.06006 11
15.127367 55.060837 12
15.126523 55.0601 13
15.127316 55.060802 14
15.126448 55.06005 15
15.127266 55.060772 16
15.12636 55.059925 17
15.127215 55.06074 18
15.126247 55.05986 19
15.127164 55.06071 20
15.126126 55.05979 21
15.127113 55.060677 22
15.127062 55.060646 24
15.125706 55.059593 25
15.127011 55.060616 26
15.125528 55.05949 27
15.126961 55.06058 28
15.126901 55.060547 30
15.125318 55.059376 31
15.12683 55.0605 32
15.125233 55.059326 33
15.12536 55.060226 34
15.125029 55.05921 35
15.12562 55.05992 36
15.124955 55.05917 37
15.125369 55.05981 38
15.124722 55.059036 39
15.125237 55.059666 40
15.124653 55.059 41
15.124884 55.05995 42
15.124462 55.059772 44A
15.123956 55.059624 44B
15.12496 55.059513 46
15.124747 55.059395 48
15.124535 55.059277 50
15.124342 55.05917 52
15.125861 55.06016 32B
15.12545 55.05945 29
15.127658 55.060802 3A
