15.10906 55.03958 2
15.10839 55.039978 3
15.11326 55.041622 4
15.108694 55.039825 5
15.108985 55.03986 7
15.109175 55.039917 9
15.109384 55.03998 11
15.109384 55.03998 11A
15.109917 55.040073 13
15.110173 55.040146 15
15.110601 55.04012 17
15.110454 55.040485 19
15.110103 55.04092 21
15.111027 55.040455 23A
15.110905 55.040707 23B
15.111355 55.040577 25
15.111519 55.04096 27
15.11076 55.040905 27A
15.111061 55.041134 27B
15.112546 55.04163 29
15.112753 55.041737 31
15.112883 55.042084 33
15.11305 55.041897 35
15.113619 55.042187 41
15.116423 55.044903 43
15.111275 55.040203 10
15.11102 55.039894 20
15.111332 55.040237 12
15.111532 55.04032 14
15.111596 55.040348 16
15.111349 55.04006 18
15.111056 55.04012 6
15.111214 55.04018 8
15.113357 55.04207 39
15.113251 55.042004 37
14.833303 55.247795 1
15.10906 55.03958 2
15.10839 55.039978 3
15.11326 55.041622 4
15.108694 55.039825 5
15.108985 55.03986 7
15.109175 55.039917 9
15.109384 55.03998 11
15.109384 55.03998 11A
15.109917 55.040073 13
15.110173 55.040146 15
15.110601 55.04012 17
15.110454 55.040485 19
15.110103 55.04092 21
15.111027 55.040455 23A
15.110905 55.040707 23B
15.111355 55.040577 25
15.111519 55.04096 27
15.11076 55.040905 27A
15.111061 55.041134 27B
15.112546 55.04163 29
15.112753 55.041737 31
15.112883 55.042084 33
15.11305 55.041897 35
15.113619 55.042187 41
15.116423 55.044903 43
15.111275 55.040203 10
15.11102 55.039894 20
15.111332 55.040237 12
15.111532 55.04032 14
15.111596 55.040348 16
15.111349 55.04006 18
15.111056 55.04012 6
15.111214 55.04018 8
15.113357 55.04207 39
15.113251 55.042004 37
14.833303 55.247795 1
15.10906 55.03958 2
15.10839 55.039978 3
15.11326 55.041622 4
15.108694 55.039825 5
15.108985 55.03986 7
15.109175 55.039917 9
15.109384 55.03998 11
15.109384 55.03998 11A
15.109917 55.040073 13
15.110173 55.040146 15
15.110601 55.04012 17
15.110454 55.040485 19
15.110103 55.04092 21
15.111027 55.040455 23A
15.110905 55.040707 23B
15.111355 55.040577 25
15.111519 55.04096 27
15.11076 55.040905 27A
15.111061 55.041134 27B
15.112546 55.04163 29
15.112753 55.041737 31
15.112883 55.042084 33
15.11305 55.041897 35
15.113619 55.042187 41
15.116423 55.044903 43
15.111275 55.040203 10
15.11102 55.039894 20
15.111332 55.040237 12
15.111532 55.04032 14
15.111596 55.040348 16
15.111349 55.04006 18
15.111056 55.04012 6
15.111214 55.04018 8
15.113357 55.04207 39
15.113251 55.042004 37
14.833303 55.247795 1
15.10906 55.03958 2
15.10839 55.039978 3
15.11326 55.041622 4
15.108694 55.039825 5
15.108985 55.03986 7
15.109175 55.039917 9
15.109384 55.03998 11
15.109384 55.03998 11A
15.109917 55.040073 13
15.110173 55.040146 15
15.110601 55.04012 17
15.110454 55.040485 19
15.110103 55.04092 21
15.111027 55.040455 23A
15.110905 55.040707 23B
15.111355 55.040577 25
15.111519 55.04096 27
15.11076 55.040905 27A
15.111061 55.041134 27B
15.112546 55.04163 29
15.112753 55.041737 31
15.112883 55.042084 33
15.11305 55.041897 35
15.113619 55.042187 41
15.116423 55.044903 43
15.111275 55.040203 10
15.11102 55.039894 20
15.111332 55.040237 12
15.111532 55.04032 14
15.111596 55.040348 16
15.111349 55.04006 18
15.111056 55.04012 6
15.111214 55.04018 8
15.113357 55.04207 39
15.113251 55.042004 37
14.833303 55.247795 1
15.10906 55.03958 2
15.10839 55.039978 3
15.11326 55.041622 4
15.108694 55.039825 5
15.108985 55.03986 7
15.109175 55.039917 9
15.109384 55.03998 11
15.109384 55.03998 11A
15.109917 55.040073 13
15.110173 55.040146 15
15.110601 55.04012 17
15.110454 55.040485 19
15.110103 55.04092 21
15.111027 55.040455 23A
15.110905 55.040707 23B
15.111355 55.040577 25
15.111519 55.04096 27
15.11076 55.040905 27A
15.111061 55.041134 27B
15.112546 55.04163 29
15.112753 55.041737 31
15.112883 55.042084 33
15.11305 55.041897 35
15.113619 55.042187 41
15.116423 55.044903 43
15.111275 55.040203 10
15.11102 55.039894 20
15.111332 55.040237 12
15.111532 55.04032 14
15.111596 55.040348 16
15.111349 55.04006 18
15.111056 55.04012 6
15.111214 55.04018 8
15.113357 55.04207 39
15.113251 55.042004 37
14.833303 55.247795 1
15.10906 55.03958 2
15.10839 55.039978 3
15.11326 55.041622 4
15.108694 55.039825 5
15.108985 55.03986 7
15.109175 55.039917 9
15.109384 55.03998 11
15.109384 55.03998 11A
15.109917 55.040073 13
15.110173 55.040146 15
15.110601 55.04012 17
15.110454 55.040485 19
15.110103 55.04092 21
15.111027 55.040455 23A
15.110905 55.040707 23B
15.111355 55.040577 25
15.111519 55.04096 27
15.11076 55.040905 27A
15.111061 55.041134 27B
15.112546 55.04163 29
15.112753 55.041737 31
15.112883 55.042084 33
15.11305 55.041897 35
15.113619 55.042187 41
15.116423 55.044903 43
15.111275 55.040203 10
15.11102 55.039894 20
15.111332 55.040237 12
15.111532 55.04032 14
15.111596 55.040348 16
15.111349 55.04006 18
15.111056 55.04012 6
15.111214 55.04018 8
15.113357 55.04207 39
15.113251 55.042004 37
14.833303 55.247795 1
