15.022329 55.000977 1
15.02234 55.001614 2
15.022262 55.000504 3
15.021609 55.001553 4
15.021464 55.000923 5A
15.020953 55.001507 6
15.019607 55.000835 7
15.020185 55.001408 8
15.019742 55.00047 9
15.019268 55.00136 10
15.018569 55.001274 12
15.01875 55.00021 13
15.01798 55.001186 14
15.017895 55.000183 15
15.018733 55.000538 17
15.018057 55.00057 19
15.019706 55.000084 11
14.962192 55.010876 2
15.022329 55.000977 1
15.02234 55.001614 2
15.022262 55.000504 3
15.021609 55.001553 4
15.021464 55.000923 5A
15.020953 55.001507 6
15.019607 55.000835 7
15.020185 55.001408 8
15.019742 55.00047 9
15.019268 55.00136 10
15.018569 55.001274 12
15.01875 55.00021 13
15.01798 55.001186 14
15.017895 55.000183 15
15.018733 55.000538 17
15.018057 55.00057 19
15.019706 55.000084 11
14.962192 55.010876 2
15.022329 55.000977 1
15.02234 55.001614 2
15.022262 55.000504 3
15.021609 55.001553 4
15.021464 55.000923 5A
15.020953 55.001507 6
15.019607 55.000835 7
15.020185 55.001408 8
15.019742 55.00047 9
15.019268 55.00136 10
15.018569 55.001274 12
15.01875 55.00021 13
15.01798 55.001186 14
15.017895 55.000183 15
15.018733 55.000538 17
15.018057 55.00057 19
15.019706 55.000084 11
14.962192 55.010876 2
15.022329 55.000977 1
15.02234 55.001614 2
15.022262 55.000504 3
15.021609 55.001553 4
15.021464 55.000923 5A
15.020953 55.001507 6
15.019607 55.000835 7
15.020185 55.001408 8
15.019742 55.00047 9
15.019268 55.00136 10
15.018569 55.001274 12
15.01875 55.00021 13
15.01798 55.001186 14
15.017895 55.000183 15
15.018733 55.000538 17
15.018057 55.00057 19
15.019706 55.000084 11
14.962192 55.010876 2
15.022329 55.000977 1
15.02234 55.001614 2
15.022262 55.000504 3
15.021609 55.001553 4
15.021464 55.000923 5A
15.020953 55.001507 6
15.019607 55.000835 7
15.020185 55.001408 8
15.019742 55.00047 9
15.019268 55.00136 10
15.018569 55.001274 12
15.01875 55.00021 13
15.01798 55.001186 14
15.017895 55.000183 15
15.018733 55.000538 17
15.018057 55.00057 19
15.019706 55.000084 11
14.962192 55.010876 2
15.022329 55.000977 1
15.02234 55.001614 2
15.022262 55.000504 3
15.021609 55.001553 4
15.021464 55.000923 5A
15.020953 55.001507 6
15.019607 55.000835 7
15.020185 55.001408 8
15.019742 55.00047 9
15.019268 55.00136 10
15.018569 55.001274 12
15.01875 55.00021 13
15.01798 55.001186 14
15.017895 55.000183 15
15.018733 55.000538 17
15.018057 55.00057 19
15.019706 55.000084 11
14.962192 55.010876 2
