15.132346 55.066837 2
15.131983 55.06644 3
15.132338 55.0669 4
15.132056 55.06653 5
15.132325 55.06699 6
15.132096 55.06659 7
15.132318 55.067036 8
15.13212 55.066704 9
15.132308 55.06712 10
15.132113 55.066757 11
15.132302 55.067165 12
15.132007 55.066982 13
15.132281 55.067345 14
15.131939 55.06729 15
15.145044 55.13495 2
15.132346 55.066837 2
15.131983 55.06644 3
15.132338 55.0669 4
15.132056 55.06653 5
15.132325 55.06699 6
15.132096 55.06659 7
15.132318 55.067036 8
15.13212 55.066704 9
15.132308 55.06712 10
15.132113 55.066757 11
15.132302 55.067165 12
15.132007 55.066982 13
15.132281 55.067345 14
15.131939 55.06729 15
15.145044 55.13495 2
15.132346 55.066837 2
15.131983 55.06644 3
15.132338 55.0669 4
15.132056 55.06653 5
15.132325 55.06699 6
15.132096 55.06659 7
15.132318 55.067036 8
15.13212 55.066704 9
15.132308 55.06712 10
15.132113 55.066757 11
15.132302 55.067165 12
15.132007 55.066982 13
15.132281 55.067345 14
15.131939 55.06729 15
15.145044 55.13495 2
15.132346 55.066837 2
15.131983 55.06644 3
15.132338 55.0669 4
15.132056 55.06653 5
15.132325 55.06699 6
15.132096 55.06659 7
15.132318 55.067036 8
15.13212 55.066704 9
15.132308 55.06712 10
15.132113 55.066757 11
15.132302 55.067165 12
15.132007 55.066982 13
15.132281 55.067345 14
15.131939 55.06729 15
15.145044 55.13495 2
15.132346 55.066837 2
15.131983 55.06644 3
15.132338 55.0669 4
15.132056 55.06653 5
15.132325 55.06699 6
15.132096 55.06659 7
15.132318 55.067036 8
15.13212 55.066704 9
15.132308 55.06712 10
15.132113 55.066757 11
15.132302 55.067165 12
15.132007 55.066982 13
15.132281 55.067345 14
15.131939 55.06729 15
15.145044 55.13495 2
15.132346 55.066837 2
15.131983 55.06644 3
15.132338 55.0669 4
15.132056 55.06653 5
15.132325 55.06699 6
15.132096 55.06659 7
15.132318 55.067036 8
15.13212 55.066704 9
15.132308 55.06712 10
15.132113 55.066757 11
15.132302 55.067165 12
15.132007 55.066982 13
15.132281 55.067345 14
15.131939 55.06729 15
15.145044 55.13495 2
