15.12729 55.056637 1A
15.132915 55.05908 2
15.127045 55.056324 3
15.126585 55.05593 7
15.126381 55.055763 9
15.126151 55.055573 13
15.126094 55.055527 15
15.125973 55.05542 17
15.125785 55.055264 19
15.125593 55.05512 19A
15.125351 55.05491 19B
15.125129 55.054733 21
15.125037 55.05466 23
15.111483 55.04711 26
15.123901 55.053665 31
15.117299 55.047455 35
15.116259 55.048637 37
15.114916 55.04821 39
15.115487 55.047802 39A
15.115257 55.04758 41
15.114695 55.04798 43
15.113687 55.047207 45
15.110259 55.04582 47
15.109045 55.04495 49
15.103209 55.044415 52
15.107609 55.043247 53A
15.104512 55.042107 57
15.103091 55.0409 59
15.107056 55.03063 62
15.13406 55.060783 1
15.122513 55.050407 31B
15.124094 55.05382 29
15.124281 55.053978 27
15.111069 55.046856 28
15.110671 55.046658 30
15.126321 55.055717 11
15.126798 55.05611 5
15.103651 55.03462 60
15.099153 55.035084 58A
15.101469 55.03758 58
15.10254 55.042313 56
15.105099 55.04262 55
15.102311 55.04579 54
15.106589 55.043243 53B
15.107607 55.04408 51
15.104141 55.043343 48
15.105929 55.043915 44
15.106711 55.04433 42
15.111765 55.047573 22
15.107031 55.044903 40
15.104666 55.04754 38
15.106335 55.046696 36
15.107254 55.0472 34
15.118021 55.04729 33
15.109294 55.047344 32
15.111577 55.047157 24
15.112496 55.048138 20
15.112536 55.04876 18
15.11327 55.0493 16
15.11325 55.048607 14
15.102004 55.043797 50
15.104871 55.04451 46
15.113691 55.048157 12
15.127162 55.056477 1B
15.124686 55.054306 25
15.108628 55.027603 64
14.867428 55.176464 20
15.12729 55.056637 1A
15.132915 55.05908 2
15.127045 55.056324 3
15.126585 55.05593 7
15.126381 55.055763 9
15.126151 55.055573 13
15.126094 55.055527 15
15.125973 55.05542 17
15.125785 55.055264 19
15.125593 55.05512 19A
15.125351 55.05491 19B
15.125129 55.054733 21
15.125037 55.05466 23
15.111483 55.04711 26
15.123901 55.053665 31
15.117299 55.047455 35
15.116259 55.048637 37
15.114916 55.04821 39
15.115487 55.047802 39A
15.115257 55.04758 41
15.114695 55.04798 43
15.113687 55.047207 45
15.110259 55.04582 47
15.109045 55.04495 49
15.103209 55.044415 52
15.107609 55.043247 53A
15.104512 55.042107 57
15.103091 55.0409 59
15.107056 55.03063 62
15.13406 55.060783 1
15.122513 55.050407 31B
15.124094 55.05382 29
15.124281 55.053978 27
15.111069 55.046856 28
15.110671 55.046658 30
15.126321 55.055717 11
15.126798 55.05611 5
15.103651 55.03462 60
15.099153 55.035084 58A
15.101469 55.03758 58
15.10254 55.042313 56
15.105099 55.04262 55
15.102311 55.04579 54
15.106589 55.043243 53B
15.107607 55.04408 51
15.104141 55.043343 48
15.105929 55.043915 44
15.106711 55.04433 42
15.111765 55.047573 22
15.107031 55.044903 40
15.104666 55.04754 38
15.106335 55.046696 36
15.107254 55.0472 34
15.118021 55.04729 33
15.109294 55.047344 32
15.111577 55.047157 24
15.112496 55.048138 20
15.112536 55.04876 18
15.11327 55.0493 16
15.11325 55.048607 14
15.102004 55.043797 50
15.104871 55.04451 46
15.113691 55.048157 12
15.127162 55.056477 1B
15.124686 55.054306 25
15.108628 55.027603 64
14.867428 55.176464 20
15.12729 55.056637 1A
15.132915 55.05908 2
15.127045 55.056324 3
15.126585 55.05593 7
15.126381 55.055763 9
15.126151 55.055573 13
15.126094 55.055527 15
15.125973 55.05542 17
15.125785 55.055264 19
15.125593 55.05512 19A
15.125351 55.05491 19B
15.125129 55.054733 21
15.125037 55.05466 23
15.111483 55.04711 26
15.123901 55.053665 31
15.117299 55.047455 35
15.116259 55.048637 37
15.114916 55.04821 39
15.115487 55.047802 39A
15.115257 55.04758 41
15.114695 55.04798 43
15.113687 55.047207 45
15.110259 55.04582 47
15.109045 55.04495 49
15.103209 55.044415 52
15.107609 55.043247 53A
15.104512 55.042107 57
15.103091 55.0409 59
15.107056 55.03063 62
15.13406 55.060783 1
15.122513 55.050407 31B
15.124094 55.05382 29
15.124281 55.053978 27
15.111069 55.046856 28
15.110671 55.046658 30
15.126321 55.055717 11
15.126798 55.05611 5
15.103651 55.03462 60
15.099153 55.035084 58A
15.101469 55.03758 58
15.10254 55.042313 56
15.105099 55.04262 55
15.102311 55.04579 54
15.106589 55.043243 53B
15.107607 55.04408 51
15.104141 55.043343 48
15.105929 55.043915 44
15.106711 55.04433 42
15.111765 55.047573 22
15.107031 55.044903 40
15.104666 55.04754 38
15.106335 55.046696 36
15.107254 55.0472 34
15.118021 55.04729 33
15.109294 55.047344 32
15.111577 55.047157 24
15.112496 55.048138 20
15.112536 55.04876 18
15.11327 55.0493 16
15.11325 55.048607 14
15.102004 55.043797 50
15.104871 55.04451 46
15.113691 55.048157 12
15.127162 55.056477 1B
15.124686 55.054306 25
15.108628 55.027603 64
14.867428 55.176464 20
15.12729 55.056637 1A
15.132915 55.05908 2
15.127045 55.056324 3
15.126585 55.05593 7
15.126381 55.055763 9
15.126151 55.055573 13
15.126094 55.055527 15
15.125973 55.05542 17
15.125785 55.055264 19
15.125593 55.05512 19A
15.125351 55.05491 19B
15.125129 55.054733 21
15.125037 55.05466 23
15.111483 55.04711 26
15.123901 55.053665 31
15.117299 55.047455 35
15.116259 55.048637 37
15.114916 55.04821 39
15.115487 55.047802 39A
15.115257 55.04758 41
15.114695 55.04798 43
15.113687 55.047207 45
15.110259 55.04582 47
15.109045 55.04495 49
15.103209 55.044415 52
15.107609 55.043247 53A
15.104512 55.042107 57
15.103091 55.0409 59
15.107056 55.03063 62
15.13406 55.060783 1
15.122513 55.050407 31B
15.124094 55.05382 29
15.124281 55.053978 27
15.111069 55.046856 28
15.110671 55.046658 30
15.126321 55.055717 11
15.126798 55.05611 5
15.103651 55.03462 60
15.099153 55.035084 58A
15.101469 55.03758 58
15.10254 55.042313 56
15.105099 55.04262 55
15.102311 55.04579 54
15.106589 55.043243 53B
15.107607 55.04408 51
15.104141 55.043343 48
15.105929 55.043915 44
15.106711 55.04433 42
15.111765 55.047573 22
15.107031 55.044903 40
15.104666 55.04754 38
15.106335 55.046696 36
15.107254 55.0472 34
15.118021 55.04729 33
15.109294 55.047344 32
15.111577 55.047157 24
15.112496 55.048138 20
15.112536 55.04876 18
15.11327 55.0493 16
15.11325 55.048607 14
15.102004 55.043797 50
15.104871 55.04451 46
15.113691 55.048157 12
15.127162 55.056477 1B
15.124686 55.054306 25
15.108628 55.027603 64
14.867428 55.176464 20
15.12729 55.056637 1A
15.132915 55.05908 2
15.127045 55.056324 3
15.126585 55.05593 7
15.126381 55.055763 9
15.126151 55.055573 13
15.126094 55.055527 15
15.125973 55.05542 17
15.125785 55.055264 19
15.125593 55.05512 19A
15.125351 55.05491 19B
15.125129 55.054733 21
15.125037 55.05466 23
15.111483 55.04711 26
15.123901 55.053665 31
15.117299 55.047455 35
15.116259 55.048637 37
15.114916 55.04821 39
15.115487 55.047802 39A
15.115257 55.04758 41
15.114695 55.04798 43
15.113687 55.047207 45
15.110259 55.04582 47
15.109045 55.04495 49
15.103209 55.044415 52
15.107609 55.043247 53A
15.104512 55.042107 57
15.103091 55.0409 59
15.107056 55.03063 62
15.13406 55.060783 1
15.122513 55.050407 31B
15.124094 55.05382 29
15.124281 55.053978 27
15.111069 55.046856 28
15.110671 55.046658 30
15.126321 55.055717 11
15.126798 55.05611 5
15.103651 55.03462 60
15.099153 55.035084 58A
15.101469 55.03758 58
15.10254 55.042313 56
15.105099 55.04262 55
15.102311 55.04579 54
15.106589 55.043243 53B
15.107607 55.04408 51
15.104141 55.043343 48
15.105929 55.043915 44
15.106711 55.04433 42
15.111765 55.047573 22
15.107031 55.044903 40
15.104666 55.04754 38
15.106335 55.046696 36
15.107254 55.0472 34
15.118021 55.04729 33
15.109294 55.047344 32
15.111577 55.047157 24
15.112496 55.048138 20
15.112536 55.04876 18
15.11327 55.0493 16
15.11325 55.048607 14
15.102004 55.043797 50
15.104871 55.04451 46
15.113691 55.048157 12
15.127162 55.056477 1B
15.124686 55.054306 25
15.108628 55.027603 64
14.867428 55.176464 20
15.12729 55.056637 1A
15.132915 55.05908 2
15.127045 55.056324 3
15.126585 55.05593 7
15.126381 55.055763 9
15.126151 55.055573 13
15.126094 55.055527 15
15.125973 55.05542 17
15.125785 55.055264 19
15.125593 55.05512 19A
15.125351 55.05491 19B
15.125129 55.054733 21
15.125037 55.05466 23
15.111483 55.04711 26
15.123901 55.053665 31
15.117299 55.047455 35
15.116259 55.048637 37
15.114916 55.04821 39
15.115487 55.047802 39A
15.115257 55.04758 41
15.114695 55.04798 43
15.113687 55.047207 45
15.110259 55.04582 47
15.109045 55.04495 49
15.103209 55.044415 52
15.107609 55.043247 53A
15.104512 55.042107 57
15.103091 55.0409 59
15.107056 55.03063 62
15.13406 55.060783 1
15.122513 55.050407 31B
15.124094 55.05382 29
15.124281 55.053978 27
15.111069 55.046856 28
15.110671 55.046658 30
15.126321 55.055717 11
15.126798 55.05611 5
15.103651 55.03462 60
15.099153 55.035084 58A
15.101469 55.03758 58
15.10254 55.042313 56
15.105099 55.04262 55
15.102311 55.04579 54
15.106589 55.043243 53B
15.107607 55.04408 51
15.104141 55.043343 48
15.105929 55.043915 44
15.106711 55.04433 42
15.111765 55.047573 22
15.107031 55.044903 40
15.104666 55.04754 38
15.106335 55.046696 36
15.107254 55.0472 34
15.118021 55.04729 33
15.109294 55.047344 32
15.111577 55.047157 24
15.112496 55.048138 20
15.112536 55.04876 18
15.11327 55.0493 16
15.11325 55.048607 14
15.102004 55.043797 50
15.104871 55.04451 46
15.113691 55.048157 12
15.127162 55.056477 1B
15.124686 55.054306 25
15.108628 55.027603 64
14.867428 55.176464 20
