15.134721 55.062164 1A
15.134124 55.062347 2
15.133947 55.062103 2A
15.133954 55.06221 2B
15.134098 55.06245 2D
15.134253 55.06225 2F
15.134276 55.06212 2G
15.134451 55.06172 4
15.134839 55.060863 8
15.134867 55.060654 10
15.134816 55.060444 12
15.134645 55.059753 16
15.134573 55.059772 18
15.134504 55.05979 20
15.135457 55.062565 23
15.134356 55.059834 24
15.135379 55.062366 25
15.134282 55.05985 26
15.135116 55.06191 27
15.13421 55.059864 28
15.134135 55.059887 30
15.134921 55.061726 31A
15.134501 55.05959 32
15.134427 55.05961 34
15.134331 55.05963 36
15.134248 55.05965 38
15.134557 55.058372 39
15.134154 55.059677 40
15.134068 55.059696 42
15.132702 55.057888 43
15.133988 55.05972 44
15.13425 55.059566 50
15.134147 55.059593 52
15.134047 55.05962 54
15.130005 55.0568 55
15.133948 55.059643 56
15.13433 55.059345 58
15.13426 55.059364 60
15.134184 55.059383 62
15.134108 55.059402 64
15.13403 55.059425 66
15.133875 55.059464 70
15.134198 55.059296 76
15.134046 55.059334 80
15.133812 55.059395 86
15.133747 55.059414 88
15.134041 55.059002 90
15.133101 55.058365 98
15.133049 55.058403 100
15.132997 55.058437 102
15.132945 55.05847 104
15.13283 55.058548 108
15.132774 55.058586 110
15.132993 55.058315 114
15.13289 55.058388 118
15.132838 55.05842 120
15.132784 55.05846 122
15.132667 55.058537 126
15.132617 55.05857 128
15.132642 55.058224 132
15.132458 55.05839 140
15.132413 55.05843 142
15.132564 55.058155 146
15.132494 55.058216 148
15.132418 55.05828 150
15.132343 55.05835 152
15.13198 55.058018 156
15.131567 55.057896 158
15.130857 55.057705 166
15.130806 55.057762 168
15.130704 55.05788 172
15.130655 55.057934 174
15.130773 55.057625 180
15.130702 55.05771 182
15.130629 55.057793 184
15.130236 55.057728 188
15.130161 55.057346 190
15.129896 55.057632 192
15.129856 55.057674 194
15.129776 55.057762 198
15.129738 55.057808 200
15.129682 55.0577 204
15.129759 55.057613 208
15.129328 55.0574 212
15.129576 55.05731 216
15.129275 55.05707 220
15.128981 55.057194 222
15.135284 55.062523 23B
15.135189 55.061634 31C
15.135152 55.061745 31B
15.129426 55.05719 218
15.129724 55.05765 206
15.132506 55.05835 138
15.132554 55.058308 136
15.133968 55.059357 82
15.134272 55.059273 74
15.133808 55.059483 72
15.133952 55.059444 68
15.129162 55.0573 214
15.129507 55.057507 210
15.129818 55.057716 196
15.130552 55.05788 186
15.132376 55.058464 144
15.134813 55.06103 6
15.134742 55.06173 3
15.134183 55.06252 2E
15.13294 55.05835 116
15.132724 55.05862 112
15.134357 55.05954 48
15.129641 55.05775 202
15.130755 55.05782 170
15.130909 55.057648 164
15.132599 55.058266 134
15.132691 55.058186 130
15.132726 55.0585 124
15.133756 55.058758 92
15.133892 55.059376 84
15.13289 55.05851 106
15.133398 55.058533 94
15.134119 55.059315 78
15.134448 55.059517 46
15.133935 55.06233 2C
15.135282 55.05972 33
15.135108 55.0617 31
15.134952 55.060196 14
15.134431 55.059814 22
14.760375 55.071495 1
