15.133513 55.060825 4
15.131868 55.05868 16
15.130151 55.058296 30
15.12971 55.05818 34
15.129507 55.058086 36
15.128858 55.057865 40
15.128608 55.057777 42
15.131336 55.058422 5
15.123546 55.0531 1V
15.129858 55.058243 32
15.13048 55.05837 28
15.130645 55.05841 26
15.131283 55.058556 24
14.700747 55.100212 2
15.133513 55.060825 4
15.131868 55.05868 16
15.130151 55.058296 30
15.12971 55.05818 34
15.129507 55.058086 36
15.128858 55.057865 40
15.128608 55.057777 42
15.131336 55.058422 5
15.123546 55.0531 1V
15.129858 55.058243 32
15.13048 55.05837 28
15.130645 55.05841 26
15.131283 55.058556 24
14.700747 55.100212 2
15.133513 55.060825 4
15.131868 55.05868 16
15.130151 55.058296 30
15.12971 55.05818 34
15.129507 55.058086 36
15.128858 55.057865 40
15.128608 55.057777 42
15.131336 55.058422 5
15.123546 55.0531 1V
15.129858 55.058243 32
15.13048 55.05837 28
15.130645 55.05841 26
15.131283 55.058556 24
14.700747 55.100212 2
15.133513 55.060825 4
15.131868 55.05868 16
15.130151 55.058296 30
15.12971 55.05818 34
15.129507 55.058086 36
15.128858 55.057865 40
15.128608 55.057777 42
15.131336 55.058422 5
15.123546 55.0531 1V
15.129858 55.058243 32
15.13048 55.05837 28
15.130645 55.05841 26
15.131283 55.058556 24
14.700747 55.100212 2
15.133513 55.060825 4
15.131868 55.05868 16
15.130151 55.058296 30
15.12971 55.05818 34
15.129507 55.058086 36
15.128858 55.057865 40
15.128608 55.057777 42
15.131336 55.058422 5
15.123546 55.0531 1V
15.129858 55.058243 32
15.13048 55.05837 28
15.130645 55.05841 26
15.131283 55.058556 24
14.700747 55.100212 2
15.133513 55.060825 4
15.131868 55.05868 16
15.130151 55.058296 30
15.12971 55.05818 34
15.129507 55.058086 36
15.128858 55.057865 40
15.128608 55.057777 42
15.131336 55.058422 5
15.123546 55.0531 1V
15.129858 55.058243 32
15.13048 55.05837 28
15.130645 55.05841 26
15.131283 55.058556 24
14.700747 55.100212 2
