15.114787 55.012848 1
15.113433 55.012966 2
15.114293 55.012836 3
15.112944 55.013275 4
15.113886 55.01285 5A
15.113958 55.012577 5B
15.112269 55.013294 6
15.113483 55.012573 7A
15.113081 55.01275 7B
15.113213 55.013645 8A
15.113043 55.013935 8B
15.112439 55.01263 9
15.111629 55.013145 10
15.113225 55.012276 11
15.111196 55.012913 12
15.11279 55.01202 13
15.112585 55.011723 15
15.108572 55.012806 16
15.112353 55.012028 17
15.111717 55.012493 19
15.110542 55.01248 21
15.111586 55.01209 23
15.111763 55.011654 25
15.110875 55.012066 27
15.11139 55.011223 29
15.108653 55.011448 31
15.102177 55.01034 18
15.11013 55.012356 27A
15.113518 55.01322 2B
15.113925 55.01319 2A
14.732034 55.179638 1
15.114787 55.012848 1
15.113433 55.012966 2
15.114293 55.012836 3
15.112944 55.013275 4
15.113886 55.01285 5A
15.113958 55.012577 5B
15.112269 55.013294 6
15.113483 55.012573 7A
15.113081 55.01275 7B
15.113213 55.013645 8A
15.113043 55.013935 8B
15.112439 55.01263 9
15.111629 55.013145 10
15.113225 55.012276 11
15.111196 55.012913 12
15.11279 55.01202 13
15.112585 55.011723 15
15.108572 55.012806 16
15.112353 55.012028 17
15.111717 55.012493 19
15.110542 55.01248 21
15.111586 55.01209 23
15.111763 55.011654 25
15.110875 55.012066 27
15.11139 55.011223 29
15.108653 55.011448 31
15.102177 55.01034 18
15.11013 55.012356 27A
15.113518 55.01322 2B
15.113925 55.01319 2A
14.732034 55.179638 1
15.114787 55.012848 1
15.113433 55.012966 2
15.114293 55.012836 3
15.112944 55.013275 4
15.113886 55.01285 5A
15.113958 55.012577 5B
15.112269 55.013294 6
15.113483 55.012573 7A
15.113081 55.01275 7B
15.113213 55.013645 8A
15.113043 55.013935 8B
15.112439 55.01263 9
15.111629 55.013145 10
15.113225 55.012276 11
15.111196 55.012913 12
15.11279 55.01202 13
15.112585 55.011723 15
15.108572 55.012806 16
15.112353 55.012028 17
15.111717 55.012493 19
15.110542 55.01248 21
15.111586 55.01209 23
15.111763 55.011654 25
15.110875 55.012066 27
15.11139 55.011223 29
15.108653 55.011448 31
15.102177 55.01034 18
15.11013 55.012356 27A
15.113518 55.01322 2B
15.113925 55.01319 2A
14.732034 55.179638 1
15.114787 55.012848 1
15.113433 55.012966 2
15.114293 55.012836 3
15.112944 55.013275 4
15.113886 55.01285 5A
15.113958 55.012577 5B
15.112269 55.013294 6
15.113483 55.012573 7A
15.113081 55.01275 7B
15.113213 55.013645 8A
15.113043 55.013935 8B
15.112439 55.01263 9
15.111629 55.013145 10
15.113225 55.012276 11
15.111196 55.012913 12
15.11279 55.01202 13
15.112585 55.011723 15
15.108572 55.012806 16
15.112353 55.012028 17
15.111717 55.012493 19
15.110542 55.01248 21
15.111586 55.01209 23
15.111763 55.011654 25
15.110875 55.012066 27
15.11139 55.011223 29
15.108653 55.011448 31
15.102177 55.01034 18
15.11013 55.012356 27A
15.113518 55.01322 2B
15.113925 55.01319 2A
14.732034 55.179638 1
15.114787 55.012848 1
15.113433 55.012966 2
15.114293 55.012836 3
15.112944 55.013275 4
15.113886 55.01285 5A
15.113958 55.012577 5B
15.112269 55.013294 6
15.113483 55.012573 7A
15.113081 55.01275 7B
15.113213 55.013645 8A
15.113043 55.013935 8B
15.112439 55.01263 9
15.111629 55.013145 10
15.113225 55.012276 11
15.111196 55.012913 12
15.11279 55.01202 13
15.112585 55.011723 15
15.108572 55.012806 16
15.112353 55.012028 17
15.111717 55.012493 19
15.110542 55.01248 21
15.111586 55.01209 23
15.111763 55.011654 25
15.110875 55.012066 27
15.11139 55.011223 29
15.108653 55.011448 31
15.102177 55.01034 18
15.11013 55.012356 27A
15.113518 55.01322 2B
15.113925 55.01319 2A
14.732034 55.179638 1
15.114787 55.012848 1
15.113433 55.012966 2
15.114293 55.012836 3
15.112944 55.013275 4
15.113886 55.01285 5A
15.113958 55.012577 5B
15.112269 55.013294 6
15.113483 55.012573 7A
15.113081 55.01275 7B
15.113213 55.013645 8A
15.113043 55.013935 8B
15.112439 55.01263 9
15.111629 55.013145 10
15.113225 55.012276 11
15.111196 55.012913 12
15.11279 55.01202 13
15.112585 55.011723 15
15.108572 55.012806 16
15.112353 55.012028 17
15.111717 55.012493 19
15.110542 55.01248 21
15.111586 55.01209 23
15.111763 55.011654 25
15.110875 55.012066 27
15.11139 55.011223 29
15.108653 55.011448 31
15.102177 55.01034 18
15.11013 55.012356 27A
15.113518 55.01322 2B
15.113925 55.01319 2A
14.732034 55.179638 1
