15.051491 54.99735 1
15.050388 54.996723 2
15.052271 54.99757 3
15.051193 54.99671 4
15.051877 54.99647 6
15.052483 54.996574 8
15.052632 54.99693 10
15.05277 54.997307 12
14.800861 55.27691 1
15.051491 54.99735 1
15.050388 54.996723 2
15.052271 54.99757 3
15.051193 54.99671 4
15.051877 54.99647 6
15.052483 54.996574 8
15.052632 54.99693 10
15.05277 54.997307 12
14.800861 55.27691 1
15.051491 54.99735 1
15.050388 54.996723 2
15.052271 54.99757 3
15.051193 54.99671 4
15.051877 54.99647 6
15.052483 54.996574 8
15.052632 54.99693 10
15.05277 54.997307 12
14.800861 55.27691 1
15.051491 54.99735 1
15.050388 54.996723 2
15.052271 54.99757 3
15.051193 54.99671 4
15.051877 54.99647 6
15.052483 54.996574 8
15.052632 54.99693 10
15.05277 54.997307 12
14.800861 55.27691 1
15.051491 54.99735 1
15.050388 54.996723 2
15.052271 54.99757 3
15.051193 54.99671 4
15.051877 54.99647 6
15.052483 54.996574 8
15.052632 54.99693 10
15.05277 54.997307 12
14.800861 55.27691 1
15.051491 54.99735 1
15.050388 54.996723 2
15.052271 54.99757 3
15.051193 54.99671 4
15.051877 54.99647 6
15.052483 54.996574 8
15.052632 54.99693 10
15.05277 54.997307 12
14.800861 55.27691 1
