15.133324 55.062527 2
15.132967 55.062733 3
15.133453 55.06252 4
15.133397 55.06277 5
15.132888 55.062756 1
15.133324 55.062527 2
15.132967 55.062733 3
15.133453 55.06252 4
15.133397 55.06277 5
15.132888 55.062756 1
15.133324 55.062527 2
15.132967 55.062733 3
15.133453 55.06252 4
15.133397 55.06277 5
15.132888 55.062756 1
15.133324 55.062527 2
15.132967 55.062733 3
15.133453 55.06252 4
15.133397 55.06277 5
15.132888 55.062756 1
15.133324 55.062527 2
15.132967 55.062733 3
15.133453 55.06252 4
15.133397 55.06277 5
15.132888 55.062756 1
15.133324 55.062527 2
15.132967 55.062733 3
15.133453 55.06252 4
15.133397 55.06277 5
15.132888 55.062756 1
