15.13143 55.06309 1A
15.13134 55.063107 1B
15.131395 55.06322 2A
15.131191 55.063267 2B
15.13117 55.063133 3
15.130948 55.06332 4
15.130691 55.0631 5
15.131208 55.062775 5A
15.131167 55.06289 5B
15.131051 55.06298 5C
15.130897 55.063103 5D
15.129976 55.062965 7A
15.129695 55.062946 7B
15.130482 55.063194 8
15.129323 55.062984 9
15.130293 55.063114 10
15.129016 55.063038 11
15.130082 55.06309 12
15.129931 55.063084 14
15.128417 55.06314 15
15.129805 55.063076 16
15.127982 55.063187 17
15.129485 55.06318 18
15.127831 55.063194 19
15.129305 55.06312 20
15.127396 55.063267 21
15.129051 55.063164 22
15.126594 55.063263 23
15.128899 55.063198 24
15.128577 55.06325 26
15.128103 55.06332 28
15.127925 55.063347 30
15.127804 55.063362 32
15.127512 55.063404 34
15.129665 55.063187 18A
15.129651 55.063133 18B
15.129629 55.063087 18C
15.129452 55.063103 18D
15.128594 55.06311 13
15.125236 55.063023 25
15.13143 55.06309 1A
15.13134 55.063107 1B
15.131395 55.06322 2A
15.131191 55.063267 2B
15.13117 55.063133 3
15.130948 55.06332 4
15.130691 55.0631 5
15.131208 55.062775 5A
15.131167 55.06289 5B
15.131051 55.06298 5C
15.130897 55.063103 5D
15.129976 55.062965 7A
15.129695 55.062946 7B
15.130482 55.063194 8
15.129323 55.062984 9
15.130293 55.063114 10
15.129016 55.063038 11
15.130082 55.06309 12
15.129931 55.063084 14
15.128417 55.06314 15
15.129805 55.063076 16
15.127982 55.063187 17
15.129485 55.06318 18
15.127831 55.063194 19
15.129305 55.06312 20
15.127396 55.063267 21
15.129051 55.063164 22
15.126594 55.063263 23
15.128899 55.063198 24
15.128577 55.06325 26
15.128103 55.06332 28
15.127925 55.063347 30
15.127804 55.063362 32
15.127512 55.063404 34
15.129665 55.063187 18A
15.129651 55.063133 18B
15.129629 55.063087 18C
15.129452 55.063103 18D
15.128594 55.06311 13
15.125236 55.063023 25
15.13143 55.06309 1A
15.13134 55.063107 1B
15.131395 55.06322 2A
15.131191 55.063267 2B
15.13117 55.063133 3
15.130948 55.06332 4
15.130691 55.0631 5
15.131208 55.062775 5A
15.131167 55.06289 5B
15.131051 55.06298 5C
15.130897 55.063103 5D
15.129976 55.062965 7A
15.129695 55.062946 7B
15.130482 55.063194 8
15.129323 55.062984 9
15.130293 55.063114 10
15.129016 55.063038 11
15.130082 55.06309 12
15.129931 55.063084 14
15.128417 55.06314 15
15.129805 55.063076 16
15.127982 55.063187 17
15.129485 55.06318 18
15.127831 55.063194 19
15.129305 55.06312 20
15.127396 55.063267 21
15.129051 55.063164 22
15.126594 55.063263 23
15.128899 55.063198 24
15.128577 55.06325 26
15.128103 55.06332 28
15.127925 55.063347 30
15.127804 55.063362 32
15.127512 55.063404 34
15.129665 55.063187 18A
15.129651 55.063133 18B
15.129629 55.063087 18C
15.129452 55.063103 18D
15.128594 55.06311 13
15.125236 55.063023 25
15.13143 55.06309 1A
15.13134 55.063107 1B
15.131395 55.06322 2A
15.131191 55.063267 2B
15.13117 55.063133 3
15.130948 55.06332 4
15.130691 55.0631 5
15.131208 55.062775 5A
15.131167 55.06289 5B
15.131051 55.06298 5C
15.130897 55.063103 5D
15.129976 55.062965 7A
15.129695 55.062946 7B
15.130482 55.063194 8
15.129323 55.062984 9
15.130293 55.063114 10
15.129016 55.063038 11
15.130082 55.06309 12
15.129931 55.063084 14
15.128417 55.06314 15
15.129805 55.063076 16
15.127982 55.063187 17
15.129485 55.06318 18
15.127831 55.063194 19
15.129305 55.06312 20
15.127396 55.063267 21
15.129051 55.063164 22
15.126594 55.063263 23
15.128899 55.063198 24
15.128577 55.06325 26
15.128103 55.06332 28
15.127925 55.063347 30
15.127804 55.063362 32
15.127512 55.063404 34
15.129665 55.063187 18A
15.129651 55.063133 18B
15.129629 55.063087 18C
15.129452 55.063103 18D
15.128594 55.06311 13
15.125236 55.063023 25
15.13143 55.06309 1A
15.13134 55.063107 1B
15.131395 55.06322 2A
15.131191 55.063267 2B
15.13117 55.063133 3
15.130948 55.06332 4
15.130691 55.0631 5
15.131208 55.062775 5A
15.131167 55.06289 5B
15.131051 55.06298 5C
15.130897 55.063103 5D
15.129976 55.062965 7A
15.129695 55.062946 7B
15.130482 55.063194 8
15.129323 55.062984 9
15.130293 55.063114 10
15.129016 55.063038 11
15.130082 55.06309 12
15.129931 55.063084 14
15.128417 55.06314 15
15.129805 55.063076 16
15.127982 55.063187 17
15.129485 55.06318 18
15.127831 55.063194 19
15.129305 55.06312 20
15.127396 55.063267 21
15.129051 55.063164 22
15.126594 55.063263 23
15.128899 55.063198 24
15.128577 55.06325 26
15.128103 55.06332 28
15.127925 55.063347 30
15.127804 55.063362 32
15.127512 55.063404 34
15.129665 55.063187 18A
15.129651 55.063133 18B
15.129629 55.063087 18C
15.129452 55.063103 18D
15.128594 55.06311 13
15.125236 55.063023 25
15.13143 55.06309 1A
15.13134 55.063107 1B
15.131395 55.06322 2A
15.131191 55.063267 2B
15.13117 55.063133 3
15.130948 55.06332 4
15.130691 55.0631 5
15.131208 55.062775 5A
15.131167 55.06289 5B
15.131051 55.06298 5C
15.130897 55.063103 5D
15.129976 55.062965 7A
15.129695 55.062946 7B
15.130482 55.063194 8
15.129323 55.062984 9
15.130293 55.063114 10
15.129016 55.063038 11
15.130082 55.06309 12
15.129931 55.063084 14
15.128417 55.06314 15
15.129805 55.063076 16
15.127982 55.063187 17
15.129485 55.06318 18
15.127831 55.063194 19
15.129305 55.06312 20
15.127396 55.063267 21
15.129051 55.063164 22
15.126594 55.063263 23
15.128899 55.063198 24
15.128577 55.06325 26
15.128103 55.06332 28
15.127925 55.063347 30
15.127804 55.063362 32
15.127512 55.063404 34
15.129665 55.063187 18A
15.129651 55.063133 18B
15.129629 55.063087 18C
15.129452 55.063103 18D
15.128594 55.06311 13
15.125236 55.063023 25
