15.113557 55.01913 4
15.113752 55.018356 5
15.112832 55.019077 6A
15.112416 55.019146 6B
15.113397 55.01838 7
15.111434 55.018986 8
15.113183 55.01874 9
15.112657 55.01873 11
15.110385 55.018925 12
15.112808 55.018364 13
15.109747 55.018806 14
15.112114 55.01854 15
15.111669 55.018677 17
15.110918 55.018803 17B
15.111193 55.018635 19
15.110662 55.018658 21
15.11312 55.018875 501
15.113557 55.01913 4
15.113752 55.018356 5
15.112832 55.019077 6A
15.112416 55.019146 6B
15.113397 55.01838 7
15.111434 55.018986 8
15.113183 55.01874 9
15.112657 55.01873 11
15.110385 55.018925 12
15.112808 55.018364 13
15.109747 55.018806 14
15.112114 55.01854 15
15.111669 55.018677 17
15.110918 55.018803 17B
15.111193 55.018635 19
15.110662 55.018658 21
15.11312 55.018875 501
15.113557 55.01913 4
15.113752 55.018356 5
15.112832 55.019077 6A
15.112416 55.019146 6B
15.113397 55.01838 7
15.111434 55.018986 8
15.113183 55.01874 9
15.112657 55.01873 11
15.110385 55.018925 12
15.112808 55.018364 13
15.109747 55.018806 14
15.112114 55.01854 15
15.111669 55.018677 17
15.110918 55.018803 17B
15.111193 55.018635 19
15.110662 55.018658 21
15.11312 55.018875 501
15.113557 55.01913 4
15.113752 55.018356 5
15.112832 55.019077 6A
15.112416 55.019146 6B
15.113397 55.01838 7
15.111434 55.018986 8
15.113183 55.01874 9
15.112657 55.01873 11
15.110385 55.018925 12
15.112808 55.018364 13
15.109747 55.018806 14
15.112114 55.01854 15
15.111669 55.018677 17
15.110918 55.018803 17B
15.111193 55.018635 19
15.110662 55.018658 21
15.11312 55.018875 501
15.113557 55.01913 4
15.113752 55.018356 5
15.112832 55.019077 6A
15.112416 55.019146 6B
15.113397 55.01838 7
15.111434 55.018986 8
15.113183 55.01874 9
15.112657 55.01873 11
15.110385 55.018925 12
15.112808 55.018364 13
15.109747 55.018806 14
15.112114 55.01854 15
15.111669 55.018677 17
15.110918 55.018803 17B
15.111193 55.018635 19
15.110662 55.018658 21
15.11312 55.018875 501
15.113557 55.01913 4
15.113752 55.018356 5
15.112832 55.019077 6A
15.112416 55.019146 6B
15.113397 55.01838 7
15.111434 55.018986 8
15.113183 55.01874 9
15.112657 55.01873 11
15.110385 55.018925 12
15.112808 55.018364 13
15.109747 55.018806 14
15.112114 55.01854 15
15.111669 55.018677 17
15.110918 55.018803 17B
15.111193 55.018635 19
15.110662 55.018658 21
15.11312 55.018875 501
