15.125108 55.068485 2
15.124727 55.068268 3
15.124826 55.06856 4
15.124459 55.06835 5
15.124548 55.068615 6
15.124199 55.06843 7
15.124291 55.06869 8
15.123956 55.06851 9
15.124025 55.06878 10
15.123672 55.068596 11
15.123757 55.068897 12
15.123409 55.06868 13
14.800173 55.27533 1
15.125108 55.068485 2
15.124727 55.068268 3
15.124826 55.06856 4
15.124459 55.06835 5
15.124548 55.068615 6
15.124199 55.06843 7
15.124291 55.06869 8
15.123956 55.06851 9
15.124025 55.06878 10
15.123672 55.068596 11
15.123757 55.068897 12
15.123409 55.06868 13
14.800173 55.27533 1
15.125108 55.068485 2
15.124727 55.068268 3
15.124826 55.06856 4
15.124459 55.06835 5
15.124548 55.068615 6
15.124199 55.06843 7
15.124291 55.06869 8
15.123956 55.06851 9
15.124025 55.06878 10
15.123672 55.068596 11
15.123757 55.068897 12
15.123409 55.06868 13
14.800173 55.27533 1
15.125108 55.068485 2
15.124727 55.068268 3
15.124826 55.06856 4
15.124459 55.06835 5
15.124548 55.068615 6
15.124199 55.06843 7
15.124291 55.06869 8
15.123956 55.06851 9
15.124025 55.06878 10
15.123672 55.068596 11
15.123757 55.068897 12
15.123409 55.06868 13
14.800173 55.27533 1
15.125108 55.068485 2
15.124727 55.068268 3
15.124826 55.06856 4
15.124459 55.06835 5
15.124548 55.068615 6
15.124199 55.06843 7
15.124291 55.06869 8
15.123956 55.06851 9
15.124025 55.06878 10
15.123672 55.068596 11
15.123757 55.068897 12
15.123409 55.06868 13
14.800173 55.27533 1
15.125108 55.068485 2
15.124727 55.068268 3
15.124826 55.06856 4
15.124459 55.06835 5
15.124548 55.068615 6
15.124199 55.06843 7
15.124291 55.06869 8
15.123956 55.06851 9
15.124025 55.06878 10
15.123672 55.068596 11
15.123757 55.068897 12
15.123409 55.06868 13
14.800173 55.27533 1
