15.107406 55.040222 1
15.108003 55.040077 2
15.107701 55.040306 3
15.108019 55.040318 5
15.108726 55.040627 7
15.109027 55.040894 9A
15.109363 55.041092 9B
15.109208 55.04131 9C
15.108649 55.041183 9D
15.109714 55.040882 11
15.109122 55.04063 13
15.109844 55.040627 13A
15.109529 55.04028 15
15.109695 55.040054 17
15.107406 55.040222 1
15.108003 55.040077 2
15.107701 55.040306 3
15.108019 55.040318 5
15.108726 55.040627 7
15.109027 55.040894 9A
15.109363 55.041092 9B
15.109208 55.04131 9C
15.108649 55.041183 9D
15.109714 55.040882 11
15.109122 55.04063 13
15.109844 55.040627 13A
15.109529 55.04028 15
15.109695 55.040054 17
15.107406 55.040222 1
15.108003 55.040077 2
15.107701 55.040306 3
15.108019 55.040318 5
15.108726 55.040627 7
15.109027 55.040894 9A
15.109363 55.041092 9B
15.109208 55.04131 9C
15.108649 55.041183 9D
15.109714 55.040882 11
15.109122 55.04063 13
15.109844 55.040627 13A
15.109529 55.04028 15
15.109695 55.040054 17
15.107406 55.040222 1
15.108003 55.040077 2
15.107701 55.040306 3
15.108019 55.040318 5
15.108726 55.040627 7
15.109027 55.040894 9A
15.109363 55.041092 9B
15.109208 55.04131 9C
15.108649 55.041183 9D
15.109714 55.040882 11
15.109122 55.04063 13
15.109844 55.040627 13A
15.109529 55.04028 15
15.109695 55.040054 17
15.107406 55.040222 1
15.108003 55.040077 2
15.107701 55.040306 3
15.108019 55.040318 5
15.108726 55.040627 7
15.109027 55.040894 9A
15.109363 55.041092 9B
15.109208 55.04131 9C
15.108649 55.041183 9D
15.109714 55.040882 11
15.109122 55.04063 13
15.109844 55.040627 13A
15.109529 55.04028 15
15.109695 55.040054 17
15.107406 55.040222 1
15.108003 55.040077 2
15.107701 55.040306 3
15.108019 55.040318 5
15.108726 55.040627 7
15.109027 55.040894 9A
15.109363 55.041092 9B
15.109208 55.04131 9C
15.108649 55.041183 9D
15.109714 55.040882 11
15.109122 55.04063 13
15.109844 55.040627 13A
15.109529 55.04028 15
15.109695 55.040054 17
