15.107275 55.021492 1
15.107215 55.021282 2
15.107815 55.021526 3
15.107771 55.021217 4
15.108267 55.02154 5
15.108176 55.021236 6
15.107275 55.021492 1
15.107215 55.021282 2
15.107815 55.021526 3
15.107771 55.021217 4
15.108267 55.02154 5
15.108176 55.021236 6
15.107275 55.021492 1
15.107215 55.021282 2
15.107815 55.021526 3
15.107771 55.021217 4
15.108267 55.02154 5
15.108176 55.021236 6
15.107275 55.021492 1
15.107215 55.021282 2
15.107815 55.021526 3
15.107771 55.021217 4
15.108267 55.02154 5
15.108176 55.021236 6
15.107275 55.021492 1
15.107215 55.021282 2
15.107815 55.021526 3
15.107771 55.021217 4
15.108267 55.02154 5
15.108176 55.021236 6
15.107275 55.021492 1
15.107215 55.021282 2
15.107815 55.021526 3
15.107771 55.021217 4
15.108267 55.02154 5
15.108176 55.021236 6
