15.105029 55.069183 4
15.100199 55.065327 3
15.100417 55.063984 2
15.099972 55.063965 1
15.109936 55.071194 6
15.101225 55.06942 7
15.108639 55.07288 9
15.110001 55.072456 8
15.105029 55.069183 4
15.100199 55.065327 3
15.100417 55.063984 2
15.099972 55.063965 1
15.109936 55.071194 6
15.101225 55.06942 7
15.108639 55.07288 9
15.110001 55.072456 8
15.105029 55.069183 4
15.100199 55.065327 3
15.100417 55.063984 2
15.099972 55.063965 1
15.109936 55.071194 6
15.101225 55.06942 7
15.108639 55.07288 9
15.110001 55.072456 8
15.105029 55.069183 4
15.100199 55.065327 3
15.100417 55.063984 2
15.099972 55.063965 1
15.109936 55.071194 6
15.101225 55.06942 7
15.108639 55.07288 9
15.110001 55.072456 8
15.105029 55.069183 4
15.100199 55.065327 3
15.100417 55.063984 2
15.099972 55.063965 1
15.109936 55.071194 6
15.101225 55.06942 7
15.108639 55.07288 9
15.110001 55.072456 8
15.105029 55.069183 4
15.100199 55.065327 3
15.100417 55.063984 2
15.099972 55.063965 1
15.109936 55.071194 6
15.101225 55.06942 7
15.108639 55.07288 9
15.110001 55.072456 8
