12.593077 55.67562 2
12.593264 55.675686 3
12.593488 55.675594 5
12.593561 55.67601 6
12.593493 55.67544 7
12.593882 55.675663 8A
12.593982 55.675587 8B
12.594057 55.67553 8C
12.594126 55.67545 8D
12.59452 55.675236 8F
12.594637 55.67529 8G
12.594579 55.67537 8H
12.594118 55.67572 8K
12.593714 55.675343 9A
12.593755 55.675247 9B
12.593836 55.6752 9C
12.593947 55.675224 9D
12.594012 55.675304 9E
12.593897 55.675392 9F
12.593839 55.67543 9G
12.594074 55.67513 11A
12.594184 55.67503 11B
12.594034 55.676056 13A
12.594439 55.67621 13B
12.594248 55.675873 15A
12.594532 55.67565 15B
12.594918 55.675526 15C
12.594642 55.675735 15D
12.594171 55.67541 8E
12.587217 55.6712 2A
