12.588407 55.680077 2
12.588171 55.68077 3
12.589125 55.67989 4
12.588319 55.68073 5
12.589322 55.67984 6
12.589191 55.67971 6A
12.589077 55.679577 6B
12.588481 55.680683 7
12.589451 55.67981 8
12.588616 55.680656 9
12.588723 55.680767 9A
12.588695 55.680798 9B
12.589585 55.679768 10
12.589531 55.67962 10A
12.588734 55.680622 11
12.589764 55.679726 12
12.589594 55.679455 12A
12.589561 55.679413 12B
12.588865 55.68058 13
12.589938 55.67968 14
12.588972 55.680557 15
12.590106 55.679634 16
12.589098 55.680523 17
12.590276 55.679585 18
12.590198 55.679424 18A
12.589402 55.680443 19
12.590497 55.679527 20
12.590418 55.679478 20A
12.590496 55.679455 20B
12.590256 55.67937 20C
12.590404 55.679333 20D
12.589516 55.680416 21
12.590734 55.679462 22
12.589656 55.680378 23
12.590939 55.67941 24
12.589772 55.68034 25
12.5899 55.68031 27
12.59005 55.68028 29
12.590132 55.680252 31A
12.590151 55.68044 31B
12.590378 55.68046 31C
12.590378 55.680565 31D
12.590708 55.680626 31E
12.591342 55.680607 31F
12.591068 55.680504 31G
12.590929 55.680378 31H
12.590462 55.680424 31J
12.590551 55.68033 31K
12.590273 55.680214 33
12.590425 55.680176 35
12.590558 55.68014 37
12.590618 55.68025 37A
12.591489 55.67926 38
12.590667 55.680115 39
12.591809 55.679173 40
12.590803 55.680073 41
12.592025 55.67911 42A
12.592219 55.679066 42B
12.590956 55.68004 43
12.59112 55.680298 43A
12.591272 55.680447 43B
12.590959 55.68025 43C
12.590702 55.68034 43D
12.592507 55.67898 44
12.591087 55.68 45
12.591318 55.679935 47
12.591692 55.67984 49
12.591808 55.679855 49A
12.591996 55.67994 49C
12.591853 55.679794 51
12.592055 55.67981 53
12.59231 55.679947 53B
12.592382 55.680054 53C
12.59213 55.67972 55
12.592206 55.6797 57
12.592383 55.679905 57B
12.59251 55.68004 57C
12.592301 55.679676 59
12.592397 55.679653 61
12.592547 55.67966 63A
12.592712 55.67972 63B
12.592702 55.68 63C
12.59254 55.67982 63D
12.592734 55.679558 65
12.592896 55.679523 67
12.593018 55.67949 69
12.593581 55.679348 71
12.587882 55.68064 1F
12.589356 55.679462 12C
12.589388 55.679504 12D
12.592153 55.679974 53A
12.592212 55.680004 53D
12.590714 55.679604 26
12.590488 55.68056 31L
12.590867 55.680588 31M
12.58874 55.680668 11A
12.588833 55.680847 11B
12.589206 55.68084 11C
12.592635 55.679413 65A
12.589964 55.67943 16A
12.59198 55.679127 42
12.590179 55.680237 31
12.591001 55.67955 28
12.591214 55.67981 47C
12.637422 55.63128 4
