12.560712 55.658005 50
12.559961 55.657677 68
12.560225 55.657898 60
12.56002 55.657494 76
12.560465 55.656967 2
12.560648 55.65719 10
12.559987 55.657585 72
12.56093 55.658054 46
12.560835 55.65802 48
12.561359 55.65812 40
12.560453 55.657948 56
12.559909 55.657738 66
12.560506 55.657024 4
12.559996 55.657547 74
12.561011 55.657654 26
12.561244 55.658012 38
12.561099 55.65778 30
12.559891 55.657856 62
12.560142 55.65705 88
12.560552 55.65708 6
12.560971 55.657593 24
12.560927 55.65753 22
12.560741 55.657303 14
12.560085 55.657265 84
12.560037 55.657433 78
12.559979 55.657635 70
12.560564 55.657986 54
12.560071 55.657314 82
12.56125 55.65811 42
12.560833 55.657413 18
12.561044 55.658077 44
12.561173 55.657894 34
12.561216 55.657948 36
12.561136 55.657837 32
12.560601 55.657135 8
12.56088 55.65747 20
12.560694 55.65724 12
12.560056 55.657368 80
12.559911 55.65779 64
12.56064 55.657986 52
12.560787 55.657356 16
12.560343 55.657932 58
12.560103 55.657215 86
12.583507 55.612396 3
