12.550121 55.647106 2
12.550304 55.64704 4
12.550505 55.64697 6
12.550641 55.64692 8
12.550754 55.646877 10
12.550911 55.64682 12
12.551119 55.646748 14
12.551062 55.64667 16
12.551022 55.64665 18
12.550979 55.64662 20
12.550937 55.646595 22
12.550893 55.64657 24
12.550852 55.646545 26
12.550809 55.64652 28
12.550767 55.646492 30
12.550719 55.64646 32
12.550679 55.64644 34
12.550639 55.64641 36
12.551616 55.646515 38
12.551516 55.646465 40
12.551469 55.646442 42
12.551428 55.646416 44
12.551378 55.64639 46
12.551334 55.646366 48
12.551289 55.646343 50
12.551242 55.646317 52
12.551199 55.64629 54
12.551149 55.646267 56
12.551104 55.64624 58
12.551072 55.646225 60
12.551921 55.64645 62
12.552032 55.64641 64
12.552109 55.64638 66
12.552278 55.64632 68
12.552519 55.64619 70
12.552417 55.64612 72
12.552374 55.64609 74
12.552335 55.646065 76
12.552291 55.646038 78
12.552249 55.64601 80
12.552202 55.645985 82
12.552165 55.645958 84
12.552121 55.64593 86
12.552076 55.645905 88
12.552034 55.645878 90
12.551948 55.645824 94
12.551908 55.645798 96
12.551864 55.645775 98
12.551828 55.64575 100
12.553146 55.646015 102
12.553021 55.646004 104
12.552915 55.645996 106
12.552861 55.645947 108
12.552822 55.645924 110
12.55278 55.6459 112
12.552743 55.645874 114
12.552705 55.64585 116
12.552668 55.64583 118
12.55263 55.6458 120
12.55259 55.64578 122
12.552553 55.645756 124
12.552515 55.645733 126
12.552476 55.645706 128
12.55244 55.645683 130
12.552402 55.64566 132
12.552365 55.645634 134
12.552325 55.64561 136
12.552781 55.645737 138
12.553247 55.645893 140
12.553384 55.645866 142
12.553508 55.645836 144
12.553589 55.645782 146
12.551283 55.64692 15
12.552199 55.646584 65
12.552397 55.64651 67
12.553902 55.64635 69
12.550685 55.647133 5
12.550494 55.647205 3
12.55199 55.64585 92
12.527842 55.670597 69
12.502361 55.677704 1A
