12.54112 55.646133 2B
12.541197 55.646362 2C
12.541619 55.64514 3
12.54121 55.645542 4
12.540707 55.645267 6
12.540499 55.644962 8
12.540507 55.644733 10
12.540153 55.64445 12
12.539344 55.643738 20
12.539296 55.64345 22
12.540642 55.642807 27
12.539889 55.642437 29A
12.540078 55.64252 29B
12.540599 55.642567 29C
12.539939 55.642277 31B
12.540051 55.642365 31C
12.540196 55.64231 31D
12.540329 55.64231 31E
12.540598 55.642334 31F
12.54009 55.64213 33B
12.54021 55.642136 33C
12.540317 55.64215 33D
12.540624 55.64218 33E
12.53991 55.641895 35A
12.539952 55.642002 35B
12.540181 55.64191 35C
12.540429 55.641933 35D
12.540567 55.641987 35E
12.540777 55.64198 35F
12.539235 55.642586 36
12.539901 55.641766 37A
12.540066 55.64178 37B
12.540239 55.641804 37C
12.540392 55.641804 37D
12.540547 55.641792 37E
12.540794 55.641846 37F
12.539427 55.642014 38
12.539985 55.641525 39A
12.540219 55.64154 39B
12.540356 55.641556 39C
12.540511 55.641575 39D
12.540735 55.641598 39E
12.539543 55.6416 40
12.539775 55.64072 42
12.540822 55.641266 43
12.539394 55.639706 44A
12.539253 55.639694 44B
12.539105 55.639683 44C
12.541028 55.64112 45B
12.539542 55.639496 46A
12.539317 55.639523 46B
12.538981 55.639496 46C
12.538582 55.639446 46D
12.538414 55.63939 46E
12.540177 55.640835 47
12.539825 55.639233 48
12.540219 55.640663 49
12.540218 55.63882 50
12.540336 55.64046 51
12.540601 55.63938 57
12.540821 55.63902 59
12.539877 55.642136 33A
12.540637 55.641415 41
12.540148 55.641014 45
12.540343 55.640312 53A
12.543649 55.64037 53
12.540497 55.639935 55
12.541977 55.637608 75
12.542117 55.637516 77
12.542152 55.645367 1
12.540766 55.63997 55A
12.54094 55.63998 55B
12.540983 55.639908 55C
12.541163 55.63999 55D
12.541128 55.64007 55E
12.54134 55.640095 55F
12.541374 55.64002 55G
12.541387 55.63997 55H
12.541417 55.639915 55K
12.541434 55.639812 55L
12.541268 55.63981 55M
12.541195 55.6398 55N
12.54096 55.639793 55P
12.540815 55.63978 55R
12.540711 55.639767 55S
12.540624 55.639763 55T
12.541254 55.64475 5
12.540456 55.64032 53B
12.540571 55.64033 53C
12.540586 55.640064 53G
12.540823 55.64024 53K
12.540852 55.640186 53L
12.541163 55.64016 53M
12.541127 55.640236 53P
12.539552 55.640087 42F
12.539506 55.640217 42G
12.539202 55.64062 42L
12.538247 55.6408 42M
12.537741 55.640755 42N
12.538477 55.639988 42T
12.539411 55.639465 46
12.540516 55.64021 53D
12.54109 55.64031 53S
12.541326 55.640263 53R
12.541077 55.640343 53T
12.538496 55.639923 42U
12.538235 55.64037 42P
12.539467 55.64048 42K
12.539491 55.63999 42D
12.540809 55.640316 53H
12.541062 55.640385 53U
12.539285 55.63998 42B
12.538438 55.64012 42R
12.540406 55.640083 53W
12.538552 55.63972 44F
12.538672 55.63964 44E
12.540374 55.640163 53V
12.54057 55.6401 53F
12.539022 55.639717 44G
12.540545 55.640152 53E
12.541132 55.640198 53N
12.539488 55.64028 42H
12.539398 55.639984 42C
12.538456 55.64005 42S
12.539295 55.6399 42A
12.538876 55.63966 44D
12.539643 55.63975 44
12.592557 55.675026 5
