12.54948 55.647324 3
12.549376 55.64736 5
12.549236 55.64741 7
12.549004 55.647495 9
12.548805 55.6475 11
12.548698 55.64749 13
12.548675 55.647457 15
12.548654 55.647427 17
12.548628 55.647392 19
12.548606 55.647354 21
12.548579 55.64732 23
12.548553 55.64728 25
12.548524 55.64724 27
12.548499 55.647205 29
12.548474 55.64717 31
12.54845 55.647133 33
12.548296 55.64775 35
12.54823 55.64766 37
12.548204 55.647625 39
12.548177 55.647587 41
12.548154 55.647552 43
12.548131 55.647514 45
12.548101 55.647472 47
12.548079 55.647438 49
12.548054 55.647404 51
12.548026 55.647366 53
12.548 55.647324 55
12.547972 55.647285 57
12.548058 55.647835 59
12.547846 55.64791 61
12.54775 55.647945 63
12.547554 55.648018 65
12.549452 55.64757 6
12.549685 55.647488 4
12.547381 55.648323 62
12.548251 55.648006 32
12.547583 55.648247 60
12.548438 55.64794 30
12.591562 55.645744 67
