12.526993 55.64762 3
12.526577 55.647842 4A
12.526427 55.64776 4B
12.526869 55.64764 5
12.526245 55.64765 6
12.526771 55.647633 7
12.526069 55.647545 8
12.52659 55.647522 9
12.525881 55.647434 10
12.526446 55.647434 11
12.525717 55.647335 12
12.526325 55.64736 13
12.525556 55.64724 14
12.526196 55.647285 15
12.5254 55.64714 16
12.526058 55.647198 17
12.525246 55.64705 18
12.525915 55.64711 19
12.525793 55.647034 21
12.525677 55.64697 23
12.52506 55.646923 24
12.525535 55.646885 25
12.524908 55.64683 26
12.525424 55.646816 27
12.524752 55.646736 28
12.524835 55.64646 29
12.524595 55.646645 30
12.524681 55.64637 31
12.52427 55.64652 32
12.52453 55.64628 33
12.524141 55.646626 34
12.524031 55.645878 35
12.524033 55.64673 36
12.523831 55.64578 37
12.523907 55.646847 38
12.523728 55.64571 39
12.523792 55.646954 40
12.523713 55.646286 44
12.520509 55.64189 100
12.52021 55.641758 110
12.527066 55.647606 1A
12.523869 55.646366 42A
12.523818 55.64641 42B
12.523445 55.64625 42C
12.52338 55.646214 42D
12.523634 55.646107 46A
12.523558 55.646065 46B
12.523543 55.64618 46C
12.523474 55.64614 46D
12.519334 55.637398 50
12.523636 55.64637 44A
12.526836 55.648033 2
12.522938 55.645554 41
12.521945 55.645985 48
12.522016 55.645798 48A
12.519991 55.64188 98
12.526506 55.64781 4
12.519737 55.64062 114
12.590151 55.68836 1
