12.527942 55.64368 5
12.528111 55.643673 6
12.528419 55.643677 7
12.527691 55.643852 14
12.52792 55.643856 15
12.528171 55.643867 16
12.528404 55.643867 17
12.528873 55.643875 19
12.526952 55.644062 21
12.527215 55.644066 22
12.52768 55.644073 24
12.528637 55.644093 28
12.528831 55.644096 29
12.529059 55.64409 30
12.526956 55.644253 31
12.527211 55.64426 32
12.52742 55.644257 33
12.527627 55.644257 34
12.527908 55.64426 35
12.528131 55.644268 36
12.52887 55.644283 39
12.528529 55.64348 1
12.528893 55.643482 3
12.527527 55.644447 43
12.528916 55.64446 50
12.527768 55.644478 44
12.528393 55.64408 27
12.528658 55.64367 8
12.528612 55.644264 38
12.527295 55.644463 42
12.527023 55.644478 41
12.528138 55.64408 26
12.527885 55.64408 25
12.527445 55.64406 23
12.529087 55.643692 10
12.52889 55.643677 9
12.527991 55.644474 45
12.528386 55.644268 37
12.528671 55.643867 18
12.527214 55.64385 12
12.529091 55.644287 40
12.527468 55.643845 13
12.529113 55.64388 20
12.528704 55.64347 2
