12.539319 55.645546 208
12.538119 55.64454 84
12.537776 55.64469 78
12.538111 55.64523 138
12.537782 55.64423 16
12.537732 55.645435 150
12.538799 55.645325 172
12.53844 55.645164 160
12.537729 55.644314 38
12.537465 55.64429 20
12.538003 55.644585 82
12.536966 55.644886 66
12.538069 55.644478 50
12.537273 55.645226 108
12.538034 55.64495 118
12.537263 55.645164 106
12.538848 55.64572 214
12.538271 55.645878 222
12.537849 55.64493 98
12.537849 55.64532 142
12.53794 55.64491 96
12.538067 55.64485 94
12.538386 55.64521 158
12.538926 55.645393 200
12.537238 55.644787 62
12.538386 55.645477 178
12.537901 55.645355 152
12.53865 55.645096 162
12.537401 55.645176 110
12.537532 55.644676 58
12.538242 55.64563 190
12.53839 55.64475 90
12.537769 55.645065 114
12.537913 55.645565 182
12.537935 55.64571 186
12.538297 55.64447 86
12.538729 55.645058 164
12.537439 55.64443 34
12.53716 55.644444 24
12.537374 55.644737 60
12.537966 55.64452 52
12.537918 55.644215 42
12.537558 55.64514 112
12.538642 55.64548 196
12.536845 55.64473 28
12.537563 55.64475 76
12.538623 55.64481 126
12.538263 55.644855 122
12.53899 55.644966 166
12.537389 55.644367 22
12.5382 55.645557 180
12.538222 55.645237 156
12.537544 55.64506 102
12.537313 55.644062 4
12.53911 55.645233 168
12.539379 55.645287 204
12.537101 55.64454 30
12.539025 55.645645 212
12.537845 55.644287 40
12.538782 55.64542 198
12.538084 55.645657 188
12.537655 55.64552 148
12.538197 55.64592 224
12.538857 55.64487 128
12.539112 55.64563 210
12.53781 55.64457 54
12.539427 55.64552 206
12.537148 55.64483 64
12.538201 55.644806 92
12.539101 55.645306 202
12.537669 55.644638 56
12.537363 55.644016 6
12.53805 55.644123 44
12.538488 55.645844 220
12.537924 55.645275 140
12.538482 55.64553 194
12.537685 55.645008 100
12.538701 55.645344 174
12.538626 55.64579 218
12.538958 55.645287 170
12.537592 55.644352 36
12.5372 55.64487 70
12.537673 55.644264 18
12.538547 55.64544 176
12.537115 55.644913 68
12.538536 55.645065 132
12.538531 55.644695 88
12.538395 55.64444 46
12.537871 55.645035 116
12.537332 55.64483 72
12.53782 55.644634 80
12.538367 55.64513 134
12.537655 55.64536 144
12.538436 55.64481 124
12.537372 55.64398 8
12.538351 55.64558 192
12.538079 55.645298 154
12.538171 55.644897 120
12.538262 55.645172 136
12.538225 55.644413 48
12.537404 55.644787 74
12.53874 55.645752 216
12.537078 55.64449 26
12.538623 55.645016 130
12.537942 55.644154 14
12.537294 55.644455 32
12.537507 55.645405 146
12.537347 55.64512 104
12.537567 55.6439 10
12.587529 55.62666 1
