12.527122 55.649822 2
12.527155 55.64955 3
12.52698 55.649776 4
12.526844 55.649727 6
12.526625 55.649364 7
12.526701 55.649677 8
12.526541 55.649326 9
12.526564 55.649628 10
12.526398 55.64928 11
12.526423 55.649582 12
12.526256 55.64923 13
12.526283 55.649532 14
12.526119 55.64919 15
12.526138 55.64948 16
12.525982 55.649136 17
12.525997 55.649433 18
12.525843 55.649086 19
12.525858 55.649387 20
12.525701 55.64904 21
12.525714 55.649338 22
12.525392 55.64892 23
12.525569 55.649292 24
12.524876 55.648605 25
12.525435 55.649242 26
12.524772 55.648563 27
12.525292 55.649193 28
12.52465 55.648518 29A
12.524547 55.64847 29B
12.525125 55.649128 30
12.524563 55.64836 31
12.524972 55.64908 32
12.524428 55.648304 33
12.524839 55.649033 34
12.524263 55.64824 35
12.524117 55.648174 37
12.523988 55.648552 38
12.524092 55.64804 39
12.524167 55.64867 40
12.523943 55.64798 41
12.524335 55.648785 42
12.523776 55.64791 43
12.523655 55.64851 44
12.523627 55.647846 45
12.523464 55.648598 46
12.523603 55.64772 47
12.523275 55.648685 48
12.523462 55.64766 49
12.523362 55.648132 50
12.523295 55.64759 51
12.52354 55.648243 52
12.523156 55.647533 53
12.523705 55.64836 54
12.523031 55.648087 56
12.522838 55.64818 58
12.522649 55.64827 60
12.522459 55.64836 62
12.522272 55.648445 64
12.522073 55.64854 66
12.522803 55.64844 68
12.503067 55.701286 44
