12.537615 55.658318 2
12.538002 55.65827 3
12.537572 55.65824 4
12.53795 55.65818 5
12.537526 55.658157 6
12.537883 55.65807 7
12.537433 55.657997 8
12.537809 55.657936 9
12.53739 55.65791 10
12.537759 55.657845 11
12.537331 55.65781 12
12.537688 55.65774 13
12.536789 55.65687 14
12.536731 55.65676 16
12.536663 55.65664 18
12.537172 55.65681 19
12.536592 55.65652 20
12.537111 55.656708 21
12.536529 55.656395 22
12.537049 55.656597 23
12.536238 55.65599 24
12.536984 55.656475 25
12.536192 55.6559 26
12.536927 55.656384 27
12.536142 55.65581 28
12.536867 55.656273 29
12.536093 55.65572 30
12.536803 55.65616 31
12.536031 55.655632 32
12.536583 55.6557 33
12.535982 55.65554 34
12.53652 55.65559 35
12.535925 55.65545 36
12.536464 55.655502 37
12.535877 55.655357 38
12.536416 55.65541 39
12.53582 55.655266 40
12.536361 55.655323 41
12.535771 55.655178 42
12.536311 55.65523 43
12.535715 55.655087 44
12.536258 55.655144 45
12.535668 55.655 46
12.536204 55.655052 47
12.535616 55.654907 48
12.536167 55.65496 49
12.535574 55.65482 50
12.536109 55.65487 51
12.536052 55.65478 53
12.536008 55.65469 55
12.535958 55.6546 57
12.53591 55.65451 59
12.53586 55.65442 61
12.535802 55.65431 63
12.536808 55.656914 14A
12.509863 55.66186 1
