12.548986 55.645847 3
12.549091 55.64581 5
12.549213 55.645763 7
12.549366 55.645706 9
12.5496 55.645622 11
12.549655 55.645668 13
12.549798 55.645782 15
12.549915 55.645893 17
12.55004 55.646004 19
12.550067 55.646126 21
12.549889 55.646194 23
12.54969 55.64627 25
12.54953 55.646336 27
12.550192 55.645447 29
12.550137 55.645515 31
12.550183 55.64556 33
12.550204 55.64558 35
12.550236 55.645615 37
12.550256 55.645634 39
12.550301 55.645668 43
12.550344 55.645706 45
12.550371 55.645725 47
12.55039 55.64575 49
12.550416 55.645767 51
12.550436 55.645824 53
12.550522 55.6459 55
12.550705 55.64582 57
12.550928 55.64571 59
12.551107 55.64562 61
12.551242 55.645546 63
12.55139 55.645466 65
12.551273 55.645355 67
12.551252 55.64534 69
12.551231 55.64532 71
12.551213 55.6453 73
12.551165 55.645256 75
12.551144 55.645237 77
12.551123 55.64522 79
12.551106 55.645203 81
12.551054 55.645138 83
12.550829 55.64522 85
12.55058 55.645317 87
12.550363 55.645393 89
12.551571 55.6449 91
12.551512 55.64499 93
12.551629 55.645096 95
12.551726 55.64521 97
12.551769 55.64486 99
12.552035 55.64476 101
12.550279 55.645653 41
12.613465 55.647503 2
