12.525021 55.64516 39
12.525099 55.64527 38
12.524619 55.64555 34
12.526603 55.64473 9
12.525872 55.644764 4
12.525919 55.64458 6
12.524718 55.645313 36
12.526647 55.644573 8A
12.526396 55.644737 7
12.526173 55.644558 6A
12.52479 55.64524 37
12.525006 55.64507 40
12.525698 55.644913 1
12.525803 55.644814 3
12.524785 55.645443 35
12.524033 55.645527 32
12.52539 55.644577 19
12.526424 55.644356 14
12.525642 55.64446 18
12.524886 55.644993 24
12.524474 55.64536 29
12.524718 55.645123 26
12.524976 55.644756 22
12.524408 55.64513 27
12.525923 55.644676 5
12.525221 55.64493 42
12.525678 55.64485 2
12.526366 55.64441 15
12.526278 55.644466 16
12.525092 55.645004 41
12.526512 55.644623 8
12.526828 55.64473 10
12.526487 55.644314 13
12.524349 55.645447 30
12.524418 55.64523 28
12.525114 55.64473 21
12.525021 55.644924 23
12.525311 55.64467 20
12.524782 55.645054 25
12.524273 55.645527 31
12.525784 55.644386 17
12.526549 55.644276 12
12.526665 55.644424 11
12.602477 55.6742 103A
