12.52999 55.647408 3
12.530414 55.6474 4
12.529963 55.647503 5
12.530387 55.647503 6
12.529927 55.647633 7
12.530358 55.647594 8
12.529886 55.647774 9
12.530329 55.647694 10
12.529859 55.6479 11
12.530301 55.647793 12
12.529822 55.64801 13
12.530279 55.647884 14
12.529781 55.648148 15
12.530243 55.647987 16
12.530214 55.648083 18
12.52968 55.648476 19
12.530172 55.648205 20
12.529659 55.64857 21
12.530088 55.648582 22
12.529616 55.648716 23
12.530046 55.64871 24
12.529577 55.648846 25
12.530008 55.648838 26
12.52954 55.648975 27
12.529968 55.648968 28
12.5295 55.64911 29
12.529935 55.649097 30
12.529464 55.649235 31
12.5299 55.649227 32
12.529423 55.649357 33
12.529856 55.649353 34
12.529395 55.649456 35
12.529819 55.64949 36
12.529366 55.64955 37
12.529341 55.649654 39
12.610463 55.66466 2
