12.550943 55.660637 2
12.550473 55.6609 4
12.553023 55.6603 5
12.547052 55.660847 6
12.5459 55.66068 8
12.545267 55.660564 10
12.544988 55.66054 12
12.544362 55.660393 14
12.544333 55.66044 16
12.544299 55.660496 18
12.544275 55.66056 20
12.543883 55.660324 22
12.543862 55.66038 24
12.543835 55.66044 26
12.543815 55.66049 28
12.543438 55.660267 30
12.543394 55.660324 32
12.543372 55.660378 34
12.543349 55.660423 36
12.542965 55.6602 38
12.542925 55.660255 40
12.542901 55.660305 42
12.542879 55.66036 44
12.542912 55.660507 46
12.543011 55.660522 48
12.543121 55.660538 50
12.543227 55.660553 52
12.543567 55.660572 54
12.543537 55.660637 56
12.543511 55.660698 58
12.543483 55.66075 60
12.543455 55.660805 62
12.543892 55.6609 66
12.543991 55.66092 68
12.544106 55.66094 70
12.544209 55.66095 72
12.544321 55.660965 74
12.54443 55.660976 76
12.549323 55.659893 5A
12.543368 55.658646 49
12.542917 55.65881 45A
12.543145 55.658955 45B
12.543239 55.658768 45C
12.544258 55.661045 78
12.543394 55.658047 61
12.543449 55.65853 51
12.543742 55.65799 63
12.543205 55.658287 55
12.543166 55.658394 53
12.543769 55.6582 59
12.543276 55.658134 57
12.547953 55.65904 7
12.542646 55.659637 43
12.543897 55.660217 22A
12.623323 55.636086 1
