12.550619 55.644253 102
12.550837 55.644165 104
12.551159 55.64462 80
12.550894 55.644566 82
12.550679 55.644444 90
12.550561 55.644386 94
12.550514 55.644363 96
12.550465 55.644337 98
12.549154 55.64523 10
12.549095 55.64519 12
12.549046 55.645157 14
12.548991 55.64512 16
12.548938 55.645084 18
12.548674 55.64552 2
12.548881 55.645046 20
12.548827 55.64501 22
12.548766 55.64497 24
12.548782 55.64543 4
12.549001 55.64535 6
12.549218 55.645287 8
12.548705 55.64493 26
12.549347 55.644894 66
12.550007 55.6445 52
12.550494 55.64473 38
12.550286 55.644627 44
12.550391 55.644825 34
12.549311 55.64487 64
12.549624 55.645073 76
12.550128 55.644928 32
12.549235 55.64483 62
12.549382 55.64469 60
12.549666 55.64462 58
12.549424 55.644947 68
12.549854 55.64455 56
12.549991 55.64447 54
12.549885 55.645008 30
12.549453 55.64497 70
12.550729 55.644478 88
12.550186 55.644577 48
12.550146 55.644558 50
12.549523 55.64501 72
12.550245 55.644615 46
12.550362 55.644657 42
12.551232 55.644184 108
12.549802 55.64512 28
12.551476 55.644287 110
12.550592 55.644775 36
12.54967 55.645107 78
12.550842 55.64453 84
12.551624 55.644367 112
12.550497 55.6443 100
12.550613 55.644417 92
12.551031 55.644104 106
12.550411 55.644688 40
12.549558 55.645035 74
12.551334 55.64454 116
12.550783 55.644505 86
