12.538365 55.653458 2
12.538334 55.65307 3
12.538147 55.653416 4
12.538135 55.653023 5
12.537965 55.653355 6
12.537951 55.65298 7
12.537755 55.6533 8
12.537752 55.652927 9
12.537534 55.65324 10
12.537535 55.652878 11
12.537348 55.653202 12
12.537334 55.652832 13
12.537171 55.65316 14
12.537123 55.65278 15
12.53695 55.653103 16
12.536909 55.652725 17
12.536727 55.653053 18
12.536704 55.65268 19
12.536558 55.653008 20
12.536517 55.652634 21
12.536337 55.65295 22
12.536335 55.65259 23
12.535797 55.652824 24
12.53614 55.65254 25
12.535579 55.652763 26
12.535306 55.652287 27
12.535404 55.65271 28
12.534953 55.652187 29
12.535191 55.652657 30
12.534613 55.652096 31
12.534981 55.65259 32
12.534802 55.65254 34
12.532376 55.651363 35
12.534625 55.652493 36
12.531611 55.651073 37
12.534421 55.65243 38
12.530935 55.650867 39
12.53421 55.65237 40
12.530048 55.65044 41
12.534036 55.65232 42
12.530183 55.65031 43
12.53381 55.652252 44
12.530329 55.65017 45
12.530478 55.65003 47
12.529721 55.650463 49
12.529534 55.6504 51
12.529308 55.650322 53
12.529062 55.650238 55
12.532365 55.651787 58
12.532265 55.65188 60
12.532176 55.651966 62
12.531919 55.6516 64
12.531845 55.651672 66
12.531769 55.65175 68
12.531693 55.651825 70
12.531445 55.651455 72
12.531363 55.65153 74
12.53128 55.651608 76
12.531201 55.651684 78
12.530982 55.65129 80
12.530857 55.651413 82
12.530742 55.65152 84
12.53051 55.651134 86
12.530403 55.65123 88
12.530306 55.65132 90
12.530215 55.651413 92
12.530674 55.651535 94
12.530046 55.65098 96
12.529944 55.65107 98
12.529827 55.651176 100
12.529728 55.651276 102
12.529604 55.65079 104
12.529522 55.650864 106
12.529426 55.650955 108
12.529332 55.65104 110
12.529248 55.65113 112
12.529125 55.650646 114
12.529035 55.650734 116
12.528945 55.650814 118
12.528851 55.6509 120
12.52876 55.65099 122
12.528691 55.650524 124
12.528529 55.650524 126
12.528423 55.650616 128
12.528395 55.65071 130
12.528367 55.650795 132
12.528344 55.65087 134
12.530725 55.650185 39A
12.605235 55.684402 1
