12.502284 55.64296 1B
12.502415 55.64312 1C
12.502657 55.643 1D
12.502527 55.643326 1E
12.502885 55.64292 1F
12.502748 55.643276 1G
12.503038 55.643044 1H
12.502959 55.64324 1K
12.503172 55.64321 1L
12.502068 55.642593 2
12.50452 55.6421 6
12.504906 55.642025 8
12.505859 55.640484 10
12.506981 55.64233 11
12.508003 55.642742 15
12.502868 55.64167 4
12.503968 55.642788 7
12.506791 55.64306 11D
12.505394 55.640297 12
12.509775 55.636192 22
12.505526 55.642277 9
12.502942 55.642796 1M
12.501798 55.642574 2B
12.511316 55.6366 24
12.606937 55.568317 1
