12.53538 55.652283 2
12.53629 55.652313 3
12.535597 55.6522 4
12.536455 55.65225 5
12.535759 55.652138 6
12.536618 55.652187 7
12.535928 55.652073 8
12.536837 55.652103 9
12.536093 55.652016 10
12.536999 55.65204 11
12.536362 55.651913 12
12.537168 55.651978 13
12.536524 55.651848 14
12.537326 55.651913 15
12.536687 55.65179 16
12.538213 55.651608 17
12.536852 55.65173 18
12.538436 55.651646 19
12.53708 55.65164 20
12.538646 55.651684 21
12.537716 55.651447 22
12.538832 55.651714 23
12.537882 55.651386 24
12.53904 55.651752 25
12.538146 55.651337 26
12.539238 55.651783 27
12.538697 55.651356 28
12.538819 55.65144 30
12.538988 55.65147 32
12.539183 55.651505 34
12.539374 55.65154 36
12.594403 55.665646 2
