12.51587 55.65066 2
12.515168 55.650684 3
12.515805 55.65079 4
12.514894 55.650692 5
12.515919 55.651012 6
12.514991 55.650818 7
12.514567 55.65083 7B
12.516386 55.65112 8
12.515264 55.65081 9
12.515537 55.6508 11
12.515835 55.651134 12
12.515476 55.651024 13
12.51594 55.651356 14
12.515204 55.651035 15
12.516216 55.651344 16
12.51493 55.65104 17
12.515027 55.65116 19
12.516147 55.651478 20
12.515296 55.651154 21
12.515872 55.651485 22
12.515569 55.651146 23
12.515974 55.651695 24
12.515236 55.651375 27
12.514966 55.651386 29
12.514725 55.65172 31
12.51506 55.651512 33
12.515334 55.651505 35
12.515605 55.651493 37
12.515543 55.65171 39
12.515272 55.65172 41
12.515 55.651733 43
12.515366 55.65185 47
12.516182 55.65113 10
12.514766 55.65185 45
12.515513 55.651367 25
12.623263 55.640858 2
