12.540963 55.65292 12
12.542842 55.6533 13
12.542364 55.652954 15
12.539271 55.651142 22
12.538947 55.649456 23
12.539196 55.651073 24
12.53811 55.64914 25
12.538965 55.651016 26
12.538824 55.651066 28
12.538296 55.64855 29
12.538654 55.651115 30
12.537237 55.64832 31
12.538501 55.65116 32
12.538271 55.650986 34
12.536252 55.64679 35
12.538428 55.65094 36
12.538588 55.650883 38
12.538747 55.65083 40
12.538781 55.650677 42
12.538685 55.65058 44
12.53851 55.650417 46
12.538406 55.65031 48
12.538162 55.650265 50
12.537982 55.65033 52
12.537841 55.65038 54
12.538146 55.65006 56
12.538048 55.64997 58
12.537808 55.649918 60
12.537629 55.64998 62
12.537471 55.650032 64
12.53778 55.649715 66
12.537684 55.649624 68
12.53741 55.649586 70
12.537174 55.649666 72
12.53742 55.64937 74
12.537319 55.649277 76
12.537063 55.649235 78
12.536869 55.6493 80
12.536692 55.649357 82
12.537058 55.64902 84
12.536956 55.648933 86
12.536705 55.648884 88
12.536488 55.648952 90
12.536306 55.649014 92
12.536693 55.648674 94
12.536589 55.648582 96
12.535276 55.647835 100
12.535117 55.647354 110
12.540191 55.652073 18
12.542769 55.6535 11
12.54039 55.652332 14
12.541172 55.652287 17
12.564781 55.681877 1
