12.528384 55.64718 3
12.528356 55.647266 5
12.528335 55.64735 7
12.528611 55.647327 7A
12.528317 55.64742 9
12.52933 55.647514 10
12.528299 55.647495 11
12.529301 55.64762 12
12.52828 55.64757 13
12.529264 55.647747 14
12.528256 55.647655 15
12.529234 55.64786 16
12.528223 55.64774 17
12.528199 55.647827 19
12.52904 55.64839 20
12.528175 55.64792 21
12.528991 55.648537 22
12.528154 55.647995 23
12.528951 55.64866 24
12.528915 55.64879 26
12.52801 55.648407 27A
12.527972 55.64856 27B
12.527942 55.648674 27C
12.528879 55.648914 28
12.527916 55.648758 29
12.528843 55.649048 30
12.527892 55.648846 31
12.528804 55.649185 32
12.527868 55.64894 33
12.528763 55.649296 34
12.527841 55.649048 35
12.528732 55.649395 36
12.527807 55.64916 37
12.528703 55.64949 38
12.527767 55.649303 39
12.528678 55.64959 40
12.527724 55.649464 41
12.528726 55.64974 42
12.527573 55.649628 43
12.527189 55.649933 45
12.528497 55.650486 46
12.527385 55.65038 47
12.527425 55.65048 49
12.527395 55.65058 51
12.527366 55.650684 53
12.527335 55.65079 55
12.527301 55.650894 57
12.528343 55.649796 42A
12.528081 55.649826 42B
12.528046 55.648315 25
