12.558265 55.65933 2
12.558421 55.659355 4
12.558606 55.65938 6
12.55873 55.659397 8
12.558879 55.659416 10
12.559025 55.65944 12
12.559178 55.659462 14
12.559327 55.659485 16
12.559494 55.659508 18
12.559641 55.659527 20
12.559762 55.659576 22
12.560123 55.659676 24
12.560294 55.659626 26
12.560572 55.659622 28
12.560678 55.65962 30
12.560774 55.65962 32
12.560914 55.6596 34
12.561043 55.659576 36
12.561154 55.6596 42
12.560747 55.659657 44
12.560162 55.659714 46
12.56011 55.65986 48
12.561136 55.659534 38
12.561271 55.659554 40
12.560208 55.660114 50
12.576192 55.680984 2
