12.520796 55.649483 4
12.521335 55.649055 5
12.521576 55.648838 7
12.520889 55.649155 8
12.520887 55.649036 10
12.520922 55.648933 12
12.521139 55.648838 14
12.52102 55.648705 16
12.521163 55.64863 18
12.5213 55.648537 20A
12.52114 55.648506 20B
12.521408 55.648335 20C
12.521401 55.648155 20D
12.521492 55.648033 20E
12.521683 55.648228 20F
12.522894 55.64782 21
12.521957 55.647873 22
12.523075 55.647945 23
12.522092 55.647755 24
12.522247 55.647274 24B
12.522789 55.647373 26A
12.522886 55.647255 26B
12.523068 55.64719 26C
12.523166 55.647118 26D
12.522678 55.647236 28A
12.522763 55.647083 28B
12.522934 55.647057 28C
12.522998 55.64695 28D
12.523155 55.64694 28E
12.522375 55.64717 30A
12.522587 55.647022 30B
12.522758 55.64685 30C
12.522931 55.64675 30D
12.523296 55.646782 32
12.523401 55.646633 34
12.523743 55.64658 36
12.520851 55.64798 2D
12.520791 55.64937 6
12.521102 55.64965 1B
12.525015 55.64554 44
12.524676 55.645775 40
12.524861 55.645653 42
12.525151 55.64538 46
12.527689 55.68327 1
