12.531562 55.64741 2
12.531077 55.647484 3
12.531489 55.647522 4
12.531044 55.647614 5
12.531455 55.647655 6
12.531014 55.647713 7
12.531433 55.647755 8
12.530982 55.647823 9
12.531408 55.64785 10
12.530965 55.647907 11
12.531374 55.647945 12
12.530934 55.648006 13
12.531348 55.64804 14
12.530893 55.648136 15
12.531308 55.648174 16
12.530853 55.64827 17
12.531283 55.648308 18
12.530752 55.648624 19
12.530711 55.64877 21
12.531134 55.648804 22
12.530672 55.648903 23
12.531065 55.649197 24
12.530637 55.64903 25
12.531142 55.649414 26
12.530599 55.649162 27
12.53056 55.649292 29
12.530524 55.64942 31
12.530487 55.649563 33
12.609969 55.6576 10
