12.526866 55.648354 2
12.52663 55.648388 4
12.525554 55.64849 5
12.526473 55.648445 6
12.525413 55.648537 7
12.526295 55.648502 8
12.525284 55.648575 9
12.526127 55.64856 10
12.525141 55.648624 11
12.525883 55.64864 12
12.525003 55.648666 13
12.525756 55.648678 14
12.525636 55.64872 16
12.525466 55.648773 18
12.525305 55.648823 20
12.524661 55.64905 22
12.524313 55.648903 23
12.524172 55.64895 25
12.523944 55.64903 27
12.523687 55.649117 29
12.523493 55.649178 31
12.522662 55.649475 35
12.521843 55.649563 37
12.521266 55.64984 43
12.526207 55.648193 3
12.523275 55.649246 33
12.63845 55.588593 1
