12.544796 55.653576 1
12.54314 55.65339 2
12.546504 55.652756 3
12.545762 55.652428 12
12.546747 55.652275 14
12.547508 55.652184 16
12.550027 55.65272 25
12.550503 55.652462 27
12.552729 55.652355 33
12.553032 55.652245 35
12.553464 55.651398 37
12.554398 55.651 39
12.543303 55.653294 4
12.544204 55.65279 6A
12.544386 55.652725 6B
12.544573 55.652657 6C
12.544767 55.652584 6D
12.544949 55.652523 6E
12.545099 55.652374 8A
12.545072 55.652252 8B
12.545034 55.65213 8C
12.554862 55.650257 50
12.547717 55.652164 18
12.547973 55.65211 20
12.548036 55.65199 22
12.548032 55.65187 24
12.548332 55.652172 26
12.548536 55.652176 28
12.548855 55.652084 28A
12.548791 55.652126 30
12.548834 55.652 32
12.548827 55.65184 34
12.550373 55.652138 38
12.55506 55.6502 52
12.555198 55.65015 54
12.555408 55.65006 56
12.555641 55.64998 58
12.555782 55.649925 60
12.555683 55.64985 62
12.555552 55.649723 64
12.555741 55.649754 64A
12.555595 55.649628 64B
12.555462 55.64965 66
12.555412 55.649574 66A
12.555241 55.649708 68
12.555266 55.649616 68A
12.555009 55.649788 70
12.555066 55.64969 70A
12.554887 55.649837 72
12.554772 55.649796 72A
12.554622 55.64993 74
12.554696 55.649826 74A
12.554527 55.649963 76
12.554474 55.6499 76A
12.554685 55.65009 78
12.554793 55.650196 80
12.545895 55.652355 12A
12.54349 55.653255 4A
12.546287 55.652287 12C
12.543614 55.653214 4B
12.546074 55.65232 12B
12.545585 55.652187 10B
12.543795 55.65315 4C
12.545601 55.652065 10C
12.54675 55.652203 12E
12.545621 55.651985 10D
12.546911 55.652084 14A
12.54652 55.65224 12D
12.546941 55.651966 14B
12.552619 55.65245 33A
12.54548 55.65229 10A
12.55247 55.651917 31
12.54599 55.651608 10E
12.549142 55.65219 36
12.555695 55.650524 41
12.549453 55.6522 36B
12.546324 55.651585 10F
12.620691 55.632614 1
