12.550371 55.6439 41
12.550671 55.643776 43
12.547247 55.644722 1
12.547517 55.644913 11
12.547639 55.64491 13
12.547841 55.64483 15
12.548062 55.64475 17
12.548321 55.64467 19
12.547352 55.644802 5
12.547414 55.644848 7
12.547464 55.644886 9
12.548095 55.64446 23
12.548214 55.644566 21
12.550916 55.64368 45
12.547895 55.644436 25
12.548588 55.644283 27
12.548997 55.64423 31
12.547295 55.644756 3
12.548768 55.644318 29
12.54923 55.644157 33
12.54946 55.644066 35
12.550189 55.644005 39
12.582456 55.676937 2
