12.534144 55.64717 3A
12.534169 55.647068 3B
12.534206 55.646946 3C
12.534236 55.646828 3D
12.534269 55.64673 3E
12.533815 55.64768 4
12.533769 55.64731 5A
12.533543 55.64729 5B
12.533347 55.64727 5C
12.533172 55.647255 5D
12.533034 55.647602 6
12.532811 55.64714 7A
12.53283 55.64705 7B
12.53286 55.646942 7C
12.532894 55.646824 7D
12.532931 55.6467 7E
12.532959 55.646595 7F
12.532986 55.646496 7G
12.533019 55.64639 7H
12.532775 55.64758 8
12.533084 55.646275 9A
12.533118 55.646164 9B
12.533161 55.64603 9C
12.533198 55.645905 9D
12.532007 55.64737 10
12.533589 55.646507 11A
12.533793 55.646526 11B
12.534003 55.646545 11C
12.531776 55.64735 12
12.531037 55.647274 14
12.531426 55.647152 14A
12.530786 55.64726 16
12.530613 55.647243 18
12.528545 55.645855 23
12.528522 55.6465 29
12.527203 55.646923 32
12.528088 55.64678 33A
12.5271 55.64692 34
12.526925 55.646896 36
12.527346 55.646717 37
12.526741 55.64688 38
12.526284 55.646618 41
12.525753 55.646564 43
12.525174 55.646515 45
12.524983 55.646496 47
12.530057 55.64671 19A
12.528276 55.646694 31
12.529608 55.646782 19
12.528399 55.6468 33
12.574428 55.689926 1
