12.570136 55.67784 2
12.569828 55.67787 3
12.569717 55.677986 5
12.569666 55.677963 5A
12.569365 55.67789 5B
12.570011 55.677963 6
12.56961 55.678093 7
12.569254 55.677994 7A
12.569919 55.678074 8
12.569547 55.678154 9
12.569764 55.678246 10
12.569481 55.678215 11
12.569661 55.678307 12
12.569424 55.678288 13
12.569588 55.678375 14
12.569329 55.67838 15
12.569523 55.67845 16
12.569083 55.678574 17
12.569283 55.67864 18
12.568973 55.678688 19
12.569212 55.678722 20
12.569301 55.67883 20A
12.569422 55.67879 20B
12.568874 55.678787 21
12.569129 55.6788 22
12.56903 55.678898 24
12.568741 55.67894 25
12.56896 55.67898 26
12.568799 55.67888 23A
12.56879 55.678837 23B
12.568632 55.678795 23C
12.569283 55.67799 7B
12.569723 55.67827 10B
12.569084 55.678036 9A
12.569755 55.679485 1
