12.585484 55.681908 3
12.585568 55.682 5A
12.585589 55.682026 5B
12.585611 55.682056 5C
12.585638 55.681652 6
12.585625 55.68208 7A
12.585603 55.682083 7B
12.585582 55.68209 7C
12.585619 55.68211 7D
12.585649 55.682106 7E
12.585357 55.68212 9
12.585713 55.681732 10
12.585406 55.6822 11
12.585761 55.681793 12
12.586039 55.681713 12A
12.585374 55.682224 13
12.585858 55.681885 14
12.586325 55.681873 14C
12.586022 55.681786 14D
12.585494 55.682312 15
12.585675 55.682137 17A
12.585706 55.682167 17B
12.585912 55.681942 18
12.585726 55.682194 19A
12.585754 55.682228 19B
12.58578 55.682255 19C
12.58596 55.682003 20
12.585881 55.682373 21
12.585816 55.682304 21A
12.586001 55.682053 22
12.586008 55.682514 23
12.585487 55.682587 23A
12.586042 55.682106 24
12.586067 55.6826 25
12.585654 55.68268 25A
12.58612 55.682186 26
12.586152 55.68271 27
12.586281 55.682384 30
12.586358 55.68248 32
12.586425 55.68241 32A
12.586448 55.682564 34
12.5865 55.682625 36
12.586571 55.68272 38
12.586699 55.68286 40
12.587739 55.682457 40C
12.587465 55.682514 40D
12.587107 55.682724 40G
12.58676 55.682827 40H
12.586776 55.68296 42
12.586982 55.68289 42A
12.586844 55.683056 44
12.587316 55.682938 44B
12.586644 55.683243 45
12.586917 55.683132 46
12.586795 55.683475 47
12.586983 55.683212 48
12.587107 55.683826 49
12.587043 55.683296 50
12.587092 55.68337 52A
12.587144 55.68337 52B
12.587114 55.68339 52C
12.587324 55.68332 52D
12.587254 55.684 53
12.587159 55.68343 54
12.587319 55.684067 55
12.587209 55.68348 56
12.587379 55.68414 57
12.587152 55.684216 57A
12.587426 55.684193 57B
12.587385 55.683693 58
12.587438 55.68436 59A
12.587204 55.684357 59B
12.587322 55.68448 59C
12.587161 55.684505 59D
12.586934 55.6843 59E
12.587505 55.68436 59F
12.587535 55.6844 59G
12.587477 55.683796 60
12.5876 55.68447 61
12.587125 55.6846 61A
12.587337 55.6846 61B
12.587571 55.683914 62
12.588013 55.68378 62A
12.587889 55.68379 62B
12.58777 55.68461 63
12.58686 55.68484 63A
12.587413 55.684635 63C
12.587652 55.68401 64
12.587884 55.68472 65
12.587826 55.684734 65A
12.587632 55.684803 65B
12.587393 55.684845 65C
12.587752 55.68412 66
12.587953 55.684822 67A
12.587447 55.684933 67B
12.587338 55.685116 67C
12.587683 55.684845 67D
12.587884 55.68428 68
12.588262 55.684284 68A
12.58812 55.68412 68B
12.588052 55.684944 69
12.588017 55.684914 69A
12.588341 55.68434 70A
12.588142 55.68504 71
12.587717 55.685154 71A
12.588135 55.68457 72
12.588325 55.684467 72A
12.588225 55.685123 73
12.588286 55.684746 74
12.588288 55.685204 75
12.588009 55.68517 75B
12.587827 55.685257 75C
12.588371 55.684868 76
12.588373 55.685326 77
12.587847 55.68546 77A
12.587876 55.685387 77B
12.58843 55.684937 78
12.588462 55.68498 80
12.58849 55.685574 81A
12.588042 55.68566 81B
12.588089 55.685764 81C
12.587749 55.68571 81D
12.588579 55.685535 81E
12.588626 55.6856 81F
12.588504 55.68502 82
12.588768 55.68577 83
12.588666 55.685665 83A
12.588696 55.6857 83B
12.58874 55.685738 83C
12.588532 55.68506 84
12.58896 55.68601 85
12.58881 55.685368 86
12.589195 55.68626 87
12.58897 55.68556 88
12.58925 55.686325 89
12.589098 55.6857 90
12.589381 55.685684 90A
12.589305 55.686405 91
12.589227 55.685875 92
12.589303 55.685818 92A
12.589473 55.686607 93
12.589338 55.685974 94
12.589558 55.686707 95
12.589514 55.686188 96
12.589735 55.686913 97
12.589834 55.687027 99
12.589609 55.68629 100
12.589926 55.687134 101
12.590033 55.68727 103
12.589835 55.686573 106
12.589943 55.68649 106A
12.590013 55.686474 106B
12.589993 55.686745 108
12.590488 55.686733 108A
12.590399 55.686626 108B
12.590345 55.686558 108C
12.590485 55.68652 108D
12.590701 55.686462 108E
12.590786 55.68644 108F
12.590587 55.686493 108G
12.590229 55.687054 110
12.590268 55.687004 110A
12.590578 55.686985 110B
12.590659 55.68682 110C
12.590954 55.686745 110D
12.590959 55.686913 110E
12.590759 55.68696 110F
12.590293 55.687126 112
12.590441 55.68708 112A
12.590357 55.6872 114
12.590415 55.68753 116
12.590231 55.68791 118
12.589954 55.688457 122
12.589738 55.68893 124
12.589641 55.68909 126
12.589459 55.689487 128
12.589364 55.68968 130
12.589268 55.689865 132
12.589278 55.690125 134A
12.589082 55.690266 134B
12.585782 55.68238 21B
12.585556 55.68235 21C
12.585423 55.682396 21D
12.585446 55.68245 21E
12.585515 55.682518 21F
12.585859 55.682465 21G
12.585945 55.682453 21H
12.587483 55.68456 61C
12.5877 55.684494 61D
12.588694 55.684284 72B
12.588876 55.68436 72C
12.588839 55.68446 72D
12.588687 55.684555 72E
12.588525 55.684547 72F
12.588175 55.684628 72H
12.588437 55.685455 79A
12.588225 55.685547 79B
12.587949 55.68557 79C
12.589446 55.685875 92B
12.589664 55.68572 92C
12.589701 55.68577 92D
12.589818 55.687733 107
12.589373 55.688835 113
12.589309 55.688995 115
12.590399 55.687565 116A
12.590382 55.687603 116B
12.59036 55.68765 116C
12.589102 55.68942 119
12.588989 55.68966 121
12.588959 55.68973 123
12.588917 55.6898 125
12.588885 55.689877 127
12.588845 55.689953 129
12.588815 55.69002 131
12.588782 55.690098 133
12.588739 55.690174 135
12.588705 55.690247 137
12.588644 55.69033 139
12.588578 55.6904 141
12.588528 55.690464 143
12.588469 55.690536 145
12.588414 55.690605 147
12.588352 55.690678 149
12.588293 55.690746 151
12.590486 55.686863 110G
12.590518 55.686905 110H
12.588652 55.68522 84A
12.588029 55.68444 70
12.585484 55.68265 23B
12.586915 55.684196 53A
12.586561 55.6842 53B
12.586499 55.684315 53C
12.586434 55.684208 53D
12.586403 55.68417 53E
12.587368 55.684093 55A
12.588061 55.68497 69B
12.587632 55.685024 69C
12.587579 55.68504 69D
12.587657 55.68508 69E
12.587579 55.685272 75D
12.587666 55.685375 75E
12.587846 55.685303 75F
12.586375 55.68413 53F
12.587065 55.68302 44A
12.588164 55.684032 66B
12.586266 55.681995 24B
12.587076 55.68336 52
12.588449 55.685417 79
12.587921 55.68479 67
12.58808 55.684406 70B
12.588613 55.68559 81
12.587482 55.68426 59
12.585317 55.681976 3A
12.588229 55.685207 75A
12.589806 55.686577 104
12.610774 55.64181 8
