12.536624 55.67004 2B
12.53646 55.66999 2C
12.5363 55.669945 2D
12.536037 55.669876 4
12.535204 55.669865 6
12.535316 55.669743 8
12.535271 55.669643 10
12.535094 55.669594 12
12.534701 55.669197 15A
12.534893 55.66957 16
12.534167 55.669098 17
12.534627 55.66949 18
12.533556 55.66889 19
12.534087 55.669334 20
12.53289 55.668575 21
12.533896 55.66928 22
12.532048 55.668446 23
12.533384 55.669132 24
12.533171 55.669075 26
12.5329 55.668995 28
12.532157 55.668743 32
12.531646 55.66886 34
12.531667 55.66861 36
12.532333 55.668797 30
12.534536 55.66915 15
12.53713 55.66998 3D
12.531764 55.668186 25
12.537411 55.670025 3A
