12.547005 55.683994 3A
12.547185 55.683945 3B
12.547296 55.684227 3C
12.547328 55.684093 3D
12.54681 55.683765 4
12.547384 55.68388 5
12.546935 55.6837 6
12.547591 55.683807 7
12.547303 55.683666 8
12.547822 55.683743 9
12.548037 55.684006 11
12.547354 55.683414 12
12.548109 55.684135 13
12.54818 55.68426 15
12.54825 55.684383 17
12.548465 55.68404 20A
12.548751 55.68396 20B
12.548946 55.684017 20C
12.547907 55.68473 21
12.548538 55.684208 22
12.548507 55.68484 23
12.548656 55.684395 24
12.548585 55.68498 25
12.549084 55.6844 26A
12.548842 55.684444 26B
12.548815 55.684597 28
12.548883 55.684826 30
12.563258 55.667515 44
