12.539878 55.66988 1B
12.539951 55.66979 1C
12.539413 55.670044 2
12.539993 55.6697 3A
12.540052 55.669617 3B
12.539469 55.669964 4
12.540133 55.66951 5
12.539552 55.669823 6
12.540256 55.66939 7
12.540622 55.669514 7A
12.539762 55.669437 8
12.539837 55.669212 12
12.539811 55.66894 14
12.540199 55.669003 15
12.539806 55.668873 16
12.540251 55.668777 17
12.539803 55.668816 18
12.540336 55.668697 19
12.539807 55.668766 20
12.540428 55.66861 21
12.539806 55.668713 22
12.539804 55.668655 24
12.539803 55.668602 26
12.539803 55.66855 28
12.539801 55.668495 30
12.539805 55.66844 32
12.540391 55.668262 33
12.539806 55.668385 34
12.540343 55.668137 35
12.540287 55.668026 37
12.540219 55.667908 39
12.540145 55.66778 41
12.539809 55.668087 42
12.540069 55.66764 43
12.539777 55.668 44
12.540009 55.667522 45
12.539742 55.66794 46
12.539944 55.667393 47
12.539714 55.66789 48
12.53987 55.667255 49
12.539691 55.667843 50
12.539797 55.66712 51
12.539662 55.66779 52
12.539737 55.667004 53
12.539646 55.66774 54
12.539666 55.66688 55
12.539553 55.66749 56
12.539617 55.666782 57
12.539533 55.666626 59
12.539344 55.66633 61
12.539282 55.666218 63
12.539209 55.666084 65
12.539127 55.665924 67
12.539054 55.665783 69
12.538971 55.665638 71
12.53891 55.665516 73
12.538727 55.665154 75
12.538609 55.664955 77
12.538522 55.664783 79
12.538265 55.66429 87
12.538175 55.66413 89
12.538068 55.663925 91
