12.554595 55.684155 2
12.554403 55.683662 3
12.554235 55.683544 5
12.554063 55.6838 6A
12.55382 55.684006 6B
12.554073 55.683437 7
12.553883 55.683678 8
12.553914 55.68333 9
12.553682 55.683537 10A
12.553564 55.68346 10B
12.553751 55.68322 11
12.553256 55.683254 12
12.553414 55.68336 12A
12.553599 55.68312 13
12.552967 55.683292 14
12.553477 55.683025 15
12.55288 55.683056 19
12.55445 55.68406 4
12.554296 55.683956 4A
12.553291 55.682945 17
12.554785 55.683773 1A
12.553767 55.682796 17A
12.552688 55.683033 19A
12.510081 55.66257 1
