12.559374 55.67568 8
12.559293 55.67597 10
12.559444 55.67635 12
12.559469 55.676476 14
12.559525 55.676655 16
12.559559 55.67682 18
12.559624 55.677002 20
12.559668 55.677185 22
12.559716 55.677364 24
12.559865 55.678032 42
12.559957 55.678238 44
12.559998 55.678383 46
12.560046 55.67852 48
12.560081 55.67866 50
12.560115 55.678802 52
12.560154 55.678944 54
12.560189 55.67909 56
12.560236 55.67923 58
12.560862 55.680153 58B
12.560269 55.67937 60
12.560304 55.67951 62
12.56034 55.67964 64
12.560375 55.67978 66
12.560413 55.679913 68
12.56045 55.680054 70
12.560492 55.680183 72
12.560528 55.680317 74
12.560561 55.68045 76
12.560599 55.68058 78
12.559154 55.675335 4
12.558973 55.674812 2
12.566258 55.678288 2
