12.547765 55.66736 2
12.547723 55.666943 3
12.547552 55.667625 4
12.54713 55.6669 5
12.547002 55.66759 6
12.546866 55.666885 7
12.546725 55.667572 8
12.546661 55.666866 9
12.546492 55.66756 10
12.546397 55.666855 11
12.546243 55.667534 12
12.545778 55.666798 13
12.545667 55.667496 14
12.545601 55.666737 15
12.545439 55.66751 16
12.545435 55.666656 17
12.545474 55.66658 17A
12.54561 55.66647 17B
12.545053 55.667583 18
12.544664 55.66762 20
12.544949 55.66645 21
12.544378 55.666233 23
12.544538 55.66624 23A
12.544686 55.666126 23B
12.544116 55.666134 25
12.544293 55.666527 27
12.547335 55.66735 4A
12.546003 55.66718 11A
12.545318 55.667137 13B
12.54601 55.671436 1
