12.575481 55.66956 3
12.574042 55.668827 5
12.570675 55.667023 31
12.570116 55.666706 33
12.569652 55.666485 35
12.569277 55.66637 37
12.568344 55.665897 39
12.56834 55.665768 41
12.567677 55.665634 43
12.566409 55.665005 45
12.56241 55.662933 57
12.561475 55.66273 59
12.574913 55.66947 3B
12.572377 55.667507 9
12.570919 55.667965 24
12.569235 55.66731 32
12.565254 55.663937 47
12.564978 55.664116 49
12.564431 55.663902 51
12.563208 55.66335 53
12.567306 55.665207 43A
12.565391 55.66347 55
12.573736 55.66954 10
12.573361 55.669327 12
12.569788 55.66756 30
12.568499 55.66699 34
12.57364 55.667843 7
12.575948 55.669136 3C
12.570182 55.667828 28
12.56796 55.66684 36
12.558447 55.66157 75
12.560047 55.66322 60
12.570906 55.668064 24
12.609356 55.574974 32
