12.544628 55.678944 10
12.545057 55.67919 11
12.544951 55.67882 12
12.545283 55.679096 13
12.545325 55.678738 14
12.545583 55.679035 15
12.545612 55.678757 16A
12.545699 55.67866 16B
12.545818 55.67863 16C
12.54628 55.67888 17
12.54603 55.678627 18
12.546551 55.678818 19
12.54326 55.67926 2
12.546358 55.67857 20
12.546795 55.678764 21
12.546868 55.678463 22
12.546659 55.67848 22A
12.546768 55.67848 22B
12.547037 55.67865 23
12.546976 55.678432 24
12.543366 55.67927 2A
12.543818 55.679462 3
12.544283 55.678974 8
12.544734 55.679283 9A
12.544874 55.67923 9B
12.543586 55.6791 4A
12.543795 55.679054 4B
12.543867 55.679165 4C
12.544207 55.679436 5
12.544059 55.679024 6
12.544605 55.67931 7
12.619395 55.63762 1
