15.144083 55.116875 28
15.144721 55.117737 30
15.144471 55.11855 32
15.144867 55.11926 38
15.146516 55.097397 39
15.14522 55.11999 40
15.144917 55.11982 40A
15.146539 55.122673 42
15.145443 55.09907 43
15.147582 55.12282 44
15.145073 55.099297 45
15.144435 55.0988 45A
15.148764 55.1223 46
15.14628 55.12205 46A
15.144921 55.099773 47
15.15 55.122063 48
15.144861 55.099922 49
15.138632 55.105442 51
15.140589 55.113422 53
15.142469 55.114418 55
15.142775 55.114216 57
15.14309 55.114758 59
15.143669 55.118504 61
15.143588 55.11908 63
15.143843 55.118843 65
15.14394 55.1191 67
15.144015 55.11954 69
15.144108 55.119987 71A
15.143841 55.121487 71B
15.138865 55.12241 73
15.143626 55.12046 73A
15.145024 55.12193 75
15.145609 55.12342 77
15.145864 55.123714 79
15.141741 55.12565 81
15.141327 55.125416 81A
15.141033 55.125427 81B
15.140957 55.125553 81C
15.140977 55.125637 81D
15.140986 55.125725 81E
15.140035 55.12515 81F
15.136882 55.112972 51B
15.143228 55.119793 73B
15.131917 55.06345 1
