15.136612 55.113247 2
15.13804 55.109898 3
15.130324 55.113735 4
15.131759 55.1095 5
15.119555 55.112198 6
15.132364 55.105904 7
15.114081 55.110607 8
15.120636 55.10822 9
15.116335 55.10965 11
15.114018 55.109497 15
15.139363 55.077408 1A
15.136612 55.113247 2
15.13804 55.109898 3
15.130324 55.113735 4
15.131759 55.1095 5
15.119555 55.112198 6
15.132364 55.105904 7
15.114081 55.110607 8
15.120636 55.10822 9
15.116335 55.10965 11
15.114018 55.109497 15
15.139363 55.077408 1A
15.136612 55.113247 2
15.13804 55.109898 3
15.130324 55.113735 4
15.131759 55.1095 5
15.119555 55.112198 6
15.132364 55.105904 7
15.114081 55.110607 8
15.120636 55.10822 9
15.116335 55.10965 11
15.114018 55.109497 15
15.139363 55.077408 1A
15.136612 55.113247 2
15.13804 55.109898 3
15.130324 55.113735 4
15.131759 55.1095 5
15.119555 55.112198 6
15.132364 55.105904 7
15.114081 55.110607 8
15.120636 55.10822 9
15.116335 55.10965 11
15.114018 55.109497 15
15.139363 55.077408 1A
15.136612 55.113247 2
15.13804 55.109898 3
15.130324 55.113735 4
15.131759 55.1095 5
15.119555 55.112198 6
15.132364 55.105904 7
15.114081 55.110607 8
15.120636 55.10822 9
15.116335 55.10965 11
15.114018 55.109497 15
15.139363 55.077408 1A
15.136612 55.113247 2
15.13804 55.109898 3
15.130324 55.113735 4
15.131759 55.1095 5
15.119555 55.112198 6
15.132364 55.105904 7
15.114081 55.110607 8
15.120636 55.10822 9
15.116335 55.10965 11
15.114018 55.109497 15
15.139363 55.077408 1A
