15.145461 55.1316 2
15.145223 55.131355 3
15.145218 55.131557 4
15.1451 55.131325 5
15.144912 55.131268 7
15.145195 55.131176 11
15.145313 55.131207 13
15.145517 55.131126 15
15.145567 55.131058 17
15.144963 55.131203 9
15.145461 55.1316 2
15.145223 55.131355 3
15.145218 55.131557 4
15.1451 55.131325 5
15.144912 55.131268 7
15.145195 55.131176 11
15.145313 55.131207 13
15.145517 55.131126 15
15.145567 55.131058 17
15.144963 55.131203 9
15.145461 55.1316 2
15.145223 55.131355 3
15.145218 55.131557 4
15.1451 55.131325 5
15.144912 55.131268 7
15.145195 55.131176 11
15.145313 55.131207 13
15.145517 55.131126 15
15.145567 55.131058 17
15.144963 55.131203 9
15.145461 55.1316 2
15.145223 55.131355 3
15.145218 55.131557 4
15.1451 55.131325 5
15.144912 55.131268 7
15.145195 55.131176 11
15.145313 55.131207 13
15.145517 55.131126 15
15.145567 55.131058 17
15.144963 55.131203 9
15.145461 55.1316 2
15.145223 55.131355 3
15.145218 55.131557 4
15.1451 55.131325 5
15.144912 55.131268 7
15.145195 55.131176 11
15.145313 55.131207 13
15.145517 55.131126 15
15.145567 55.131058 17
15.144963 55.131203 9
15.145461 55.1316 2
15.145223 55.131355 3
15.145218 55.131557 4
15.1451 55.131325 5
15.144912 55.131268 7
15.145195 55.131176 11
15.145313 55.131207 13
15.145517 55.131126 15
15.145567 55.131058 17
15.144963 55.131203 9
