15.13552 55.139072 1
15.134887 55.139 2
15.13528 55.138912 3
15.134775 55.13883 4
15.135143 55.13872 5
15.134589 55.13857 6
15.135536 55.138523 7
15.13438 55.13839 8
15.13513 55.138523 9
15.1347 55.13825 10
15.135491 55.138268 11
15.134753 55.13809 12
15.135132 55.138172 13
15.13486 55.13792 14
15.135252 55.137974 15
15.135012 55.137775 16
15.135498 55.13781 17
15.135223 55.13764 18
15.135752 55.137695 19
15.135107 55.137455 20
15.136003 55.137547 21
15.135407 55.137264 22
15.136244 55.13742 23
15.135766 55.137344 24
15.136988 55.1373 25A
15.13702 55.13718 25C
15.137036 55.13713 25D
15.137056 55.137066 25E
15.135946 55.13709 26
15.136458 55.137207 29
15.136524 55.136925 31
15.137003 55.13724 25B
14.709369 55.121395 1A
