15.109634 55.145264 1
15.109452 55.14541 2A
15.109727 55.14514 3
15.109186 55.145115 4
15.109783 55.144787 5
15.109522 55.144665 7
15.109434 55.14531 2B
14.971554 55.20888 1
15.109634 55.145264 1
15.109452 55.14541 2A
15.109727 55.14514 3
15.109186 55.145115 4
15.109783 55.144787 5
15.109522 55.144665 7
15.109434 55.14531 2B
14.971554 55.20888 1
15.109634 55.145264 1
15.109452 55.14541 2A
15.109727 55.14514 3
15.109186 55.145115 4
15.109783 55.144787 5
15.109522 55.144665 7
15.109434 55.14531 2B
14.971554 55.20888 1
15.109634 55.145264 1
15.109452 55.14541 2A
15.109727 55.14514 3
15.109186 55.145115 4
15.109783 55.144787 5
15.109522 55.144665 7
15.109434 55.14531 2B
14.971554 55.20888 1
15.109634 55.145264 1
15.109452 55.14541 2A
15.109727 55.14514 3
15.109186 55.145115 4
15.109783 55.144787 5
15.109522 55.144665 7
15.109434 55.14531 2B
14.971554 55.20888 1
15.109634 55.145264 1
15.109452 55.14541 2A
15.109727 55.14514 3
15.109186 55.145115 4
15.109783 55.144787 5
15.109522 55.144665 7
15.109434 55.14531 2B
14.971554 55.20888 1
