15.141023 55.137775 1B
15.141668 55.13773 2
15.140837 55.137833 3
15.14125 55.137836 4
15.141094 55.13788 6
15.140838 55.137947 8
15.141023 55.137775 1B
15.141668 55.13773 2
15.140837 55.137833 3
15.14125 55.137836 4
15.141094 55.13788 6
15.140838 55.137947 8
15.141023 55.137775 1B
15.141668 55.13773 2
15.140837 55.137833 3
15.14125 55.137836 4
15.141094 55.13788 6
15.140838 55.137947 8
15.141023 55.137775 1B
15.141668 55.13773 2
15.140837 55.137833 3
15.14125 55.137836 4
15.141094 55.13788 6
15.140838 55.137947 8
15.141023 55.137775 1B
15.141668 55.13773 2
15.140837 55.137833 3
15.14125 55.137836 4
15.141094 55.13788 6
15.140838 55.137947 8
15.141023 55.137775 1B
15.141668 55.13773 2
15.140837 55.137833 3
15.14125 55.137836 4
15.141094 55.13788 6
15.140838 55.137947 8
