15.134706 55.139503 2
15.134125 55.139153 3
15.134547 55.139606 4
15.133676 55.1394 5
15.134363 55.139725 6
15.133979 55.13962 7
15.134143 55.139915 8
15.133661 55.13981 9
15.134368 55.140003 10
15.133295 55.139633 11
15.133849 55.140095 12
15.132915 55.139854 13
15.132105 55.14066 14
15.133149 55.140022 15
15.131509 55.14089 16
15.131264 55.140953 18
15.132452 55.139946 19
15.131399 55.14075 20
15.132024 55.14012 21
15.131156 55.140816 22
15.132192 55.14036 23
15.131228 55.140533 24
15.130983 55.140594 26
15.131711 55.1405 27
15.131117 55.140392 28
15.131744 55.140327 29
15.13165 55.140312 29A
15.130873 55.140457 30
15.131577 55.14021 31
15.131427 55.140232 33
15.131326 55.14026 35
15.13284 55.140068 17A
15.132608 55.140095 17B
15.131877 55.140457 25
15.039664 55.07149 1
15.134706 55.139503 2
15.134125 55.139153 3
15.134547 55.139606 4
15.133676 55.1394 5
15.134363 55.139725 6
15.133979 55.13962 7
15.134143 55.139915 8
15.133661 55.13981 9
15.134368 55.140003 10
15.133295 55.139633 11
15.133849 55.140095 12
15.132915 55.139854 13
15.132105 55.14066 14
15.133149 55.140022 15
15.131509 55.14089 16
15.131264 55.140953 18
15.132452 55.139946 19
15.131399 55.14075 20
15.132024 55.14012 21
15.131156 55.140816 22
15.132192 55.14036 23
15.131228 55.140533 24
15.130983 55.140594 26
15.131711 55.1405 27
15.131117 55.140392 28
15.131744 55.140327 29
15.13165 55.140312 29A
15.130873 55.140457 30
15.131577 55.14021 31
15.131427 55.140232 33
15.131326 55.14026 35
15.13284 55.140068 17A
15.132608 55.140095 17B
15.131877 55.140457 25
15.039664 55.07149 1
15.134706 55.139503 2
15.134125 55.139153 3
15.134547 55.139606 4
15.133676 55.1394 5
15.134363 55.139725 6
15.133979 55.13962 7
15.134143 55.139915 8
15.133661 55.13981 9
15.134368 55.140003 10
15.133295 55.139633 11
15.133849 55.140095 12
15.132915 55.139854 13
15.132105 55.14066 14
15.133149 55.140022 15
15.131509 55.14089 16
15.131264 55.140953 18
15.132452 55.139946 19
15.131399 55.14075 20
15.132024 55.14012 21
15.131156 55.140816 22
15.132192 55.14036 23
15.131228 55.140533 24
15.130983 55.140594 26
15.131711 55.1405 27
15.131117 55.140392 28
15.131744 55.140327 29
15.13165 55.140312 29A
15.130873 55.140457 30
15.131577 55.14021 31
15.131427 55.140232 33
15.131326 55.14026 35
15.13284 55.140068 17A
15.132608 55.140095 17B
15.131877 55.140457 25
15.039664 55.07149 1
15.134706 55.139503 2
15.134125 55.139153 3
15.134547 55.139606 4
15.133676 55.1394 5
15.134363 55.139725 6
15.133979 55.13962 7
15.134143 55.139915 8
15.133661 55.13981 9
15.134368 55.140003 10
15.133295 55.139633 11
15.133849 55.140095 12
15.132915 55.139854 13
15.132105 55.14066 14
15.133149 55.140022 15
15.131509 55.14089 16
15.131264 55.140953 18
15.132452 55.139946 19
15.131399 55.14075 20
15.132024 55.14012 21
15.131156 55.140816 22
15.132192 55.14036 23
15.131228 55.140533 24
15.130983 55.140594 26
15.131711 55.1405 27
15.131117 55.140392 28
15.131744 55.140327 29
15.13165 55.140312 29A
15.130873 55.140457 30
15.131577 55.14021 31
15.131427 55.140232 33
15.131326 55.14026 35
15.13284 55.140068 17A
15.132608 55.140095 17B
15.131877 55.140457 25
15.039664 55.07149 1
15.134706 55.139503 2
15.134125 55.139153 3
15.134547 55.139606 4
15.133676 55.1394 5
15.134363 55.139725 6
15.133979 55.13962 7
15.134143 55.139915 8
15.133661 55.13981 9
15.134368 55.140003 10
15.133295 55.139633 11
15.133849 55.140095 12
15.132915 55.139854 13
15.132105 55.14066 14
15.133149 55.140022 15
15.131509 55.14089 16
15.131264 55.140953 18
15.132452 55.139946 19
15.131399 55.14075 20
15.132024 55.14012 21
15.131156 55.140816 22
15.132192 55.14036 23
15.131228 55.140533 24
15.130983 55.140594 26
15.131711 55.1405 27
15.131117 55.140392 28
15.131744 55.140327 29
15.13165 55.140312 29A
15.130873 55.140457 30
15.131577 55.14021 31
15.131427 55.140232 33
15.131326 55.14026 35
15.13284 55.140068 17A
15.132608 55.140095 17B
15.131877 55.140457 25
15.039664 55.07149 1
15.134706 55.139503 2
15.134125 55.139153 3
15.134547 55.139606 4
15.133676 55.1394 5
15.134363 55.139725 6
15.133979 55.13962 7
15.134143 55.139915 8
15.133661 55.13981 9
15.134368 55.140003 10
15.133295 55.139633 11
15.133849 55.140095 12
15.132915 55.139854 13
15.132105 55.14066 14
15.133149 55.140022 15
15.131509 55.14089 16
15.131264 55.140953 18
15.132452 55.139946 19
15.131399 55.14075 20
15.132024 55.14012 21
15.131156 55.140816 22
15.132192 55.14036 23
15.131228 55.140533 24
15.130983 55.140594 26
15.131711 55.1405 27
15.131117 55.140392 28
15.131744 55.140327 29
15.13165 55.140312 29A
15.130873 55.140457 30
15.131577 55.14021 31
15.131427 55.140232 33
15.131326 55.14026 35
15.13284 55.140068 17A
15.132608 55.140095 17B
15.131877 55.140457 25
15.039664 55.07149 1
