15.129236 55.141026 2A
15.128987 55.141224 2B
15.128972 55.14077 2C
15.129421 55.140553 3
15.128417 55.140812 4
15.129842 55.140438 5
15.128123 55.140823 6
15.129346 55.140305 7
15.1277 55.14096 8
15.129346 55.14004 9
15.127548 55.140705 10
15.129436 55.13988 11
15.127874 55.140587 12
15.12967 55.139927 13
15.12838 55.140533 14
15.129868 55.140034 15
15.130098 55.140102 17
15.128719 55.140114 18
15.130154 55.14024 19
15.128414 55.13998 20
15.130427 55.140244 21
15.128026 55.139996 22
15.130847 55.14013 23
15.127803 55.140194 24
15.13066 55.140003 25
15.127469 55.140244 26
15.130448 55.13989 27
15.127541 55.13997 28
15.130173 55.13981 29
15.127632 55.139706 30
15.129907 55.13972 31
15.128038 55.13975 32
15.129658 55.13964 33
15.1285 55.13982 34
15.129817 55.139515 35
15.128943 55.13988 36
15.128321 55.139404 42
15.12798 55.139286 44
15.128241 55.13896 46
15.128385 55.13882 48
15.128768 55.13896 50
15.12868 55.139088 52
15.128968 55.139187 54
15.129072 55.139076 56
15.129532 55.139175 58
15.129423 55.1393 60
15.128661 55.138134 86
15.128659 55.138084 88
15.128751 55.138134 90
15.128748 55.13809 92
15.128837 55.138134 94
15.129029 55.1396 38
15.128821 55.140465 16
14.968068 55.209103 11
