15.113575 55.143917 2
15.113048 55.143963 3
15.113698 55.14404 4
15.113146 55.14405 5
15.11371 55.144176 6
15.113235 55.144154 7
15.113905 55.14435 8
15.113332 55.144245 9
15.113406 55.144463 21
14.705922 55.182114 1
15.113575 55.143917 2
15.113048 55.143963 3
15.113698 55.14404 4
15.113146 55.14405 5
15.11371 55.144176 6
15.113235 55.144154 7
15.113905 55.14435 8
15.113332 55.144245 9
15.113406 55.144463 21
14.705922 55.182114 1
15.113575 55.143917 2
15.113048 55.143963 3
15.113698 55.14404 4
15.113146 55.14405 5
15.11371 55.144176 6
15.113235 55.144154 7
15.113905 55.14435 8
15.113332 55.144245 9
15.113406 55.144463 21
14.705922 55.182114 1
15.113575 55.143917 2
15.113048 55.143963 3
15.113698 55.14404 4
15.113146 55.14405 5
15.11371 55.144176 6
15.113235 55.144154 7
15.113905 55.14435 8
15.113332 55.144245 9
15.113406 55.144463 21
14.705922 55.182114 1
15.113575 55.143917 2
15.113048 55.143963 3
15.113698 55.14404 4
15.113146 55.14405 5
15.11371 55.144176 6
15.113235 55.144154 7
15.113905 55.14435 8
15.113332 55.144245 9
15.113406 55.144463 21
14.705922 55.182114 1
15.113575 55.143917 2
15.113048 55.143963 3
15.113698 55.14404 4
15.113146 55.14405 5
15.11371 55.144176 6
15.113235 55.144154 7
15.113905 55.14435 8
15.113332 55.144245 9
15.113406 55.144463 21
14.705922 55.182114 1
