15.109865 55.14535 2
15.111049 55.14519 3
15.110015 55.145283 4
15.111297 55.14507 5
15.110135 55.145176 6
15.111388 55.144814 7
15.111487 55.144665 9
15.110649 55.145134 10
15.11156 55.144444 11
15.111012 55.14488 12A
15.110834 55.144882 12B
15.111063 55.144695 14
15.111242 55.144543 16
15.111428 55.14427 18
15.112545 55.14499 19
15.111673 55.144035 20
15.113691 55.143555 21
15.111851 55.14394 22
15.114399 55.143448 23
15.114867 55.143253 25
15.112207 55.143753 26
15.115547 55.143036 27
15.113006 55.143547 28
15.116045 55.142887 29
15.113229 55.143486 30
15.116623 55.142715 31
15.1135 55.143402 32
15.113714 55.143314 34
15.114177 55.143185 36
15.115249 55.1429 40
15.115622 55.14277 42
15.11596 55.142555 44
15.117652 55.14212 46
15.11604 55.141327 46A
15.124666 55.141422 58
15.125142 55.1413 60
15.125521 55.1414 62
15.112781 55.144352 19B
15.111922 55.1439 24
14.726297 55.100384 1
15.109865 55.14535 2
15.111049 55.14519 3
15.110015 55.145283 4
15.111297 55.14507 5
15.110135 55.145176 6
15.111388 55.144814 7
15.111487 55.144665 9
15.110649 55.145134 10
15.11156 55.144444 11
15.111012 55.14488 12A
15.110834 55.144882 12B
15.111063 55.144695 14
15.111242 55.144543 16
15.111428 55.14427 18
15.112545 55.14499 19
15.111673 55.144035 20
15.113691 55.143555 21
15.111851 55.14394 22
15.114399 55.143448 23
15.114867 55.143253 25
15.112207 55.143753 26
15.115547 55.143036 27
15.113006 55.143547 28
15.116045 55.142887 29
15.113229 55.143486 30
15.116623 55.142715 31
15.1135 55.143402 32
15.113714 55.143314 34
15.114177 55.143185 36
15.115249 55.1429 40
15.115622 55.14277 42
15.11596 55.142555 44
15.117652 55.14212 46
15.11604 55.141327 46A
15.124666 55.141422 58
15.125142 55.1413 60
15.125521 55.1414 62
15.112781 55.144352 19B
15.111922 55.1439 24
14.726297 55.100384 1
15.109865 55.14535 2
15.111049 55.14519 3
15.110015 55.145283 4
15.111297 55.14507 5
15.110135 55.145176 6
15.111388 55.144814 7
15.111487 55.144665 9
15.110649 55.145134 10
15.11156 55.144444 11
15.111012 55.14488 12A
15.110834 55.144882 12B
15.111063 55.144695 14
15.111242 55.144543 16
15.111428 55.14427 18
15.112545 55.14499 19
15.111673 55.144035 20
15.113691 55.143555 21
15.111851 55.14394 22
15.114399 55.143448 23
15.114867 55.143253 25
15.112207 55.143753 26
15.115547 55.143036 27
15.113006 55.143547 28
15.116045 55.142887 29
15.113229 55.143486 30
15.116623 55.142715 31
15.1135 55.143402 32
15.113714 55.143314 34
15.114177 55.143185 36
15.115249 55.1429 40
15.115622 55.14277 42
15.11596 55.142555 44
15.117652 55.14212 46
15.11604 55.141327 46A
15.124666 55.141422 58
15.125142 55.1413 60
15.125521 55.1414 62
15.112781 55.144352 19B
15.111922 55.1439 24
14.726297 55.100384 1
15.109865 55.14535 2
15.111049 55.14519 3
15.110015 55.145283 4
15.111297 55.14507 5
15.110135 55.145176 6
15.111388 55.144814 7
15.111487 55.144665 9
15.110649 55.145134 10
15.11156 55.144444 11
15.111012 55.14488 12A
15.110834 55.144882 12B
15.111063 55.144695 14
15.111242 55.144543 16
15.111428 55.14427 18
15.112545 55.14499 19
15.111673 55.144035 20
15.113691 55.143555 21
15.111851 55.14394 22
15.114399 55.143448 23
15.114867 55.143253 25
15.112207 55.143753 26
15.115547 55.143036 27
15.113006 55.143547 28
15.116045 55.142887 29
15.113229 55.143486 30
15.116623 55.142715 31
15.1135 55.143402 32
15.113714 55.143314 34
15.114177 55.143185 36
15.115249 55.1429 40
15.115622 55.14277 42
15.11596 55.142555 44
15.117652 55.14212 46
15.11604 55.141327 46A
15.124666 55.141422 58
15.125142 55.1413 60
15.125521 55.1414 62
15.112781 55.144352 19B
15.111922 55.1439 24
14.726297 55.100384 1
15.109865 55.14535 2
15.111049 55.14519 3
15.110015 55.145283 4
15.111297 55.14507 5
15.110135 55.145176 6
15.111388 55.144814 7
15.111487 55.144665 9
15.110649 55.145134 10
15.11156 55.144444 11
15.111012 55.14488 12A
15.110834 55.144882 12B
15.111063 55.144695 14
15.111242 55.144543 16
15.111428 55.14427 18
15.112545 55.14499 19
15.111673 55.144035 20
15.113691 55.143555 21
15.111851 55.14394 22
15.114399 55.143448 23
15.114867 55.143253 25
15.112207 55.143753 26
15.115547 55.143036 27
15.113006 55.143547 28
15.116045 55.142887 29
15.113229 55.143486 30
15.116623 55.142715 31
15.1135 55.143402 32
15.113714 55.143314 34
15.114177 55.143185 36
15.115249 55.1429 40
15.115622 55.14277 42
15.11596 55.142555 44
15.117652 55.14212 46
15.11604 55.141327 46A
15.124666 55.141422 58
15.125142 55.1413 60
15.125521 55.1414 62
15.112781 55.144352 19B
15.111922 55.1439 24
14.726297 55.100384 1
15.109865 55.14535 2
15.111049 55.14519 3
15.110015 55.145283 4
15.111297 55.14507 5
15.110135 55.145176 6
15.111388 55.144814 7
15.111487 55.144665 9
15.110649 55.145134 10
15.11156 55.144444 11
15.111012 55.14488 12A
15.110834 55.144882 12B
15.111063 55.144695 14
15.111242 55.144543 16
15.111428 55.14427 18
15.112545 55.14499 19
15.111673 55.144035 20
15.113691 55.143555 21
15.111851 55.14394 22
15.114399 55.143448 23
15.114867 55.143253 25
15.112207 55.143753 26
15.115547 55.143036 27
15.113006 55.143547 28
15.116045 55.142887 29
15.113229 55.143486 30
15.116623 55.142715 31
15.1135 55.143402 32
15.113714 55.143314 34
15.114177 55.143185 36
15.115249 55.1429 40
15.115622 55.14277 42
15.11596 55.142555 44
15.117652 55.14212 46
15.11604 55.141327 46A
15.124666 55.141422 58
15.125142 55.1413 60
15.125521 55.1414 62
15.112781 55.144352 19B
15.111922 55.1439 24
14.726297 55.100384 1
