15.144277 55.1346 1
15.14413 55.134846 2
15.144242 55.134483 3
15.144049 55.13452 4
15.144202 55.134357 5
15.143982 55.13432 6
15.144277 55.1346 1
15.14413 55.134846 2
15.144242 55.134483 3
15.144049 55.13452 4
15.144202 55.134357 5
15.143982 55.13432 6
15.144277 55.1346 1
15.14413 55.134846 2
15.144242 55.134483 3
15.144049 55.13452 4
15.144202 55.134357 5
15.143982 55.13432 6
15.144277 55.1346 1
15.14413 55.134846 2
15.144242 55.134483 3
15.144049 55.13452 4
15.144202 55.134357 5
15.143982 55.13432 6
15.144277 55.1346 1
15.14413 55.134846 2
15.144242 55.134483 3
15.144049 55.13452 4
15.144202 55.134357 5
15.143982 55.13432 6
15.144277 55.1346 1
15.14413 55.134846 2
15.144242 55.134483 3
15.144049 55.13452 4
15.144202 55.134357 5
15.143982 55.13432 6
