15.140298 55.108173 2
15.142339 55.107574 3
15.140873 55.10818 4
15.14173 55.10806 5
15.140962 55.107933 6
15.141574 55.107834 7
15.140409 55.107952 8
15.141312 55.107697 9
15.140436 55.10773 10
15.141308 55.107513 11
15.140814 55.10777 12
15.141115 55.107307 13
15.140519 55.107525 14
15.141196 55.10716 15
15.140586 55.107285 16A
15.140588 55.107136 16B
15.140587 55.106987 16C
15.140809 55.10679 16D
15.141189 55.107006 17
15.140799 55.106434 18
15.14136 55.10641 19
15.141087 55.1062 20
15.141534 55.106228 21
15.141183 55.106052 22
15.141979 55.106297 23
15.14131 55.105885 24
15.142087 55.106106 25
15.141479 55.105625 26
15.141622 55.10601 27
15.141621 55.105408 28
15.142462 55.105076 29
15.141778 55.10518 30
15.142881 55.10493 31
15.14198 55.1049 32
15.142483 55.104706 33
15.142086 55.10469 34
15.064975 54.99712 2
15.140298 55.108173 2
15.142339 55.107574 3
15.140873 55.10818 4
15.14173 55.10806 5
15.140962 55.107933 6
15.141574 55.107834 7
15.140409 55.107952 8
15.141312 55.107697 9
15.140436 55.10773 10
15.141308 55.107513 11
15.140814 55.10777 12
15.141115 55.107307 13
15.140519 55.107525 14
15.141196 55.10716 15
15.140586 55.107285 16A
15.140588 55.107136 16B
15.140587 55.106987 16C
15.140809 55.10679 16D
15.141189 55.107006 17
15.140799 55.106434 18
15.14136 55.10641 19
15.141087 55.1062 20
15.141534 55.106228 21
15.141183 55.106052 22
15.141979 55.106297 23
15.14131 55.105885 24
15.142087 55.106106 25
15.141479 55.105625 26
15.141622 55.10601 27
15.141621 55.105408 28
15.142462 55.105076 29
15.141778 55.10518 30
15.142881 55.10493 31
15.14198 55.1049 32
15.142483 55.104706 33
15.142086 55.10469 34
15.064975 54.99712 2
15.140298 55.108173 2
15.142339 55.107574 3
15.140873 55.10818 4
15.14173 55.10806 5
15.140962 55.107933 6
15.141574 55.107834 7
15.140409 55.107952 8
15.141312 55.107697 9
15.140436 55.10773 10
15.141308 55.107513 11
15.140814 55.10777 12
15.141115 55.107307 13
15.140519 55.107525 14
15.141196 55.10716 15
15.140586 55.107285 16A
15.140588 55.107136 16B
15.140587 55.106987 16C
15.140809 55.10679 16D
15.141189 55.107006 17
15.140799 55.106434 18
15.14136 55.10641 19
15.141087 55.1062 20
15.141534 55.106228 21
15.141183 55.106052 22
15.141979 55.106297 23
15.14131 55.105885 24
15.142087 55.106106 25
15.141479 55.105625 26
15.141622 55.10601 27
15.141621 55.105408 28
15.142462 55.105076 29
15.141778 55.10518 30
15.142881 55.10493 31
15.14198 55.1049 32
15.142483 55.104706 33
15.142086 55.10469 34
15.064975 54.99712 2
15.140298 55.108173 2
15.142339 55.107574 3
15.140873 55.10818 4
15.14173 55.10806 5
15.140962 55.107933 6
15.141574 55.107834 7
15.140409 55.107952 8
15.141312 55.107697 9
15.140436 55.10773 10
15.141308 55.107513 11
15.140814 55.10777 12
15.141115 55.107307 13
15.140519 55.107525 14
15.141196 55.10716 15
15.140586 55.107285 16A
15.140588 55.107136 16B
15.140587 55.106987 16C
15.140809 55.10679 16D
15.141189 55.107006 17
15.140799 55.106434 18
15.14136 55.10641 19
15.141087 55.1062 20
15.141534 55.106228 21
15.141183 55.106052 22
15.141979 55.106297 23
15.14131 55.105885 24
15.142087 55.106106 25
15.141479 55.105625 26
15.141622 55.10601 27
15.141621 55.105408 28
15.142462 55.105076 29
15.141778 55.10518 30
15.142881 55.10493 31
15.14198 55.1049 32
15.142483 55.104706 33
15.142086 55.10469 34
15.064975 54.99712 2
15.140298 55.108173 2
15.142339 55.107574 3
15.140873 55.10818 4
15.14173 55.10806 5
15.140962 55.107933 6
15.141574 55.107834 7
15.140409 55.107952 8
15.141312 55.107697 9
15.140436 55.10773 10
15.141308 55.107513 11
15.140814 55.10777 12
15.141115 55.107307 13
15.140519 55.107525 14
15.141196 55.10716 15
15.140586 55.107285 16A
15.140588 55.107136 16B
15.140587 55.106987 16C
15.140809 55.10679 16D
15.141189 55.107006 17
15.140799 55.106434 18
15.14136 55.10641 19
15.141087 55.1062 20
15.141534 55.106228 21
15.141183 55.106052 22
15.141979 55.106297 23
15.14131 55.105885 24
15.142087 55.106106 25
15.141479 55.105625 26
15.141622 55.10601 27
15.141621 55.105408 28
15.142462 55.105076 29
15.141778 55.10518 30
15.142881 55.10493 31
15.14198 55.1049 32
15.142483 55.104706 33
15.142086 55.10469 34
15.064975 54.99712 2
15.140298 55.108173 2
15.142339 55.107574 3
15.140873 55.10818 4
15.14173 55.10806 5
15.140962 55.107933 6
15.141574 55.107834 7
15.140409 55.107952 8
15.141312 55.107697 9
15.140436 55.10773 10
15.141308 55.107513 11
15.140814 55.10777 12
15.141115 55.107307 13
15.140519 55.107525 14
15.141196 55.10716 15
15.140586 55.107285 16A
15.140588 55.107136 16B
15.140587 55.106987 16C
15.140809 55.10679 16D
15.141189 55.107006 17
15.140799 55.106434 18
15.14136 55.10641 19
15.141087 55.1062 20
15.141534 55.106228 21
15.141183 55.106052 22
15.141979 55.106297 23
15.14131 55.105885 24
15.142087 55.106106 25
15.141479 55.105625 26
15.141622 55.10601 27
15.141621 55.105408 28
15.142462 55.105076 29
15.141778 55.10518 30
15.142881 55.10493 31
15.14198 55.1049 32
15.142483 55.104706 33
15.142086 55.10469 34
15.064975 54.99712 2
