15.146179 55.132023 2
15.146069 55.132168 3
15.146658 55.132072 4
15.146295 55.132206 5
15.146499 55.132214 7
15.14668 55.132233 9
15.133451 55.068027 4
15.146179 55.132023 2
15.146069 55.132168 3
15.146658 55.132072 4
15.146295 55.132206 5
15.146499 55.132214 7
15.14668 55.132233 9
15.133451 55.068027 4
15.146179 55.132023 2
15.146069 55.132168 3
15.146658 55.132072 4
15.146295 55.132206 5
15.146499 55.132214 7
15.14668 55.132233 9
15.133451 55.068027 4
15.146179 55.132023 2
15.146069 55.132168 3
15.146658 55.132072 4
15.146295 55.132206 5
15.146499 55.132214 7
15.14668 55.132233 9
15.133451 55.068027 4
15.146179 55.132023 2
15.146069 55.132168 3
15.146658 55.132072 4
15.146295 55.132206 5
15.146499 55.132214 7
15.14668 55.132233 9
15.133451 55.068027 4
15.146179 55.132023 2
15.146069 55.132168 3
15.146658 55.132072 4
15.146295 55.132206 5
15.146499 55.132214 7
15.14668 55.132233 9
15.133451 55.068027 4
