15.122625 55.093693 35
15.125446 55.09607 36
15.122513 55.099377 38
15.113242 55.106194 39
15.121197 55.10329 40
15.109652 55.111156 41
15.112794 55.107807 42
15.104262 55.116333 43A
15.104535 55.116535 45
15.104014 55.116863 45A
15.112274 55.108643 46
15.090935 55.122345 47
15.111858 55.109455 48
15.089601 55.12386 49
15.10973 55.11447 52
15.105908 55.117764 54
15.094021 55.12431 56
15.113041 55.108334 44B
15.112444 55.108383 44C
15.112584 55.108093 44A
15.104761 55.117073 45B
15.108093 55.116055 52B
15.007171 55.13693 1
