15.14306 55.13383 3
15.143243 55.133152 4
15.143109 55.133747 5
15.143173 55.133568 9
15.14325 55.133343 11
15.143366 55.13332 13
15.142952 55.133194 15
15.142807 55.132942 17A
15.143023 55.13285 17B
15.142822 55.13275 19
15.141995 55.131794 21
15.139948 55.130707 23
14.825013 55.105682 24K
15.14306 55.13383 3
15.143243 55.133152 4
15.143109 55.133747 5
15.143173 55.133568 9
15.14325 55.133343 11
15.143366 55.13332 13
15.142952 55.133194 15
15.142807 55.132942 17A
15.143023 55.13285 17B
15.142822 55.13275 19
15.141995 55.131794 21
15.139948 55.130707 23
14.825013 55.105682 24K
15.14306 55.13383 3
15.143243 55.133152 4
15.143109 55.133747 5
15.143173 55.133568 9
15.14325 55.133343 11
15.143366 55.13332 13
15.142952 55.133194 15
15.142807 55.132942 17A
15.143023 55.13285 17B
15.142822 55.13275 19
15.141995 55.131794 21
15.139948 55.130707 23
14.825013 55.105682 24K
15.14306 55.13383 3
15.143243 55.133152 4
15.143109 55.133747 5
15.143173 55.133568 9
15.14325 55.133343 11
15.143366 55.13332 13
15.142952 55.133194 15
15.142807 55.132942 17A
15.143023 55.13285 17B
15.142822 55.13275 19
15.141995 55.131794 21
15.139948 55.130707 23
14.825013 55.105682 24K
15.14306 55.13383 3
15.143243 55.133152 4
15.143109 55.133747 5
15.143173 55.133568 9
15.14325 55.133343 11
15.143366 55.13332 13
15.142952 55.133194 15
15.142807 55.132942 17A
15.143023 55.13285 17B
15.142822 55.13275 19
15.141995 55.131794 21
15.139948 55.130707 23
14.825013 55.105682 24K
15.14306 55.13383 3
15.143243 55.133152 4
15.143109 55.133747 5
15.143173 55.133568 9
15.14325 55.133343 11
15.143366 55.13332 13
15.142952 55.133194 15
15.142807 55.132942 17A
15.143023 55.13285 17B
15.142822 55.13275 19
15.141995 55.131794 21
15.139948 55.130707 23
14.825013 55.105682 24K
