15.141486 55.135406 2
15.141496 55.13536 2A
15.141867 55.135162 3
15.141637 55.135178 4
15.141974 55.135025 5
15.141958 55.134846 6
15.142062 55.13493 7
15.142197 55.134773 9
15.141486 55.135406 2
15.141496 55.13536 2A
15.141867 55.135162 3
15.141637 55.135178 4
15.141974 55.135025 5
15.141958 55.134846 6
15.142062 55.13493 7
15.142197 55.134773 9
15.141486 55.135406 2
15.141496 55.13536 2A
15.141867 55.135162 3
15.141637 55.135178 4
15.141974 55.135025 5
15.141958 55.134846 6
15.142062 55.13493 7
15.142197 55.134773 9
15.141486 55.135406 2
15.141496 55.13536 2A
15.141867 55.135162 3
15.141637 55.135178 4
15.141974 55.135025 5
15.141958 55.134846 6
15.142062 55.13493 7
15.142197 55.134773 9
15.141486 55.135406 2
15.141496 55.13536 2A
15.141867 55.135162 3
15.141637 55.135178 4
15.141974 55.135025 5
15.141958 55.134846 6
15.142062 55.13493 7
15.142197 55.134773 9
15.141486 55.135406 2
15.141496 55.13536 2A
15.141867 55.135162 3
15.141637 55.135178 4
15.141974 55.135025 5
15.141958 55.134846 6
15.142062 55.13493 7
15.142197 55.134773 9
