15.14399 55.10774 1
15.143867 55.107643 2
15.144322 55.10749 4
15.144591 55.10747 6
15.144918 55.107384 8
15.145048 55.107365 10
15.145314 55.107327 12
15.14556 55.10729 14
15.146062 55.107296 16
15.146423 55.107254 18
15.146974 55.1072 20A
15.147258 55.107204 20B
15.147518 55.10726 22
15.144192 55.10768 3
15.144403 55.10764 5
15.144699 55.107643 7
15.14399 55.10774 1
15.143867 55.107643 2
15.144322 55.10749 4
15.144591 55.10747 6
15.144918 55.107384 8
15.145048 55.107365 10
15.145314 55.107327 12
15.14556 55.10729 14
15.146062 55.107296 16
15.146423 55.107254 18
15.146974 55.1072 20A
15.147258 55.107204 20B
15.147518 55.10726 22
15.144192 55.10768 3
15.144403 55.10764 5
15.144699 55.107643 7
15.14399 55.10774 1
15.143867 55.107643 2
15.144322 55.10749 4
15.144591 55.10747 6
15.144918 55.107384 8
15.145048 55.107365 10
15.145314 55.107327 12
15.14556 55.10729 14
15.146062 55.107296 16
15.146423 55.107254 18
15.146974 55.1072 20A
15.147258 55.107204 20B
15.147518 55.10726 22
15.144192 55.10768 3
15.144403 55.10764 5
15.144699 55.107643 7
15.14399 55.10774 1
15.143867 55.107643 2
15.144322 55.10749 4
15.144591 55.10747 6
15.144918 55.107384 8
15.145048 55.107365 10
15.145314 55.107327 12
15.14556 55.10729 14
15.146062 55.107296 16
15.146423 55.107254 18
15.146974 55.1072 20A
15.147258 55.107204 20B
15.147518 55.10726 22
15.144192 55.10768 3
15.144403 55.10764 5
15.144699 55.107643 7
15.14399 55.10774 1
15.143867 55.107643 2
15.144322 55.10749 4
15.144591 55.10747 6
15.144918 55.107384 8
15.145048 55.107365 10
15.145314 55.107327 12
15.14556 55.10729 14
15.146062 55.107296 16
15.146423 55.107254 18
15.146974 55.1072 20A
15.147258 55.107204 20B
15.147518 55.10726 22
15.144192 55.10768 3
15.144403 55.10764 5
15.144699 55.107643 7
15.14399 55.10774 1
15.143867 55.107643 2
15.144322 55.10749 4
15.144591 55.10747 6
15.144918 55.107384 8
15.145048 55.107365 10
15.145314 55.107327 12
15.14556 55.10729 14
15.146062 55.107296 16
15.146423 55.107254 18
15.146974 55.1072 20A
15.147258 55.107204 20B
15.147518 55.10726 22
15.144192 55.10768 3
15.144403 55.10764 5
15.144699 55.107643 7
