15.144719 55.13727 1A
15.14471 55.137325 1B
15.144759 55.136883 2
15.144437 55.13744 3
15.144998 55.13704 4
15.144905 55.137154 6
15.145078 55.13766 8
15.144831 55.13767 10
15.144819 55.13759 12
15.14491 55.13756 14
15.145016 55.13755 16
15.144952 55.137505 18
15.144848 55.13743 20
15.144789 55.137432 22
15.144687 55.137478 24
14.6993 55.1042 3
15.144719 55.13727 1A
15.14471 55.137325 1B
15.144759 55.136883 2
15.144437 55.13744 3
15.144998 55.13704 4
15.144905 55.137154 6
15.145078 55.13766 8
15.144831 55.13767 10
15.144819 55.13759 12
15.14491 55.13756 14
15.145016 55.13755 16
15.144952 55.137505 18
15.144848 55.13743 20
15.144789 55.137432 22
15.144687 55.137478 24
14.6993 55.1042 3
15.144719 55.13727 1A
15.14471 55.137325 1B
15.144759 55.136883 2
15.144437 55.13744 3
15.144998 55.13704 4
15.144905 55.137154 6
15.145078 55.13766 8
15.144831 55.13767 10
15.144819 55.13759 12
15.14491 55.13756 14
15.145016 55.13755 16
15.144952 55.137505 18
15.144848 55.13743 20
15.144789 55.137432 22
15.144687 55.137478 24
14.6993 55.1042 3
15.144719 55.13727 1A
15.14471 55.137325 1B
15.144759 55.136883 2
15.144437 55.13744 3
15.144998 55.13704 4
15.144905 55.137154 6
15.145078 55.13766 8
15.144831 55.13767 10
15.144819 55.13759 12
15.14491 55.13756 14
15.145016 55.13755 16
15.144952 55.137505 18
15.144848 55.13743 20
15.144789 55.137432 22
15.144687 55.137478 24
14.6993 55.1042 3
15.144719 55.13727 1A
15.14471 55.137325 1B
15.144759 55.136883 2
15.144437 55.13744 3
15.144998 55.13704 4
15.144905 55.137154 6
15.145078 55.13766 8
15.144831 55.13767 10
15.144819 55.13759 12
15.14491 55.13756 14
15.145016 55.13755 16
15.144952 55.137505 18
15.144848 55.13743 20
15.144789 55.137432 22
15.144687 55.137478 24
14.6993 55.1042 3
15.144719 55.13727 1A
15.14471 55.137325 1B
15.144759 55.136883 2
15.144437 55.13744 3
15.144998 55.13704 4
15.144905 55.137154 6
15.145078 55.13766 8
15.144831 55.13767 10
15.144819 55.13759 12
15.14491 55.13756 14
15.145016 55.13755 16
15.144952 55.137505 18
15.144848 55.13743 20
15.144789 55.137432 22
15.144687 55.137478 24
14.6993 55.1042 3
