15.136475 55.137783 1A
15.136904 55.13795 1B
15.137219 55.138435 2A
15.136585 55.138783 2B
15.13658 55.138325 3
15.135834 55.139317 4A
15.1355 55.13948 4B
15.13631 55.138107 5
15.135038 55.13993 6A
15.135434 55.139942 6B
15.135615 55.139973 6C
15.135991 55.139965 6D
15.135926 55.138195 7A
15.136016 55.13851 7B
15.13471 55.140316 8
15.135916 55.13892 9
15.133938 55.140778 10
15.135014 55.139362 11
15.134837 55.139454 11A
15.133587 55.141125 12
15.133781 55.141354 12A
15.13363 55.140633 13
15.132603 55.14078 13A
15.132967 55.141003 14
15.132611 55.141068 16
15.132194 55.14117 18
15.13174 55.141323 20
15.130792 55.14099 21A
15.130401 55.14057 21B
15.130186 55.140633 21C
15.130096 55.140778 21D
15.131401 55.14129 22
15.130934 55.141304 24
15.130475 55.141457 26
15.129851 55.1415 28
15.128041 55.141468 29
15.127495 55.141537 31
15.12655 55.141605 33
15.136475 55.137783 1A
15.136904 55.13795 1B
15.137219 55.138435 2A
15.136585 55.138783 2B
15.13658 55.138325 3
15.135834 55.139317 4A
15.1355 55.13948 4B
15.13631 55.138107 5
15.135038 55.13993 6A
15.135434 55.139942 6B
15.135615 55.139973 6C
15.135991 55.139965 6D
15.135926 55.138195 7A
15.136016 55.13851 7B
15.13471 55.140316 8
15.135916 55.13892 9
15.133938 55.140778 10
15.135014 55.139362 11
15.134837 55.139454 11A
15.133587 55.141125 12
15.133781 55.141354 12A
15.13363 55.140633 13
15.132603 55.14078 13A
15.132967 55.141003 14
15.132611 55.141068 16
15.132194 55.14117 18
15.13174 55.141323 20
15.130792 55.14099 21A
15.130401 55.14057 21B
15.130186 55.140633 21C
15.130096 55.140778 21D
15.131401 55.14129 22
15.130934 55.141304 24
15.130475 55.141457 26
15.129851 55.1415 28
15.128041 55.141468 29
15.127495 55.141537 31
15.12655 55.141605 33
15.136475 55.137783 1A
15.136904 55.13795 1B
15.137219 55.138435 2A
15.136585 55.138783 2B
15.13658 55.138325 3
15.135834 55.139317 4A
15.1355 55.13948 4B
15.13631 55.138107 5
15.135038 55.13993 6A
15.135434 55.139942 6B
15.135615 55.139973 6C
15.135991 55.139965 6D
15.135926 55.138195 7A
15.136016 55.13851 7B
15.13471 55.140316 8
15.135916 55.13892 9
15.133938 55.140778 10
15.135014 55.139362 11
15.134837 55.139454 11A
15.133587 55.141125 12
15.133781 55.141354 12A
15.13363 55.140633 13
15.132603 55.14078 13A
15.132967 55.141003 14
15.132611 55.141068 16
15.132194 55.14117 18
15.13174 55.141323 20
15.130792 55.14099 21A
15.130401 55.14057 21B
15.130186 55.140633 21C
15.130096 55.140778 21D
15.131401 55.14129 22
15.130934 55.141304 24
15.130475 55.141457 26
15.129851 55.1415 28
15.128041 55.141468 29
15.127495 55.141537 31
15.12655 55.141605 33
15.136475 55.137783 1A
15.136904 55.13795 1B
15.137219 55.138435 2A
15.136585 55.138783 2B
15.13658 55.138325 3
15.135834 55.139317 4A
15.1355 55.13948 4B
15.13631 55.138107 5
15.135038 55.13993 6A
15.135434 55.139942 6B
15.135615 55.139973 6C
15.135991 55.139965 6D
15.135926 55.138195 7A
15.136016 55.13851 7B
15.13471 55.140316 8
15.135916 55.13892 9
15.133938 55.140778 10
15.135014 55.139362 11
15.134837 55.139454 11A
15.133587 55.141125 12
15.133781 55.141354 12A
15.13363 55.140633 13
15.132603 55.14078 13A
15.132967 55.141003 14
15.132611 55.141068 16
15.132194 55.14117 18
15.13174 55.141323 20
15.130792 55.14099 21A
15.130401 55.14057 21B
15.130186 55.140633 21C
15.130096 55.140778 21D
15.131401 55.14129 22
15.130934 55.141304 24
15.130475 55.141457 26
15.129851 55.1415 28
15.128041 55.141468 29
15.127495 55.141537 31
15.12655 55.141605 33
15.136475 55.137783 1A
15.136904 55.13795 1B
15.137219 55.138435 2A
15.136585 55.138783 2B
15.13658 55.138325 3
15.135834 55.139317 4A
15.1355 55.13948 4B
15.13631 55.138107 5
15.135038 55.13993 6A
15.135434 55.139942 6B
15.135615 55.139973 6C
15.135991 55.139965 6D
15.135926 55.138195 7A
15.136016 55.13851 7B
15.13471 55.140316 8
15.135916 55.13892 9
15.133938 55.140778 10
15.135014 55.139362 11
15.134837 55.139454 11A
15.133587 55.141125 12
15.133781 55.141354 12A
15.13363 55.140633 13
15.132603 55.14078 13A
15.132967 55.141003 14
15.132611 55.141068 16
15.132194 55.14117 18
15.13174 55.141323 20
15.130792 55.14099 21A
15.130401 55.14057 21B
15.130186 55.140633 21C
15.130096 55.140778 21D
15.131401 55.14129 22
15.130934 55.141304 24
15.130475 55.141457 26
15.129851 55.1415 28
15.128041 55.141468 29
15.127495 55.141537 31
15.12655 55.141605 33
15.136475 55.137783 1A
15.136904 55.13795 1B
15.137219 55.138435 2A
15.136585 55.138783 2B
15.13658 55.138325 3
15.135834 55.139317 4A
15.1355 55.13948 4B
15.13631 55.138107 5
15.135038 55.13993 6A
15.135434 55.139942 6B
15.135615 55.139973 6C
15.135991 55.139965 6D
15.135926 55.138195 7A
15.136016 55.13851 7B
15.13471 55.140316 8
15.135916 55.13892 9
15.133938 55.140778 10
15.135014 55.139362 11
15.134837 55.139454 11A
15.133587 55.141125 12
15.133781 55.141354 12A
15.13363 55.140633 13
15.132603 55.14078 13A
15.132967 55.141003 14
15.132611 55.141068 16
15.132194 55.14117 18
15.13174 55.141323 20
15.130792 55.14099 21A
15.130401 55.14057 21B
15.130186 55.140633 21C
15.130096 55.140778 21D
15.131401 55.14129 22
15.130934 55.141304 24
15.130475 55.141457 26
15.129851 55.1415 28
15.128041 55.141468 29
15.127495 55.141537 31
15.12655 55.141605 33
