15.135566 55.136986 2
15.135685 55.13672 3
15.135191 55.13689 4
15.13529 55.136692 5
15.13474 55.136738 7
15.133821 55.137314 9A
15.133818 55.13744 9B
15.134093 55.13725 9C
15.133992 55.137432 9D
15.115373 55.02645 1
15.135566 55.136986 2
15.135685 55.13672 3
15.135191 55.13689 4
15.13529 55.136692 5
15.13474 55.136738 7
15.133821 55.137314 9A
15.133818 55.13744 9B
15.134093 55.13725 9C
15.133992 55.137432 9D
15.115373 55.02645 1
15.135566 55.136986 2
15.135685 55.13672 3
15.135191 55.13689 4
15.13529 55.136692 5
15.13474 55.136738 7
15.133821 55.137314 9A
15.133818 55.13744 9B
15.134093 55.13725 9C
15.133992 55.137432 9D
15.115373 55.02645 1
15.135566 55.136986 2
15.135685 55.13672 3
15.135191 55.13689 4
15.13529 55.136692 5
15.13474 55.136738 7
15.133821 55.137314 9A
15.133818 55.13744 9B
15.134093 55.13725 9C
15.133992 55.137432 9D
15.115373 55.02645 1
15.135566 55.136986 2
15.135685 55.13672 3
15.135191 55.13689 4
15.13529 55.136692 5
15.13474 55.136738 7
15.133821 55.137314 9A
15.133818 55.13744 9B
15.134093 55.13725 9C
15.133992 55.137432 9D
15.115373 55.02645 1
15.135566 55.136986 2
15.135685 55.13672 3
15.135191 55.13689 4
15.13529 55.136692 5
15.13474 55.136738 7
15.133821 55.137314 9A
15.133818 55.13744 9B
15.134093 55.13725 9C
15.133992 55.137432 9D
15.115373 55.02645 1
