15.143276 55.13566 2A
15.143165 55.135563 2B
15.142914 55.135563 4
15.142802 55.13538 5
15.142575 55.13593 6
15.142582 55.135567 6A
15.142552 55.135715 6B
15.142418 55.13583 6C
15.142583 55.135426 7
15.141927 55.135597 8
15.142221 55.135433 11
15.142083 55.135452 13
15.141921 55.135464 15
15.141721 55.135487 17
15.141449 55.135567 19
15.141457 55.135708 21
15.141431 55.135784 23
15.141302 55.135895 25
15.142953 55.135376 3C
15.143613 55.135445 1A
15.143513 55.135323 1
15.142392 55.135426 9
15.143046 55.13538 3B
15.143154 55.135433 3A
15.143276 55.13566 2A
15.143165 55.135563 2B
15.142914 55.135563 4
15.142802 55.13538 5
15.142575 55.13593 6
15.142582 55.135567 6A
15.142552 55.135715 6B
15.142418 55.13583 6C
15.142583 55.135426 7
15.141927 55.135597 8
15.142221 55.135433 11
15.142083 55.135452 13
15.141921 55.135464 15
15.141721 55.135487 17
15.141449 55.135567 19
15.141457 55.135708 21
15.141431 55.135784 23
15.141302 55.135895 25
15.142953 55.135376 3C
15.143613 55.135445 1A
15.143513 55.135323 1
15.142392 55.135426 9
15.143046 55.13538 3B
15.143154 55.135433 3A
15.143276 55.13566 2A
15.143165 55.135563 2B
15.142914 55.135563 4
15.142802 55.13538 5
15.142575 55.13593 6
15.142582 55.135567 6A
15.142552 55.135715 6B
15.142418 55.13583 6C
15.142583 55.135426 7
15.141927 55.135597 8
15.142221 55.135433 11
15.142083 55.135452 13
15.141921 55.135464 15
15.141721 55.135487 17
15.141449 55.135567 19
15.141457 55.135708 21
15.141431 55.135784 23
15.141302 55.135895 25
15.142953 55.135376 3C
15.143613 55.135445 1A
15.143513 55.135323 1
15.142392 55.135426 9
15.143046 55.13538 3B
15.143154 55.135433 3A
15.143276 55.13566 2A
15.143165 55.135563 2B
15.142914 55.135563 4
15.142802 55.13538 5
15.142575 55.13593 6
15.142582 55.135567 6A
15.142552 55.135715 6B
15.142418 55.13583 6C
15.142583 55.135426 7
15.141927 55.135597 8
15.142221 55.135433 11
15.142083 55.135452 13
15.141921 55.135464 15
15.141721 55.135487 17
15.141449 55.135567 19
15.141457 55.135708 21
15.141431 55.135784 23
15.141302 55.135895 25
15.142953 55.135376 3C
15.143613 55.135445 1A
15.143513 55.135323 1
15.142392 55.135426 9
15.143046 55.13538 3B
15.143154 55.135433 3A
15.143276 55.13566 2A
15.143165 55.135563 2B
15.142914 55.135563 4
15.142802 55.13538 5
15.142575 55.13593 6
15.142582 55.135567 6A
15.142552 55.135715 6B
15.142418 55.13583 6C
15.142583 55.135426 7
15.141927 55.135597 8
15.142221 55.135433 11
15.142083 55.135452 13
15.141921 55.135464 15
15.141721 55.135487 17
15.141449 55.135567 19
15.141457 55.135708 21
15.141431 55.135784 23
15.141302 55.135895 25
15.142953 55.135376 3C
15.143613 55.135445 1A
15.143513 55.135323 1
15.142392 55.135426 9
15.143046 55.13538 3B
15.143154 55.135433 3A
15.143276 55.13566 2A
15.143165 55.135563 2B
15.142914 55.135563 4
15.142802 55.13538 5
15.142575 55.13593 6
15.142582 55.135567 6A
15.142552 55.135715 6B
15.142418 55.13583 6C
15.142583 55.135426 7
15.141927 55.135597 8
15.142221 55.135433 11
15.142083 55.135452 13
15.141921 55.135464 15
15.141721 55.135487 17
15.141449 55.135567 19
15.141457 55.135708 21
15.141431 55.135784 23
15.141302 55.135895 25
15.142953 55.135376 3C
15.143613 55.135445 1A
15.143513 55.135323 1
15.142392 55.135426 9
15.143046 55.13538 3B
15.143154 55.135433 3A
