15.14276 55.1093 2
15.142671 55.10958 4
15.142376 55.109333 5
15.142365 55.109528 6
15.142055 55.109432 7
15.142098 55.109577 8
15.14163 55.109516 9
15.14154 55.10972 10
15.141096 55.109646 12
15.14104 55.10946 13
15.140819 55.109646 14
15.140484 55.109535 15
14.802071 55.276184 1
15.14276 55.1093 2
15.142671 55.10958 4
15.142376 55.109333 5
15.142365 55.109528 6
15.142055 55.109432 7
15.142098 55.109577 8
15.14163 55.109516 9
15.14154 55.10972 10
15.141096 55.109646 12
15.14104 55.10946 13
15.140819 55.109646 14
15.140484 55.109535 15
14.802071 55.276184 1
15.14276 55.1093 2
15.142671 55.10958 4
15.142376 55.109333 5
15.142365 55.109528 6
15.142055 55.109432 7
15.142098 55.109577 8
15.14163 55.109516 9
15.14154 55.10972 10
15.141096 55.109646 12
15.14104 55.10946 13
15.140819 55.109646 14
15.140484 55.109535 15
14.802071 55.276184 1
15.14276 55.1093 2
15.142671 55.10958 4
15.142376 55.109333 5
15.142365 55.109528 6
15.142055 55.109432 7
15.142098 55.109577 8
15.14163 55.109516 9
15.14154 55.10972 10
15.141096 55.109646 12
15.14104 55.10946 13
15.140819 55.109646 14
15.140484 55.109535 15
14.802071 55.276184 1
15.14276 55.1093 2
15.142671 55.10958 4
15.142376 55.109333 5
15.142365 55.109528 6
15.142055 55.109432 7
15.142098 55.109577 8
15.14163 55.109516 9
15.14154 55.10972 10
15.141096 55.109646 12
15.14104 55.10946 13
15.140819 55.109646 14
15.140484 55.109535 15
14.802071 55.276184 1
15.14276 55.1093 2
15.142671 55.10958 4
15.142376 55.109333 5
15.142365 55.109528 6
15.142055 55.109432 7
15.142098 55.109577 8
15.14163 55.109516 9
15.14154 55.10972 10
15.141096 55.109646 12
15.14104 55.10946 13
15.140819 55.109646 14
15.140484 55.109535 15
14.802071 55.276184 1
