15.143783 55.13685 1A
15.144075 55.13678 1B
15.143669 55.13669 1C
15.14376 55.13667 1D
15.143843 55.136654 1E
15.144289 55.136913 2B
15.144079 55.13698 2C
15.14393 55.137005 2D
15.143969 55.13705 2E
15.143801 55.137054 2F
15.143521 55.136974 3
15.143053 55.137196 4
15.142407 55.137093 5
15.142805 55.137302 6
15.142081 55.13722 7
15.142587 55.137177 8
15.141889 55.137264 9
15.142219 55.137283 10
15.141548 55.13733 11
15.142031 55.137547 12
15.141974 55.137405 12A
15.141254 55.13735 13
15.141384 55.137493 14
15.140941 55.13735 15
15.141079 55.137497 16
15.140643 55.13734 17
15.140785 55.13749 18
15.14006 55.1373 19
15.140571 55.137486 20
15.139601 55.137066 21A
15.140164 55.137463 22
15.139839 55.1374 24
15.138254 55.136494 25
15.139548 55.137386 26
15.138363 55.136425 27
15.139367 55.13715 28
15.138254 55.13634 29
15.138934 55.136967 30
15.137983 55.13633 31
15.138627 55.136833 32
15.137883 55.13643 33
15.138206 55.136715 34
15.137977 55.136513 35
15.137741 55.136715 38
15.136165 55.136246 39
15.13763 55.136707 40
15.133968 55.13573 41
15.137191 55.13668 42
15.136855 55.13666 44
15.128238 55.134136 45
15.141848 55.13744 12B
15.14172 55.137474 12C
15.12847 55.13316 47
15.139625 55.13706 21
15.136095 55.13616 39B
15.136084 55.13618 39A
15.136184 55.136192 39C
15.136285 55.136177 39F
15.136193 55.13617 39D
15.13628 55.1362 39E
15.143783 55.13685 1A
15.144075 55.13678 1B
15.143669 55.13669 1C
15.14376 55.13667 1D
15.143843 55.136654 1E
15.144289 55.136913 2B
15.144079 55.13698 2C
15.14393 55.137005 2D
15.143969 55.13705 2E
15.143801 55.137054 2F
15.143521 55.136974 3
15.143053 55.137196 4
15.142407 55.137093 5
15.142805 55.137302 6
15.142081 55.13722 7
15.142587 55.137177 8
15.141889 55.137264 9
15.142219 55.137283 10
15.141548 55.13733 11
15.142031 55.137547 12
15.141974 55.137405 12A
15.141254 55.13735 13
15.141384 55.137493 14
15.140941 55.13735 15
15.141079 55.137497 16
15.140643 55.13734 17
15.140785 55.13749 18
15.14006 55.1373 19
15.140571 55.137486 20
15.139601 55.137066 21A
15.140164 55.137463 22
15.139839 55.1374 24
15.138254 55.136494 25
15.139548 55.137386 26
15.138363 55.136425 27
15.139367 55.13715 28
15.138254 55.13634 29
15.138934 55.136967 30
15.137983 55.13633 31
15.138627 55.136833 32
15.137883 55.13643 33
15.138206 55.136715 34
15.137977 55.136513 35
15.137741 55.136715 38
15.136165 55.136246 39
15.13763 55.136707 40
15.133968 55.13573 41
15.137191 55.13668 42
15.136855 55.13666 44
15.128238 55.134136 45
15.141848 55.13744 12B
15.14172 55.137474 12C
15.12847 55.13316 47
15.139625 55.13706 21
15.136095 55.13616 39B
15.136084 55.13618 39A
15.136184 55.136192 39C
15.136285 55.136177 39F
15.136193 55.13617 39D
15.13628 55.1362 39E
15.143783 55.13685 1A
15.144075 55.13678 1B
15.143669 55.13669 1C
15.14376 55.13667 1D
15.143843 55.136654 1E
15.144289 55.136913 2B
15.144079 55.13698 2C
15.14393 55.137005 2D
15.143969 55.13705 2E
15.143801 55.137054 2F
15.143521 55.136974 3
15.143053 55.137196 4
15.142407 55.137093 5
15.142805 55.137302 6
15.142081 55.13722 7
15.142587 55.137177 8
15.141889 55.137264 9
15.142219 55.137283 10
15.141548 55.13733 11
15.142031 55.137547 12
15.141974 55.137405 12A
15.141254 55.13735 13
15.141384 55.137493 14
15.140941 55.13735 15
15.141079 55.137497 16
15.140643 55.13734 17
15.140785 55.13749 18
15.14006 55.1373 19
15.140571 55.137486 20
15.139601 55.137066 21A
15.140164 55.137463 22
15.139839 55.1374 24
15.138254 55.136494 25
15.139548 55.137386 26
15.138363 55.136425 27
15.139367 55.13715 28
15.138254 55.13634 29
15.138934 55.136967 30
15.137983 55.13633 31
15.138627 55.136833 32
15.137883 55.13643 33
15.138206 55.136715 34
15.137977 55.136513 35
15.137741 55.136715 38
15.136165 55.136246 39
15.13763 55.136707 40
15.133968 55.13573 41
15.137191 55.13668 42
15.136855 55.13666 44
15.128238 55.134136 45
15.141848 55.13744 12B
15.14172 55.137474 12C
15.12847 55.13316 47
15.139625 55.13706 21
15.136095 55.13616 39B
15.136084 55.13618 39A
15.136184 55.136192 39C
15.136285 55.136177 39F
15.136193 55.13617 39D
15.13628 55.1362 39E
15.143783 55.13685 1A
15.144075 55.13678 1B
15.143669 55.13669 1C
15.14376 55.13667 1D
15.143843 55.136654 1E
15.144289 55.136913 2B
15.144079 55.13698 2C
15.14393 55.137005 2D
15.143969 55.13705 2E
15.143801 55.137054 2F
15.143521 55.136974 3
15.143053 55.137196 4
15.142407 55.137093 5
15.142805 55.137302 6
15.142081 55.13722 7
15.142587 55.137177 8
15.141889 55.137264 9
15.142219 55.137283 10
15.141548 55.13733 11
15.142031 55.137547 12
15.141974 55.137405 12A
15.141254 55.13735 13
15.141384 55.137493 14
15.140941 55.13735 15
15.141079 55.137497 16
15.140643 55.13734 17
15.140785 55.13749 18
15.14006 55.1373 19
15.140571 55.137486 20
15.139601 55.137066 21A
15.140164 55.137463 22
15.139839 55.1374 24
15.138254 55.136494 25
15.139548 55.137386 26
15.138363 55.136425 27
15.139367 55.13715 28
15.138254 55.13634 29
15.138934 55.136967 30
15.137983 55.13633 31
15.138627 55.136833 32
15.137883 55.13643 33
15.138206 55.136715 34
15.137977 55.136513 35
15.137741 55.136715 38
15.136165 55.136246 39
15.13763 55.136707 40
15.133968 55.13573 41
15.137191 55.13668 42
15.136855 55.13666 44
15.128238 55.134136 45
15.141848 55.13744 12B
15.14172 55.137474 12C
15.12847 55.13316 47
15.139625 55.13706 21
15.136095 55.13616 39B
15.136084 55.13618 39A
15.136184 55.136192 39C
15.136285 55.136177 39F
15.136193 55.13617 39D
15.13628 55.1362 39E
15.143783 55.13685 1A
15.144075 55.13678 1B
15.143669 55.13669 1C
15.14376 55.13667 1D
15.143843 55.136654 1E
15.144289 55.136913 2B
15.144079 55.13698 2C
15.14393 55.137005 2D
15.143969 55.13705 2E
15.143801 55.137054 2F
15.143521 55.136974 3
15.143053 55.137196 4
15.142407 55.137093 5
15.142805 55.137302 6
15.142081 55.13722 7
15.142587 55.137177 8
15.141889 55.137264 9
15.142219 55.137283 10
15.141548 55.13733 11
15.142031 55.137547 12
15.141974 55.137405 12A
15.141254 55.13735 13
15.141384 55.137493 14
15.140941 55.13735 15
15.141079 55.137497 16
15.140643 55.13734 17
15.140785 55.13749 18
15.14006 55.1373 19
15.140571 55.137486 20
15.139601 55.137066 21A
15.140164 55.137463 22
15.139839 55.1374 24
15.138254 55.136494 25
15.139548 55.137386 26
15.138363 55.136425 27
15.139367 55.13715 28
15.138254 55.13634 29
15.138934 55.136967 30
15.137983 55.13633 31
15.138627 55.136833 32
15.137883 55.13643 33
15.138206 55.136715 34
15.137977 55.136513 35
15.137741 55.136715 38
15.136165 55.136246 39
15.13763 55.136707 40
15.133968 55.13573 41
15.137191 55.13668 42
15.136855 55.13666 44
15.128238 55.134136 45
15.141848 55.13744 12B
15.14172 55.137474 12C
15.12847 55.13316 47
15.139625 55.13706 21
15.136095 55.13616 39B
15.136084 55.13618 39A
15.136184 55.136192 39C
15.136285 55.136177 39F
15.136193 55.13617 39D
15.13628 55.1362 39E
15.143783 55.13685 1A
15.144075 55.13678 1B
15.143669 55.13669 1C
15.14376 55.13667 1D
15.143843 55.136654 1E
15.144289 55.136913 2B
15.144079 55.13698 2C
15.14393 55.137005 2D
15.143969 55.13705 2E
15.143801 55.137054 2F
15.143521 55.136974 3
15.143053 55.137196 4
15.142407 55.137093 5
15.142805 55.137302 6
15.142081 55.13722 7
15.142587 55.137177 8
15.141889 55.137264 9
15.142219 55.137283 10
15.141548 55.13733 11
15.142031 55.137547 12
15.141974 55.137405 12A
15.141254 55.13735 13
15.141384 55.137493 14
15.140941 55.13735 15
15.141079 55.137497 16
15.140643 55.13734 17
15.140785 55.13749 18
15.14006 55.1373 19
15.140571 55.137486 20
15.139601 55.137066 21A
15.140164 55.137463 22
15.139839 55.1374 24
15.138254 55.136494 25
15.139548 55.137386 26
15.138363 55.136425 27
15.139367 55.13715 28
15.138254 55.13634 29
15.138934 55.136967 30
15.137983 55.13633 31
15.138627 55.136833 32
15.137883 55.13643 33
15.138206 55.136715 34
15.137977 55.136513 35
15.137741 55.136715 38
15.136165 55.136246 39
15.13763 55.136707 40
15.133968 55.13573 41
15.137191 55.13668 42
15.136855 55.13666 44
15.128238 55.134136 45
15.141848 55.13744 12B
15.14172 55.137474 12C
15.12847 55.13316 47
15.139625 55.13706 21
15.136095 55.13616 39B
15.136084 55.13618 39A
15.136184 55.136192 39C
15.136285 55.136177 39F
15.136193 55.13617 39D
15.13628 55.1362 39E
