15.143838 55.107796 2
15.143405 55.108074 3
15.143536 55.1086 4
15.143309 55.10824 5
15.143334 55.109375 6
15.14332 55.10846 7
15.143497 55.10957 8
15.143249 55.108646 9
15.143067 55.1086 9A
15.142855 55.108395 9D
15.143234 55.109673 10
15.142917 55.10866 11
15.143225 55.110027 12
15.143102 55.108845 13
15.143181 55.10928 15
15.143381 55.11017 16
15.142908 55.10974 17
15.143395 55.110283 18
15.142935 55.11001 19
15.143412 55.11042 20
15.142943 55.11009 21
15.143424 55.11055 22
15.142856 55.110435 23
15.14344 55.110672 24
15.142871 55.110573 25
15.14345 55.11079 26
15.14288 55.11076 27
15.142877 55.11091 29
15.14297 55.11109 31
15.142978 55.111164 33
15.142969 55.111774 35
15.143838 55.107796 2
15.143405 55.108074 3
15.143536 55.1086 4
15.143309 55.10824 5
15.143334 55.109375 6
15.14332 55.10846 7
15.143497 55.10957 8
15.143249 55.108646 9
15.143067 55.1086 9A
15.142855 55.108395 9D
15.143234 55.109673 10
15.142917 55.10866 11
15.143225 55.110027 12
15.143102 55.108845 13
15.143181 55.10928 15
15.143381 55.11017 16
15.142908 55.10974 17
15.143395 55.110283 18
15.142935 55.11001 19
15.143412 55.11042 20
15.142943 55.11009 21
15.143424 55.11055 22
15.142856 55.110435 23
15.14344 55.110672 24
15.142871 55.110573 25
15.14345 55.11079 26
15.14288 55.11076 27
15.142877 55.11091 29
15.14297 55.11109 31
15.142978 55.111164 33
15.142969 55.111774 35
15.143838 55.107796 2
15.143405 55.108074 3
15.143536 55.1086 4
15.143309 55.10824 5
15.143334 55.109375 6
15.14332 55.10846 7
15.143497 55.10957 8
15.143249 55.108646 9
15.143067 55.1086 9A
15.142855 55.108395 9D
15.143234 55.109673 10
15.142917 55.10866 11
15.143225 55.110027 12
15.143102 55.108845 13
15.143181 55.10928 15
15.143381 55.11017 16
15.142908 55.10974 17
15.143395 55.110283 18
15.142935 55.11001 19
15.143412 55.11042 20
15.142943 55.11009 21
15.143424 55.11055 22
15.142856 55.110435 23
15.14344 55.110672 24
15.142871 55.110573 25
15.14345 55.11079 26
15.14288 55.11076 27
15.142877 55.11091 29
15.14297 55.11109 31
15.142978 55.111164 33
15.142969 55.111774 35
15.143838 55.107796 2
15.143405 55.108074 3
15.143536 55.1086 4
15.143309 55.10824 5
15.143334 55.109375 6
15.14332 55.10846 7
15.143497 55.10957 8
15.143249 55.108646 9
15.143067 55.1086 9A
15.142855 55.108395 9D
15.143234 55.109673 10
15.142917 55.10866 11
15.143225 55.110027 12
15.143102 55.108845 13
15.143181 55.10928 15
15.143381 55.11017 16
15.142908 55.10974 17
15.143395 55.110283 18
15.142935 55.11001 19
15.143412 55.11042 20
15.142943 55.11009 21
15.143424 55.11055 22
15.142856 55.110435 23
15.14344 55.110672 24
15.142871 55.110573 25
15.14345 55.11079 26
15.14288 55.11076 27
15.142877 55.11091 29
15.14297 55.11109 31
15.142978 55.111164 33
15.142969 55.111774 35
15.143838 55.107796 2
15.143405 55.108074 3
15.143536 55.1086 4
15.143309 55.10824 5
15.143334 55.109375 6
15.14332 55.10846 7
15.143497 55.10957 8
15.143249 55.108646 9
15.143067 55.1086 9A
15.142855 55.108395 9D
15.143234 55.109673 10
15.142917 55.10866 11
15.143225 55.110027 12
15.143102 55.108845 13
15.143181 55.10928 15
15.143381 55.11017 16
15.142908 55.10974 17
15.143395 55.110283 18
15.142935 55.11001 19
15.143412 55.11042 20
15.142943 55.11009 21
15.143424 55.11055 22
15.142856 55.110435 23
15.14344 55.110672 24
15.142871 55.110573 25
15.14345 55.11079 26
15.14288 55.11076 27
15.142877 55.11091 29
15.14297 55.11109 31
15.142978 55.111164 33
15.142969 55.111774 35
15.143838 55.107796 2
15.143405 55.108074 3
15.143536 55.1086 4
15.143309 55.10824 5
15.143334 55.109375 6
15.14332 55.10846 7
15.143497 55.10957 8
15.143249 55.108646 9
15.143067 55.1086 9A
15.142855 55.108395 9D
15.143234 55.109673 10
15.142917 55.10866 11
15.143225 55.110027 12
15.143102 55.108845 13
15.143181 55.10928 15
15.143381 55.11017 16
15.142908 55.10974 17
15.143395 55.110283 18
15.142935 55.11001 19
15.143412 55.11042 20
15.142943 55.11009 21
15.143424 55.11055 22
15.142856 55.110435 23
15.14344 55.110672 24
15.142871 55.110573 25
15.14345 55.11079 26
15.14288 55.11076 27
15.142877 55.11091 29
15.14297 55.11109 31
15.142978 55.111164 33
15.142969 55.111774 35
