15.110184 55.14575 1B
15.110275 55.14574 1C
15.110183 55.145786 1D
15.110059 55.145756 1E
15.110523 55.145775 1G
15.110689 55.145683 1H
15.109927 55.145615 2
15.114682 55.14432 3
15.110316 55.14562 4
15.114761 55.144176 5
15.110814 55.14553 6
15.111028 55.145466 8
15.114827 55.143513 9
15.111319 55.145226 10
15.116936 55.143013 11
15.116842 55.142902 11A
15.11655 55.143097 11B
15.111711 55.145237 12
15.116401 55.142906 13
15.112121 55.145164 14
15.113599 55.144833 16
15.114018 55.144707 18
15.114284 55.144444 20
15.114553 55.14413 22
15.114504 55.14426 22A
15.114306 55.143738 24
15.114889 55.143757 26
15.115167 55.14367 28
15.115653 55.143364 32
15.115846 55.14351 34
15.116042 55.143463 36
15.116219 55.143394 38
15.116398 55.14334 40
15.116337 55.14315 42
15.110232 55.14541 4A
15.112378 55.145454 1L
15.110096 55.14575 1F
15.114803 55.143993 7
15.113491 55.144848 16B
15.113467 55.144802 16C
15.113688 55.14484 16N
15.1134 55.144688 16F
15.113443 55.14476 16D
15.113421 55.144722 16E
15.113512 55.144882 16A
15.113661 55.144794 16M
15.113378 55.144646 16G
15.113572 55.144627 16H
15.113601 55.144684 16K
15.113635 55.144745 16L
14.778144 55.289055 1
15.110184 55.14575 1B
15.110275 55.14574 1C
15.110183 55.145786 1D
15.110059 55.145756 1E
15.110523 55.145775 1G
15.110689 55.145683 1H
15.109927 55.145615 2
15.114682 55.14432 3
15.110316 55.14562 4
15.114761 55.144176 5
15.110814 55.14553 6
15.111028 55.145466 8
15.114827 55.143513 9
15.111319 55.145226 10
15.116936 55.143013 11
15.116842 55.142902 11A
15.11655 55.143097 11B
15.111711 55.145237 12
15.116401 55.142906 13
15.112121 55.145164 14
15.113599 55.144833 16
15.114018 55.144707 18
15.114284 55.144444 20
15.114553 55.14413 22
15.114504 55.14426 22A
15.114306 55.143738 24
15.114889 55.143757 26
15.115167 55.14367 28
15.115653 55.143364 32
15.115846 55.14351 34
15.116042 55.143463 36
15.116219 55.143394 38
15.116398 55.14334 40
15.116337 55.14315 42
15.110232 55.14541 4A
15.112378 55.145454 1L
15.110096 55.14575 1F
15.114803 55.143993 7
15.113491 55.144848 16B
15.113467 55.144802 16C
15.113688 55.14484 16N
15.1134 55.144688 16F
15.113443 55.14476 16D
15.113421 55.144722 16E
15.113512 55.144882 16A
15.113661 55.144794 16M
15.113378 55.144646 16G
15.113572 55.144627 16H
15.113601 55.144684 16K
15.113635 55.144745 16L
14.778144 55.289055 1
15.110184 55.14575 1B
15.110275 55.14574 1C
15.110183 55.145786 1D
15.110059 55.145756 1E
15.110523 55.145775 1G
15.110689 55.145683 1H
15.109927 55.145615 2
15.114682 55.14432 3
15.110316 55.14562 4
15.114761 55.144176 5
15.110814 55.14553 6
15.111028 55.145466 8
15.114827 55.143513 9
15.111319 55.145226 10
15.116936 55.143013 11
15.116842 55.142902 11A
15.11655 55.143097 11B
15.111711 55.145237 12
15.116401 55.142906 13
15.112121 55.145164 14
15.113599 55.144833 16
15.114018 55.144707 18
15.114284 55.144444 20
15.114553 55.14413 22
15.114504 55.14426 22A
15.114306 55.143738 24
15.114889 55.143757 26
15.115167 55.14367 28
15.115653 55.143364 32
15.115846 55.14351 34
15.116042 55.143463 36
15.116219 55.143394 38
15.116398 55.14334 40
15.116337 55.14315 42
15.110232 55.14541 4A
15.112378 55.145454 1L
15.110096 55.14575 1F
15.114803 55.143993 7
15.113491 55.144848 16B
15.113467 55.144802 16C
15.113688 55.14484 16N
15.1134 55.144688 16F
15.113443 55.14476 16D
15.113421 55.144722 16E
15.113512 55.144882 16A
15.113661 55.144794 16M
15.113378 55.144646 16G
15.113572 55.144627 16H
15.113601 55.144684 16K
15.113635 55.144745 16L
14.778144 55.289055 1
15.110184 55.14575 1B
15.110275 55.14574 1C
15.110183 55.145786 1D
15.110059 55.145756 1E
15.110523 55.145775 1G
15.110689 55.145683 1H
15.109927 55.145615 2
15.114682 55.14432 3
15.110316 55.14562 4
15.114761 55.144176 5
15.110814 55.14553 6
15.111028 55.145466 8
15.114827 55.143513 9
15.111319 55.145226 10
15.116936 55.143013 11
15.116842 55.142902 11A
15.11655 55.143097 11B
15.111711 55.145237 12
15.116401 55.142906 13
15.112121 55.145164 14
15.113599 55.144833 16
15.114018 55.144707 18
15.114284 55.144444 20
15.114553 55.14413 22
15.114504 55.14426 22A
15.114306 55.143738 24
15.114889 55.143757 26
15.115167 55.14367 28
15.115653 55.143364 32
15.115846 55.14351 34
15.116042 55.143463 36
15.116219 55.143394 38
15.116398 55.14334 40
15.116337 55.14315 42
15.110232 55.14541 4A
15.112378 55.145454 1L
15.110096 55.14575 1F
15.114803 55.143993 7
15.113491 55.144848 16B
15.113467 55.144802 16C
15.113688 55.14484 16N
15.1134 55.144688 16F
15.113443 55.14476 16D
15.113421 55.144722 16E
15.113512 55.144882 16A
15.113661 55.144794 16M
15.113378 55.144646 16G
15.113572 55.144627 16H
15.113601 55.144684 16K
15.113635 55.144745 16L
14.778144 55.289055 1
15.110184 55.14575 1B
15.110275 55.14574 1C
15.110183 55.145786 1D
15.110059 55.145756 1E
15.110523 55.145775 1G
15.110689 55.145683 1H
15.109927 55.145615 2
15.114682 55.14432 3
15.110316 55.14562 4
15.114761 55.144176 5
15.110814 55.14553 6
15.111028 55.145466 8
15.114827 55.143513 9
15.111319 55.145226 10
15.116936 55.143013 11
15.116842 55.142902 11A
15.11655 55.143097 11B
15.111711 55.145237 12
15.116401 55.142906 13
15.112121 55.145164 14
15.113599 55.144833 16
15.114018 55.144707 18
15.114284 55.144444 20
15.114553 55.14413 22
15.114504 55.14426 22A
15.114306 55.143738 24
15.114889 55.143757 26
15.115167 55.14367 28
15.115653 55.143364 32
15.115846 55.14351 34
15.116042 55.143463 36
15.116219 55.143394 38
15.116398 55.14334 40
15.116337 55.14315 42
15.110232 55.14541 4A
15.112378 55.145454 1L
15.110096 55.14575 1F
15.114803 55.143993 7
15.113491 55.144848 16B
15.113467 55.144802 16C
15.113688 55.14484 16N
15.1134 55.144688 16F
15.113443 55.14476 16D
15.113421 55.144722 16E
15.113512 55.144882 16A
15.113661 55.144794 16M
15.113378 55.144646 16G
15.113572 55.144627 16H
15.113601 55.144684 16K
15.113635 55.144745 16L
14.778144 55.289055 1
15.110184 55.14575 1B
15.110275 55.14574 1C
15.110183 55.145786 1D
15.110059 55.145756 1E
15.110523 55.145775 1G
15.110689 55.145683 1H
15.109927 55.145615 2
15.114682 55.14432 3
15.110316 55.14562 4
15.114761 55.144176 5
15.110814 55.14553 6
15.111028 55.145466 8
15.114827 55.143513 9
15.111319 55.145226 10
15.116936 55.143013 11
15.116842 55.142902 11A
15.11655 55.143097 11B
15.111711 55.145237 12
15.116401 55.142906 13
15.112121 55.145164 14
15.113599 55.144833 16
15.114018 55.144707 18
15.114284 55.144444 20
15.114553 55.14413 22
15.114504 55.14426 22A
15.114306 55.143738 24
15.114889 55.143757 26
15.115167 55.14367 28
15.115653 55.143364 32
15.115846 55.14351 34
15.116042 55.143463 36
15.116219 55.143394 38
15.116398 55.14334 40
15.116337 55.14315 42
15.110232 55.14541 4A
15.112378 55.145454 1L
15.110096 55.14575 1F
15.114803 55.143993 7
15.113491 55.144848 16B
15.113467 55.144802 16C
15.113688 55.14484 16N
15.1134 55.144688 16F
15.113443 55.14476 16D
15.113421 55.144722 16E
15.113512 55.144882 16A
15.113661 55.144794 16M
15.113378 55.144646 16G
15.113572 55.144627 16H
15.113601 55.144684 16K
15.113635 55.144745 16L
14.778144 55.289055 1
