15.075461 55.138638 32
15.087025 55.136997 34
15.087889 55.133423 36
15.091631 55.137066 38
15.092944 55.13636 40
15.093801 55.13673 42
15.076517 55.14039 59
15.079582 55.143085 61
15.077906 55.144325 63
15.091484 55.13763 65
15.093573 55.1376 67
15.094447 55.13826 69
15.09536 55.136627 44
15.075461 55.138638 32
15.087025 55.136997 34
15.087889 55.133423 36
15.091631 55.137066 38
15.092944 55.13636 40
15.093801 55.13673 42
15.076517 55.14039 59
15.079582 55.143085 61
15.077906 55.144325 63
15.091484 55.13763 65
15.093573 55.1376 67
15.094447 55.13826 69
15.09536 55.136627 44
15.075461 55.138638 32
15.087025 55.136997 34
15.087889 55.133423 36
15.091631 55.137066 38
15.092944 55.13636 40
15.093801 55.13673 42
15.076517 55.14039 59
15.079582 55.143085 61
15.077906 55.144325 63
15.091484 55.13763 65
15.093573 55.1376 67
15.094447 55.13826 69
15.09536 55.136627 44
15.075461 55.138638 32
15.087025 55.136997 34
15.087889 55.133423 36
15.091631 55.137066 38
15.092944 55.13636 40
15.093801 55.13673 42
15.076517 55.14039 59
15.079582 55.143085 61
15.077906 55.144325 63
15.091484 55.13763 65
15.093573 55.1376 67
15.094447 55.13826 69
15.09536 55.136627 44
15.075461 55.138638 32
15.087025 55.136997 34
15.087889 55.133423 36
15.091631 55.137066 38
15.092944 55.13636 40
15.093801 55.13673 42
15.076517 55.14039 59
15.079582 55.143085 61
15.077906 55.144325 63
15.091484 55.13763 65
15.093573 55.1376 67
15.094447 55.13826 69
15.09536 55.136627 44
15.075461 55.138638 32
15.087025 55.136997 34
15.087889 55.133423 36
15.091631 55.137066 38
15.092944 55.13636 40
15.093801 55.13673 42
15.076517 55.14039 59
15.079582 55.143085 61
15.077906 55.144325 63
15.091484 55.13763 65
15.093573 55.1376 67
15.094447 55.13826 69
15.09536 55.136627 44
