15.14484 55.133522 1
15.144491 55.133495 2
15.144987 55.13345 3
15.14486 55.13334 4B
15.145425 55.13309 5
15.145207 55.13305 6
15.145504 55.133 7
15.145314 55.132908 8
15.145706 55.13275 9
15.145354 55.132824 10
15.145798 55.132484 11
15.145383 55.132725 12
15.14583 55.132378 13
15.14557 55.132515 14
15.145663 55.132233 16
15.145985 55.131996 17
15.145754 55.131966 18
15.146053 55.13179 19
15.145819 55.131783 20
15.146537 55.13169 21
15.145908 55.13155 22A
15.145652 55.1315 22B
15.146188 55.13151 23
15.145976 55.131424 24
15.146364 55.131348 25
15.14608 55.131264 26
15.146612 55.13115 27
15.146192 55.131107 28
15.146898 55.13092 29
15.14623 55.131058 30
15.146942 55.130604 31
15.146308 55.130943 32
15.146577 55.13035 34
15.150498 55.127094 35A
15.150633 55.12691 35B
15.150278 55.127064 35C
15.150298 55.126896 35D
15.150384 55.126755 35E
15.150058 55.127148 35F
15.150092 55.127014 35G
15.149995 55.12673 35H
15.15019 55.126606 35I
15.150638 55.12659 35J
15.149695 55.127182 35K
15.149665 55.12702 35L
15.149657 55.126858 35M
15.149613 55.126682 35N
15.149612 55.126534 35O
15.14959 55.126373 35P
15.149377 55.126736 35Q
15.149337 55.12644 35R
15.146693 55.13018 36
15.146899 55.129852 38
15.147026 55.129585 40
15.144762 55.13339 4A
15.150336 55.12651 35S
15.14484 55.133522 1
15.144491 55.133495 2
15.144987 55.13345 3
15.14486 55.13334 4B
15.145425 55.13309 5
15.145207 55.13305 6
15.145504 55.133 7
15.145314 55.132908 8
15.145706 55.13275 9
15.145354 55.132824 10
15.145798 55.132484 11
15.145383 55.132725 12
15.14583 55.132378 13
15.14557 55.132515 14
15.145663 55.132233 16
15.145985 55.131996 17
15.145754 55.131966 18
15.146053 55.13179 19
15.145819 55.131783 20
15.146537 55.13169 21
15.145908 55.13155 22A
15.145652 55.1315 22B
15.146188 55.13151 23
15.145976 55.131424 24
15.146364 55.131348 25
15.14608 55.131264 26
15.146612 55.13115 27
15.146192 55.131107 28
15.146898 55.13092 29
15.14623 55.131058 30
15.146942 55.130604 31
15.146308 55.130943 32
15.146577 55.13035 34
15.150498 55.127094 35A
15.150633 55.12691 35B
15.150278 55.127064 35C
15.150298 55.126896 35D
15.150384 55.126755 35E
15.150058 55.127148 35F
15.150092 55.127014 35G
15.149995 55.12673 35H
15.15019 55.126606 35I
15.150638 55.12659 35J
15.149695 55.127182 35K
15.149665 55.12702 35L
15.149657 55.126858 35M
15.149613 55.126682 35N
15.149612 55.126534 35O
15.14959 55.126373 35P
15.149377 55.126736 35Q
15.149337 55.12644 35R
15.146693 55.13018 36
15.146899 55.129852 38
15.147026 55.129585 40
15.144762 55.13339 4A
15.150336 55.12651 35S
15.14484 55.133522 1
15.144491 55.133495 2
15.144987 55.13345 3
15.14486 55.13334 4B
15.145425 55.13309 5
15.145207 55.13305 6
15.145504 55.133 7
15.145314 55.132908 8
15.145706 55.13275 9
15.145354 55.132824 10
15.145798 55.132484 11
15.145383 55.132725 12
15.14583 55.132378 13
15.14557 55.132515 14
15.145663 55.132233 16
15.145985 55.131996 17
15.145754 55.131966 18
15.146053 55.13179 19
15.145819 55.131783 20
15.146537 55.13169 21
15.145908 55.13155 22A
15.145652 55.1315 22B
15.146188 55.13151 23
15.145976 55.131424 24
15.146364 55.131348 25
15.14608 55.131264 26
15.146612 55.13115 27
15.146192 55.131107 28
15.146898 55.13092 29
15.14623 55.131058 30
15.146942 55.130604 31
15.146308 55.130943 32
15.146577 55.13035 34
15.150498 55.127094 35A
15.150633 55.12691 35B
15.150278 55.127064 35C
15.150298 55.126896 35D
15.150384 55.126755 35E
15.150058 55.127148 35F
15.150092 55.127014 35G
15.149995 55.12673 35H
15.15019 55.126606 35I
15.150638 55.12659 35J
15.149695 55.127182 35K
15.149665 55.12702 35L
15.149657 55.126858 35M
15.149613 55.126682 35N
15.149612 55.126534 35O
15.14959 55.126373 35P
15.149377 55.126736 35Q
15.149337 55.12644 35R
15.146693 55.13018 36
15.146899 55.129852 38
15.147026 55.129585 40
15.144762 55.13339 4A
15.150336 55.12651 35S
15.14484 55.133522 1
15.144491 55.133495 2
15.144987 55.13345 3
15.14486 55.13334 4B
15.145425 55.13309 5
15.145207 55.13305 6
15.145504 55.133 7
15.145314 55.132908 8
15.145706 55.13275 9
15.145354 55.132824 10
15.145798 55.132484 11
15.145383 55.132725 12
15.14583 55.132378 13
15.14557 55.132515 14
15.145663 55.132233 16
15.145985 55.131996 17
15.145754 55.131966 18
15.146053 55.13179 19
15.145819 55.131783 20
15.146537 55.13169 21
15.145908 55.13155 22A
15.145652 55.1315 22B
15.146188 55.13151 23
15.145976 55.131424 24
15.146364 55.131348 25
15.14608 55.131264 26
15.146612 55.13115 27
15.146192 55.131107 28
15.146898 55.13092 29
15.14623 55.131058 30
15.146942 55.130604 31
15.146308 55.130943 32
15.146577 55.13035 34
15.150498 55.127094 35A
15.150633 55.12691 35B
15.150278 55.127064 35C
15.150298 55.126896 35D
15.150384 55.126755 35E
15.150058 55.127148 35F
15.150092 55.127014 35G
15.149995 55.12673 35H
15.15019 55.126606 35I
15.150638 55.12659 35J
15.149695 55.127182 35K
15.149665 55.12702 35L
15.149657 55.126858 35M
15.149613 55.126682 35N
15.149612 55.126534 35O
15.14959 55.126373 35P
15.149377 55.126736 35Q
15.149337 55.12644 35R
15.146693 55.13018 36
15.146899 55.129852 38
15.147026 55.129585 40
15.144762 55.13339 4A
15.150336 55.12651 35S
15.14484 55.133522 1
15.144491 55.133495 2
15.144987 55.13345 3
15.14486 55.13334 4B
15.145425 55.13309 5
15.145207 55.13305 6
15.145504 55.133 7
15.145314 55.132908 8
15.145706 55.13275 9
15.145354 55.132824 10
15.145798 55.132484 11
15.145383 55.132725 12
15.14583 55.132378 13
15.14557 55.132515 14
15.145663 55.132233 16
15.145985 55.131996 17
15.145754 55.131966 18
15.146053 55.13179 19
15.145819 55.131783 20
15.146537 55.13169 21
15.145908 55.13155 22A
15.145652 55.1315 22B
15.146188 55.13151 23
15.145976 55.131424 24
15.146364 55.131348 25
15.14608 55.131264 26
15.146612 55.13115 27
15.146192 55.131107 28
15.146898 55.13092 29
15.14623 55.131058 30
15.146942 55.130604 31
15.146308 55.130943 32
15.146577 55.13035 34
15.150498 55.127094 35A
15.150633 55.12691 35B
15.150278 55.127064 35C
15.150298 55.126896 35D
15.150384 55.126755 35E
15.150058 55.127148 35F
15.150092 55.127014 35G
15.149995 55.12673 35H
15.15019 55.126606 35I
15.150638 55.12659 35J
15.149695 55.127182 35K
15.149665 55.12702 35L
15.149657 55.126858 35M
15.149613 55.126682 35N
15.149612 55.126534 35O
15.14959 55.126373 35P
15.149377 55.126736 35Q
15.149337 55.12644 35R
15.146693 55.13018 36
15.146899 55.129852 38
15.147026 55.129585 40
15.144762 55.13339 4A
15.150336 55.12651 35S
15.14484 55.133522 1
15.144491 55.133495 2
15.144987 55.13345 3
15.14486 55.13334 4B
15.145425 55.13309 5
15.145207 55.13305 6
15.145504 55.133 7
15.145314 55.132908 8
15.145706 55.13275 9
15.145354 55.132824 10
15.145798 55.132484 11
15.145383 55.132725 12
15.14583 55.132378 13
15.14557 55.132515 14
15.145663 55.132233 16
15.145985 55.131996 17
15.145754 55.131966 18
15.146053 55.13179 19
15.145819 55.131783 20
15.146537 55.13169 21
15.145908 55.13155 22A
15.145652 55.1315 22B
15.146188 55.13151 23
15.145976 55.131424 24
15.146364 55.131348 25
15.14608 55.131264 26
15.146612 55.13115 27
15.146192 55.131107 28
15.146898 55.13092 29
15.14623 55.131058 30
15.146942 55.130604 31
15.146308 55.130943 32
15.146577 55.13035 34
15.150498 55.127094 35A
15.150633 55.12691 35B
15.150278 55.127064 35C
15.150298 55.126896 35D
15.150384 55.126755 35E
15.150058 55.127148 35F
15.150092 55.127014 35G
15.149995 55.12673 35H
15.15019 55.126606 35I
15.150638 55.12659 35J
15.149695 55.127182 35K
15.149665 55.12702 35L
15.149657 55.126858 35M
15.149613 55.126682 35N
15.149612 55.126534 35O
15.14959 55.126373 35P
15.149377 55.126736 35Q
15.149337 55.12644 35R
15.146693 55.13018 36
15.146899 55.129852 38
15.147026 55.129585 40
15.144762 55.13339 4A
15.150336 55.12651 35S
