15.142484 55.102028 7
15.139567 55.098495 8
15.142546 55.10027 8A
15.142597 55.102608 9
14.923827 55.06116 2
15.142484 55.102028 7
15.139567 55.098495 8
15.142546 55.10027 8A
15.142597 55.102608 9
14.923827 55.06116 2
15.142484 55.102028 7
15.139567 55.098495 8
15.142546 55.10027 8A
15.142597 55.102608 9
14.923827 55.06116 2
15.142484 55.102028 7
15.139567 55.098495 8
15.142546 55.10027 8A
15.142597 55.102608 9
14.923827 55.06116 2
15.142484 55.102028 7
15.139567 55.098495 8
15.142546 55.10027 8A
15.142597 55.102608 9
14.923827 55.06116 2
15.142484 55.102028 7
15.139567 55.098495 8
15.142546 55.10027 8A
15.142597 55.102608 9
14.923827 55.06116 2
