15.137256 55.135952 2
15.137318 55.13644 3
15.137292 55.135834 4
15.137567 55.136242 5
15.137325 55.13622 7
15.137427 55.135723 8
15.137677 55.13604 9
15.137615 55.1358 10
15.13746 55.136005 11
15.137826 55.13585 12
15.137189 55.135666 6
14.70647 55.111664 2
15.137256 55.135952 2
15.137318 55.13644 3
15.137292 55.135834 4
15.137567 55.136242 5
15.137325 55.13622 7
15.137427 55.135723 8
15.137677 55.13604 9
15.137615 55.1358 10
15.13746 55.136005 11
15.137826 55.13585 12
15.137189 55.135666 6
14.70647 55.111664 2
15.137256 55.135952 2
15.137318 55.13644 3
15.137292 55.135834 4
15.137567 55.136242 5
15.137325 55.13622 7
15.137427 55.135723 8
15.137677 55.13604 9
15.137615 55.1358 10
15.13746 55.136005 11
15.137826 55.13585 12
15.137189 55.135666 6
14.70647 55.111664 2
15.137256 55.135952 2
15.137318 55.13644 3
15.137292 55.135834 4
15.137567 55.136242 5
15.137325 55.13622 7
15.137427 55.135723 8
15.137677 55.13604 9
15.137615 55.1358 10
15.13746 55.136005 11
15.137826 55.13585 12
15.137189 55.135666 6
14.70647 55.111664 2
15.137256 55.135952 2
15.137318 55.13644 3
15.137292 55.135834 4
15.137567 55.136242 5
15.137325 55.13622 7
15.137427 55.135723 8
15.137677 55.13604 9
15.137615 55.1358 10
15.13746 55.136005 11
15.137826 55.13585 12
15.137189 55.135666 6
14.70647 55.111664 2
15.137256 55.135952 2
15.137318 55.13644 3
15.137292 55.135834 4
15.137567 55.136242 5
15.137325 55.13622 7
15.137427 55.135723 8
15.137677 55.13604 9
15.137615 55.1358 10
15.13746 55.136005 11
15.137826 55.13585 12
15.137189 55.135666 6
14.70647 55.111664 2
