15.099626 55.147503 2
15.090988 55.14752 3
15.092784 55.14688 5
15.096113 55.14555 7
15.085691 55.140095 1V
15.099576 55.147327 2A
14.907967 55.067844 1
15.099626 55.147503 2
15.090988 55.14752 3
15.092784 55.14688 5
15.096113 55.14555 7
15.085691 55.140095 1V
15.099576 55.147327 2A
14.907967 55.067844 1
15.099626 55.147503 2
15.090988 55.14752 3
15.092784 55.14688 5
15.096113 55.14555 7
15.085691 55.140095 1V
15.099576 55.147327 2A
14.907967 55.067844 1
15.099626 55.147503 2
15.090988 55.14752 3
15.092784 55.14688 5
15.096113 55.14555 7
15.085691 55.140095 1V
15.099576 55.147327 2A
14.907967 55.067844 1
15.099626 55.147503 2
15.090988 55.14752 3
15.092784 55.14688 5
15.096113 55.14555 7
15.085691 55.140095 1V
15.099576 55.147327 2A
14.907967 55.067844 1
15.099626 55.147503 2
15.090988 55.14752 3
15.092784 55.14688 5
15.096113 55.14555 7
15.085691 55.140095 1V
15.099576 55.147327 2A
14.907967 55.067844 1
