15.141914 55.13462 1
15.141636 55.134674 2
15.141131 55.13469 2A
15.141807 55.134796 2C
15.141383 55.134575 3
15.140696 55.134785 4
15.141176 55.134583 5
15.140608 55.134956 6
15.140498 55.135036 8
15.14042 55.1351 10
15.140269 55.13523 12
15.140165 55.13512 13
15.140143 55.135334 14
15.139965 55.135277 15
15.1394 55.135925 16
15.139813 55.1354 17
15.139735 55.13546 19
15.139663 55.13554 21
15.138964 55.13622 22
15.139595 55.135593 23
15.139524 55.135643 25
15.139386 55.135696 27
15.139138 55.13588 29
15.138936 55.136024 31
15.138752 55.13616 33
15.141914 55.13462 1
15.141636 55.134674 2
15.141131 55.13469 2A
15.141807 55.134796 2C
15.141383 55.134575 3
15.140696 55.134785 4
15.141176 55.134583 5
15.140608 55.134956 6
15.140498 55.135036 8
15.14042 55.1351 10
15.140269 55.13523 12
15.140165 55.13512 13
15.140143 55.135334 14
15.139965 55.135277 15
15.1394 55.135925 16
15.139813 55.1354 17
15.139735 55.13546 19
15.139663 55.13554 21
15.138964 55.13622 22
15.139595 55.135593 23
15.139524 55.135643 25
15.139386 55.135696 27
15.139138 55.13588 29
15.138936 55.136024 31
15.138752 55.13616 33
15.141914 55.13462 1
15.141636 55.134674 2
15.141131 55.13469 2A
15.141807 55.134796 2C
15.141383 55.134575 3
15.140696 55.134785 4
15.141176 55.134583 5
15.140608 55.134956 6
15.140498 55.135036 8
15.14042 55.1351 10
15.140269 55.13523 12
15.140165 55.13512 13
15.140143 55.135334 14
15.139965 55.135277 15
15.1394 55.135925 16
15.139813 55.1354 17
15.139735 55.13546 19
15.139663 55.13554 21
15.138964 55.13622 22
15.139595 55.135593 23
15.139524 55.135643 25
15.139386 55.135696 27
15.139138 55.13588 29
15.138936 55.136024 31
15.138752 55.13616 33
15.141914 55.13462 1
15.141636 55.134674 2
15.141131 55.13469 2A
15.141807 55.134796 2C
15.141383 55.134575 3
15.140696 55.134785 4
15.141176 55.134583 5
15.140608 55.134956 6
15.140498 55.135036 8
15.14042 55.1351 10
15.140269 55.13523 12
15.140165 55.13512 13
15.140143 55.135334 14
15.139965 55.135277 15
15.1394 55.135925 16
15.139813 55.1354 17
15.139735 55.13546 19
15.139663 55.13554 21
15.138964 55.13622 22
15.139595 55.135593 23
15.139524 55.135643 25
15.139386 55.135696 27
15.139138 55.13588 29
15.138936 55.136024 31
15.138752 55.13616 33
15.141914 55.13462 1
15.141636 55.134674 2
15.141131 55.13469 2A
15.141807 55.134796 2C
15.141383 55.134575 3
15.140696 55.134785 4
15.141176 55.134583 5
15.140608 55.134956 6
15.140498 55.135036 8
15.14042 55.1351 10
15.140269 55.13523 12
15.140165 55.13512 13
15.140143 55.135334 14
15.139965 55.135277 15
15.1394 55.135925 16
15.139813 55.1354 17
15.139735 55.13546 19
15.139663 55.13554 21
15.138964 55.13622 22
15.139595 55.135593 23
15.139524 55.135643 25
15.139386 55.135696 27
15.139138 55.13588 29
15.138936 55.136024 31
15.138752 55.13616 33
15.141914 55.13462 1
15.141636 55.134674 2
15.141131 55.13469 2A
15.141807 55.134796 2C
15.141383 55.134575 3
15.140696 55.134785 4
15.141176 55.134583 5
15.140608 55.134956 6
15.140498 55.135036 8
15.14042 55.1351 10
15.140269 55.13523 12
15.140165 55.13512 13
15.140143 55.135334 14
15.139965 55.135277 15
15.1394 55.135925 16
15.139813 55.1354 17
15.139735 55.13546 19
15.139663 55.13554 21
15.138964 55.13622 22
15.139595 55.135593 23
15.139524 55.135643 25
15.139386 55.135696 27
15.139138 55.13588 29
15.138936 55.136024 31
15.138752 55.13616 33
