15.116635 55.14233 1
15.116474 55.14243 2
15.116127 55.141983 3
15.115879 55.14228 4A
15.115554 55.14239 4B
15.115347 55.14213 4C
15.115928 55.14184 5
15.11526 55.141865 6
15.115276 55.141525 8
14.804617 55.26853 2
15.116635 55.14233 1
15.116474 55.14243 2
15.116127 55.141983 3
15.115879 55.14228 4A
15.115554 55.14239 4B
15.115347 55.14213 4C
15.115928 55.14184 5
15.11526 55.141865 6
15.115276 55.141525 8
14.804617 55.26853 2
15.116635 55.14233 1
15.116474 55.14243 2
15.116127 55.141983 3
15.115879 55.14228 4A
15.115554 55.14239 4B
15.115347 55.14213 4C
15.115928 55.14184 5
15.11526 55.141865 6
15.115276 55.141525 8
14.804617 55.26853 2
15.116635 55.14233 1
15.116474 55.14243 2
15.116127 55.141983 3
15.115879 55.14228 4A
15.115554 55.14239 4B
15.115347 55.14213 4C
15.115928 55.14184 5
15.11526 55.141865 6
15.115276 55.141525 8
14.804617 55.26853 2
15.116635 55.14233 1
15.116474 55.14243 2
15.116127 55.141983 3
15.115879 55.14228 4A
15.115554 55.14239 4B
15.115347 55.14213 4C
15.115928 55.14184 5
15.11526 55.141865 6
15.115276 55.141525 8
14.804617 55.26853 2
15.116635 55.14233 1
15.116474 55.14243 2
15.116127 55.141983 3
15.115879 55.14228 4A
15.115554 55.14239 4B
15.115347 55.14213 4C
15.115928 55.14184 5
15.11526 55.141865 6
15.115276 55.141525 8
14.804617 55.26853 2
