12.574947 55.675896 4
12.574771 55.67576 4A
12.574489 55.67571 4B
12.574424 55.675762 4C
12.574663 55.67586 4D
12.575148 55.675743 6
12.575069 55.675713 6A
12.574791 55.675613 6B
12.576016 55.675014 12
12.576664 55.674477 16
12.576416 55.67444 16A
12.576129 55.67423 16B
12.576806 55.674347 18
12.576675 55.67425 18A
12.576258 55.67412 18B
12.577001 55.674206 20
12.578231 55.6742 21
12.57846 55.674026 23
12.577517 55.673798 24
12.577475 55.673748 24A
12.577353 55.673645 24B
12.577172 55.673714 24C
12.578894 55.673847 25
12.577107 55.67333 26
12.576751 55.67318 26C
12.576496 55.673084 26D
12.576548 55.673126 26E
12.576284 55.673027 26F
12.579 55.673557 27
12.578061 55.673363 28A
12.578215 55.673233 28B
12.578379 55.673016 28C
12.578123 55.672924 28D
12.577991 55.67276 28E
12.578137 55.67281 28F
12.578341 55.672882 28G
12.578526 55.67295 28H
12.579503 55.673237 29
12.578631 55.672855 30
12.574972 55.67615 1A
12.57503 55.676105 1B
12.575136 55.676018 1C
12.577731 55.67328 28K
12.577736 55.67311 28L
12.578997 55.67392 25B
12.579771 55.67417 25D
12.580151 55.673843 27E
12.579514 55.673637 27F
12.579354 55.673748 27G
12.578761 55.673492 27M
12.575065 55.67607 1
12.576443 55.674667 14
12.576829 55.67423 20A
12.579104 55.67425 21K
12.578313 55.67389 23A
12.574745 55.675648 6C
12.574992 55.675747 6D
12.579215 55.67417 25E
12.542871 55.64718 4
