12.545867 55.679173 1B
12.54626 55.679005 2
12.546332 55.67911 2A
12.545933 55.67927 3A
12.546043 55.67943 3B
12.546422 55.67919 4A
12.546504 55.67931 4B
12.546118 55.679504 5A
12.546199 55.679623 5B
12.546471 55.679424 6A
12.546573 55.679573 6B
12.546301 55.679764 7
12.546199 55.67986 7A
12.545862 55.679924 7B
12.546661 55.679684 8A
12.546972 55.67975 8B
12.54689 55.67995 10
12.547154 55.67982 10A
12.547261 55.679966 10B
12.546512 55.68015 11
12.547039 55.68025 12
12.546692 55.680325 13
12.635234 55.590927 3
