12.573673 55.689262 2A
12.573526 55.68933 2B
12.573249 55.689205 3
12.573372 55.6894 4
12.573082 55.689278 5
12.573027 55.689304 5A
12.572953 55.68933 5B
12.573226 55.68947 6
12.572853 55.689377 7
12.572794 55.689404 7A
12.572719 55.689438 7B
12.573029 55.689568 10
12.572361 55.689606 11
12.572837 55.689648 12
12.572184 55.689686 13
12.572578 55.689762 14
12.572014 55.68977 15
12.572343 55.689873 16
12.571832 55.689854 17
12.572102 55.68999 18
12.571652 55.689934 19
12.571861 55.690094 20
12.571469 55.690018 21
12.571643 55.690205 22
12.571177 55.69016 23
12.571417 55.6903 24
12.572582 55.68945 7D
12.572468 55.689503 7E
12.572578 55.68951 9A
12.572489 55.68955 9B
12.573474 55.689358 2
12.529661 55.697063 1
