12.531262 55.66771 1
12.53381 55.667866 23
12.532909 55.667774 21
12.532886 55.6675 12
12.531524 55.667492 2
12.533391 55.6677 25
12.532135 55.66789 15
12.533108 55.667435 14
12.532132 55.667614 6
12.532329 55.667866 17
12.533203 55.667423 16
12.531766 55.667614 4
12.532449 55.667847 19
12.531685 55.667896 7
12.534443 55.667767 47
12.532716 55.66753 10
12.531583 55.66789 5
12.531488 55.66789 3
12.531774 55.66791 9
12.531983 55.667953 13
12.53187 55.66793 11
12.534234 55.667892 41
12.533871 55.668064 33
12.53392 55.66796 31
12.53352 55.6677 27
12.533852 55.668358 39
12.533769 55.66779 29
12.533648 55.668327 37
12.533761 55.66818 35
12.659879 55.590073 1
