12.535036 55.66539 19
12.535035 55.665203 17
12.534636 55.665085 15
12.534857 55.66376 1
12.535495 55.66424 10
12.535591 55.663685 2
12.534958 55.664116 3
12.535431 55.6637 4
12.534868 55.664448 5
12.535352 55.66379 6
12.535176 55.663956 8
12.535034 55.66489 11
12.534988 55.664692 9
12.534938 55.66636 29
12.534961 55.66642 31
12.535044 55.666645 39
12.534998 55.666523 35
12.535088 55.666767 43
12.535064 55.666702 41
12.534882 55.665993 25
12.534907 55.665913 23
12.534874 55.666107 27
12.535097 55.66679 45
12.535117 55.666843 47
12.534979 55.66647 33
12.535018 55.666576 37
12.53496 55.664593 7
12.535469 55.66431 12
12.535465 55.66479 16
12.534978 55.66499 13
12.535556 55.665497 32
12.535544 55.665405 30
12.535521 55.665226 26
12.535568 55.665585 34
12.535509 55.66514 24
12.535486 55.66496 20
12.535532 55.665318 28
12.535497 55.665047 22
12.535474 55.664867 18
12.535528 55.665085 22A
12.535611 55.665535 34A
12.593341 55.637486 3
