12.534033 55.668514 29
12.53458 55.668045 21
12.535559 55.667747 14
12.536467 55.667515 8C
12.536165 55.66766 10
12.535803 55.667583 12
12.535856 55.669037 20
12.535571 55.6694 26
12.53589 55.66761 10A
12.535117 55.668888 35
12.535794 55.66742 2
12.535448 55.667908 16
12.536445 55.66754 8B
12.535431 55.669193 41
12.53641 55.667564 8A
12.535317 55.66807 18
12.535537 55.669064 39
12.53536 55.668945 37
12.536207 55.667522 4
12.535666 55.669273 24
12.535764 55.669147 22
12.536286 55.667545 6
12.534297 55.66858 27
12.534391 55.66829 25
12.534463 55.668175 23
