12.536857 55.664055 10
12.537225 55.664185 14
12.5372 55.664127 12
12.535707 55.664368 11
12.537242 55.664257 16
12.535784 55.6645 17
12.53585 55.664494 19
12.536402 55.664097 2
12.536405 55.664444 27
12.536539 55.664433 31
12.53668 55.664417 33
12.536834 55.664406 35
12.536539 55.66408 4
12.535896 55.66435 7
12.536605 55.664078 6
12.536705 55.664066 8
12.535787 55.66436 9
12.536989 55.66439 37
12.536266 55.664455 23A
12.535968 55.664345 5
12.536328 55.66445 25
12.536136 55.66423 1
12.535526 55.664387 15
12.535839 55.664337 7A
12.536175 55.664467 23
12.536474 55.664436 29
12.535622 55.664375 13
12.536001 55.664482 21
12.591168 55.612423 3
