12.537816 55.666737 70
12.537478 55.66678 72
12.53729 55.666794 74
12.537201 55.666805 76
12.536792 55.666912 78
12.535088 55.667282 100
12.533284 55.667103 101
12.530681 55.667435 105
12.531774 55.66745 140
12.530888 55.66766 144
12.536611 55.66693 80
12.532605 55.667355 132
12.532467 55.66737 134
12.534267 55.666954 97
12.534016 55.66699 99
12.538875 55.666653 40
12.538733 55.666668 42
12.538576 55.666687 44
12.538447 55.666702 46
12.53832 55.666718 48
12.531312 55.667316 103E
12.531518 55.667297 103D
12.531831 55.66726 103B
12.532021 55.66724 103A
12.536391 55.66696 82
12.533453 55.66726 120
12.530601 55.667667 148
12.530451 55.667675 150
12.531727 55.66727 103C
12.530868 55.667706 146
12.538836 55.666405 43
12.538679 55.666428 45
12.577125 55.673943 1
