12.537118 55.663857 10
12.537099 55.66399 14
12.537091 55.66396 12
12.536946 55.663998 16
12.536942 55.663967 18
12.537464 55.663853 2
12.536859 55.66386 20
12.536623 55.66387 22
12.536509 55.66387 24
12.536322 55.663868 26
12.536347 55.663948 28
12.536926 55.663403 3
12.536364 55.664013 30
12.536086 55.664074 32
12.536074 55.66404 34
12.536066 55.664017 36
12.53606 55.663994 38
12.537346 55.663857 4
12.536044 55.663937 40
12.537203 55.663857 8
12.536019 55.663864 42
12.536002 55.66379 44
12.535982 55.663727 46
12.536688 55.663525 5
12.537277 55.663857 6
12.536571 55.66353 7
12.536262 55.663425 9
12.526353 55.646595 2
