12.574515 55.681087 3
12.574654 55.68095 3A
12.574635 55.681297 4
12.574346 55.681026 5
12.574454 55.680943 5B
12.574208 55.681 7
12.574134 55.68114 8
12.574056 55.680965 9
12.574141 55.680817 9A
12.574002 55.68111 10
12.573917 55.680935 11
12.574017 55.68079 11A
12.573121 55.681263 12
12.573346 55.681053 12A
12.573653 55.680878 15
12.573097 55.680897 16
12.57337 55.680813 19
12.573539 55.68066 19A
12.573445 55.680645 19B
12.573231 55.680782 21
12.572088 55.680515 25
12.572248 55.680294 27
12.572231 55.680737 20
12.572084 55.68071 20A
12.571926 55.68068 22
12.571716 55.680653 24
12.574448 55.681232 6
12.57332 55.68095 14
12.572679 55.68085 18
12.571497 55.68039 29
12.572299 55.680195 29B
12.57179 55.680145 29A
12.542899 55.687695 1
