12.608087 55.673862 29
12.608474 55.674164 31
12.607182 55.673073 32
12.608623 55.67427 33
12.607356 55.673157 34
12.609149 55.674496 35
12.607432 55.673252 36
12.609095 55.674564 37
12.607674 55.673393 38
12.61003 55.67525 39
12.608105 55.673725 40
12.610031 55.675392 41
12.608425 55.673916 42
12.610127 55.675358 43
12.609535 55.67415 44
12.611027 55.676373 45
12.611106 55.676476 47
12.609871 55.675022 48
12.611231 55.67665 49
12.610453 55.67547 50
12.611324 55.676777 51
12.610534 55.67553 52
12.6113 55.67681 53
12.61068 55.675594 54
12.611539 55.67681 55
12.610744 55.675854 56A
12.610839 55.67598 56B
12.611561 55.677177 57
12.610118 55.675156 48A
12.610395 55.675373 48B
12.610959 55.676003 56C
12.5969 55.696228 1
