12.61261 55.678516 58B
12.612833 55.679733 59
12.61274 55.67886 60
12.612864 55.679714 61
12.613205 55.680458 62
12.613045 55.67976 63A
12.613184 55.679794 63B
12.613296 55.67983 63C
12.613355 55.6799 63D
12.613292 55.679935 63E
12.613213 55.679977 63F
12.613144 55.680016 63G
12.613267 55.680634 64
12.612941 55.680103 65
12.613346 55.68083 66
12.613177 55.680763 67
12.613381 55.68092 68
12.613313 55.681553 69
12.613389 55.68095 70
12.613158 55.682693 71A
12.613223 55.682777 71B
12.613215 55.68286 71C
12.61321 55.682915 71D
12.613179 55.68296 71E
12.613046 55.682953 71F
12.613157 55.682903 71G
12.613644 55.681232 72
12.613442 55.681213 74
12.613501 55.681297 76A
12.613499 55.681355 76B
12.613652 55.681435 78
12.613532 55.681435 80
12.613432 55.681522 82
12.613446 55.6816 84
12.613436 55.68176 86
12.613424 55.681873 86A
12.61345 55.682037 86B
12.61374 55.68294 88
12.61319 55.68306 73B
12.613186 55.683098 73C
12.613187 55.683132 73D
12.613191 55.68302 73A
12.61323 55.68268 71
12.502985 55.671947 2A
