12.604091 55.671482 10
12.604211 55.672005 11
12.604973 55.67222 12
12.604399 55.672104 13
12.605137 55.672268 14
12.60543 55.672485 15
12.60582 55.672554 16
12.605491 55.6726 17
12.606025 55.672527 18
12.605665 55.672596 19
12.606134 55.672535 20
12.605798 55.672657 21
12.606062 55.672634 22
12.605988 55.672745 23
12.606217 55.672695 24
12.606428 55.672718 26
12.606763 55.672863 28
12.59967 55.670113 5
12.605382 55.672344 14A
12.605595 55.672432 14B
12.603454 55.671623 9A
12.540723 55.652756 4
