12.561869 55.680016 3
12.561407 55.680122 4
12.561739 55.679596 5
12.561325 55.679893 6
12.561721 55.6795 7
12.561764 55.679024 13
12.561238 55.67952 14
12.561738 55.67891 15
12.561713 55.678825 17
12.561015 55.679287 18
12.561006 55.68014 18A
12.560946 55.68015 18B
12.560815 55.680054 18C
12.560809 55.680027 18D
12.560802 55.68 18E
12.560795 55.679974 18F
12.560787 55.679947 18G
12.560781 55.67992 18H
12.560773 55.679897 18K
12.560766 55.67987 18L
12.560759 55.679844 18M
12.560753 55.679817 18N
12.560745 55.679794 18P
12.560738 55.679768 18Q
12.560731 55.67974 18R
12.560723 55.679718 18S
12.560717 55.67969 18T
12.560709 55.679665 18U
12.560703 55.679638 18V
12.560695 55.67961 18X
12.560523 55.67915 18Y
12.561647 55.678596 19
12.560947 55.67907 20
12.561597 55.678467 21
12.560857 55.678787 22
12.561575 55.67832 23
12.560791 55.678493 24
12.561548 55.67821 25
12.560714 55.678192 26
12.561503 55.67809 27
12.560637 55.67795 28
12.560521 55.677513 30
12.561447 55.67792 31
12.560443 55.677185 32
12.560398 55.677036 34
12.560295 55.676643 36
12.561213 55.677048 37
12.561147 55.67684 39
12.561068 55.676544 41B
12.560254 55.675964 42
12.561046 55.676476 43
12.56 55.675274 44
12.561013 55.67632 45
12.55997 55.67486 46
12.560718 55.67576 47
12.560683 55.67562 49
12.560452 55.67499 51
12.561727 55.679546 5B
12.561444 55.679134 16
12.560817 55.677204 35
12.561099 55.67666 41A
12.561901 55.680164 1
12.561134 55.676792 41
12.561409 55.679054 15A
12.573194 55.67789 3
