12.543798 55.670876 2
12.544139 55.670876 3A
12.544184 55.67083 3B
12.544225 55.670788 3C
12.543956 55.670727 4
12.544333 55.670696 5
12.544403 55.670612 7
12.544039 55.67063 8
12.54452 55.67072 9A
12.544166 55.670494 12
12.544528 55.670486 13
12.544422 55.670227 14
12.544618 55.670387 17
12.544568 55.670074 18
12.544678 55.670326 19
12.544751 55.67024 21
12.544704 55.66993 22
12.544841 55.67016 23
12.544943 55.670048 25
12.544805 55.66983 26
12.54488 55.66976 28
12.545055 55.66994 31
12.544941 55.669685 32
12.545122 55.669865 33
12.54501 55.669613 34
12.545239 55.669735 35
12.54513 55.669483 38
12.544994 55.66998 29
12.545233 55.67032 27A
12.545153 55.6704 27C
12.545193 55.670357 27B
12.594398 55.663124 1
