12.581847 55.68102 2
12.581621 55.68122 4
12.581312 55.681458 8
12.580699 55.6817 10
12.581241 55.681145 11
12.580358 55.681835 12
12.580175 55.68192 14
12.581045 55.68131 17
12.580899 55.68136 19
12.580867 55.68132 19A
12.58078 55.681408 21
12.580706 55.681435 23
12.580623 55.68147 25
12.580526 55.681515 27
12.580442 55.681553 29
12.580342 55.681595 31
12.580248 55.681656 33
12.580061 55.681732 37
12.581407 55.680782 3A
12.581259 55.680763 3B
12.581416 55.680984 7
12.581304 55.681087 9
12.581554 55.680862 5
12.580159 55.68169 35
12.579933 55.68177 39
12.579784 55.681847 41
12.580383 55.681534 29A
12.641721 55.637558 2
