12.592336 55.67055 1B
12.592067 55.670467 1C
12.591966 55.67051 1D
12.592355 55.670616 1E
12.592457 55.670467 2
12.59245 55.67062 3
12.592791 55.670643 4A
12.592848 55.67067 4B
12.592958 55.670616 4C
12.592871 55.670563 4D
12.592795 55.67052 4E
12.59275 55.670628 4F
12.592533 55.670666 5
12.59303 55.670807 6
12.592611 55.670715 7
12.592761 55.670807 11
12.592551 55.67088 11A
12.592643 55.67094 11B
12.592493 55.67105 11C
12.592961 55.67092 13
12.593065 55.670982 15
12.593193 55.671055 17
12.579288 55.678665 1
