12.558096 55.671898 3
12.558246 55.67206 3A
12.558671 55.67154 6
12.558441 55.6718 7
12.558872 55.67149 8
12.558557 55.67182 9
12.558987 55.67145 10
12.558641 55.671932 11
12.559134 55.671413 12
12.558928 55.671665 13
12.55931 55.671368 14
12.559535 55.6713 16
12.560215 55.671112 18
12.560406 55.671066 20
12.559393 55.671528 21
12.5594 55.67161 21A
12.559483 55.67172 21B
12.559607 55.671463 23
12.560967 55.670895 24
12.559743 55.67143 25
12.561041 55.670876 26
12.559902 55.671383 27
12.561091 55.670837 28
12.560555 55.671204 29
12.560763 55.671135 31
12.560957 55.67109 33
12.558216 55.671677 2
12.559778 55.671898 15
12.559881 55.671917 17
12.575296 55.69094 3
