12.562593 55.67133 2
12.562338 55.671234 4
12.562567 55.670788 5
12.562043 55.67114 6
12.562268 55.670685 7
12.561624 55.67045 9A
12.561351 55.670216 9B
12.561814 55.67014 9C
12.562088 55.670265 9D
12.561909 55.670387 9E
12.562506 55.66994 9G
12.563087 55.669533 9K
12.561294 55.671043 10
12.561053 55.669506 11A
12.56112 55.66946 11B
12.561284 55.669346 11D
12.560984 55.670776 12
12.560776 55.670708 14
12.559849 55.669758 15
12.560593 55.67065 16
12.559488 55.66952 17
12.560344 55.67057 18
12.558744 55.66924 19
12.559995 55.67044 20
12.558158 55.66897 21
12.557862 55.668804 23
12.557626 55.6687 25
12.559214 55.670017 26
12.55716 55.668484 27A
12.556997 55.668404 27
12.556845 55.66833 27C
12.558966 55.669895 28
12.55868 55.669758 30
12.558232 55.669518 34
12.558063 55.669437 36
12.557971 55.66939 38
12.557857 55.669327 40
12.557677 55.66924 42
12.557465 55.66914 44
12.557046 55.668915 46
12.556857 55.668823 48
12.556748 55.668766 50
12.556623 55.66871 54
12.556517 55.668655 56
12.556267 55.668545 58
12.556695 55.668247 27E
12.556575 55.668118 29A
12.556699 55.66818 29B
12.556482 55.667885 29C
12.55678 55.667976 29D
12.55691 55.668037 29E
12.55721 55.66801 29F
12.561275 55.670563 12A
12.561197 55.6694 11C
12.556991 55.668873 46B
12.561998 55.669563 11
12.561359 55.669292 11E
12.561448 55.669212 11F
12.561633 55.669086 11G
12.561825 55.66895 11H
12.561932 55.66887 11K
12.562031 55.668808 11L
12.563207 55.66947 9L
12.638487 55.59346 1
