12.587819 55.670303 4
12.58793 55.670364 4A
12.588115 55.670486 6A
12.588269 55.670578 6B
12.588491 55.67072 8
12.588671 55.670822 10
12.58881 55.6709 12
12.58887 55.67094 14
12.588918 55.67097 16
12.588973 55.671005 18
12.589031 55.67104 20
12.589088 55.671074 22
12.589167 55.671124 24
12.589275 55.671185 26
12.589396 55.671265 28
12.589424 55.671227 28A
12.589528 55.67134 30A
12.58966 55.67142 30B
12.589939 55.671593 32A
12.590073 55.671677 32B
12.590183 55.671738 32C
12.590261 55.671795 34A
12.590443 55.671898 34B
12.590623 55.672 36
12.590735 55.672073 38
12.591756 55.672665 40
12.592389 55.67306 42
12.592926 55.673378 44
12.593059 55.673466 46
12.59348 55.67372 48E
12.593766 55.67389 52
12.594103 55.674095 56
12.594453 55.674232 58A
12.594761 55.674088 58B
12.596089 55.675297 90
12.596554 55.675568 92
12.596818 55.675755 94
12.597029 55.67589 96
12.597241 55.676025 98
12.597449 55.676167 100
12.597687 55.676327 102
12.597873 55.67645 104
12.598035 55.676563 106
12.587659 55.670208 2A
12.589225 55.670948 20A
12.593307 55.673626 48A
12.593214 55.67356 48B
12.593468 55.673443 48C
12.593554 55.67349 48D
12.593642 55.67381 50
12.593914 55.673706 50A
12.593919 55.673992 54
12.594177 55.67399 54A
12.593966 55.673866 54B
12.594571 55.674385 60A
12.595204 55.67418 60B
12.595383 55.674286 60C
12.594806 55.674458 62A
12.595234 55.67471 62B
12.595181 55.674736 62C
12.595515 55.674953 64
12.596075 55.67513 66
12.596164 55.675087 68
12.596267 55.675037 70
12.59591 55.674984 72
12.596041 55.67491 74
12.596462 55.674896 76
12.596585 55.674835 78
12.596701 55.674713 80
12.596532 55.67461 82
12.595661 55.67504 84
12.59578 55.675117 86
12.59591 55.675198 88
12.596428 55.6755 92A
12.596498 55.67555 92B
12.591926 55.672768 40A
12.588819 55.670685 10A
12.593168 55.67354 48
12.595447 55.67511 64A
12.587966 55.670387 4B
12.595481 55.67429 60D
12.514228 55.661877 1
