12.560658 55.67286 2
12.561034 55.67286 3
12.56079 55.672604 4
12.561211 55.672466 7
12.560835 55.672176 8A
12.560597 55.67212 8B
12.56128 55.672333 9
12.561057 55.672016 10
12.561368 55.67216 11
12.561133 55.671852 12
12.561454 55.67197 13
12.561299 55.671486 14
12.561628 55.67158 15
12.561377 55.671307 16
12.561094 55.671288 16B
12.561695 55.67144 17
12.561438 55.67117 18
12.561751 55.67133 19
12.561814 55.671185 21
12.56087 55.672245 6A
12.560722 55.672413 6B
12.560567 55.672367 6C
12.622143 55.642868 2
