12.569024 55.682537 6
12.569256 55.682724 8
12.569469 55.682903 10
12.569708 55.68309 12
12.570097 55.683403 14
12.570417 55.68338 14A
12.570268 55.683544 16A
12.570381 55.683647 16B
12.570738 55.683563 16C
12.570441 55.683502 16D
12.570558 55.683792 18
12.571073 55.684196 20
12.571299 55.684082 20A
12.571447 55.684505 24
12.570739 55.6843 25
12.57162 55.68465 26
12.571894 55.684555 26A
12.570974 55.68448 27
12.571806 55.684807 28
12.570725 55.68455 29
12.570654 55.684635 29A
12.570904 55.6847 31
12.570731 55.684704 31A
12.571125 55.6846 33
12.571199 55.68466 35
12.570968 55.684814 37A
12.571007 55.684715 37B
12.571445 55.68487 39
12.569886 55.68364 17
12.571338 55.6844 22A
12.571261 55.68433 22B
12.571401 55.684372 22C
12.571573 55.684265 22D
12.571497 55.684204 22E
12.568873 55.68241 4
12.554378 55.65443 4
