12.593443 55.685116 2A
12.593259 55.685165 4
12.59303 55.68523 6
12.592788 55.68529 8
12.592003 55.685005 9
12.592578 55.685352 10
12.592669 55.685455 10A
12.592323 55.685417 12
12.592416 55.685528 12A
12.592414 55.685394 12B
12.592149 55.685177 13
12.592203 55.685455 14
12.592305 55.685555 14A
12.591985 55.685318 15
12.591751 55.685097 15B
12.592031 55.685196 15C
12.5918 55.68526 15D
12.591834 55.684944 15E
12.592003 55.685505 16
12.591583 55.685425 17
12.591691 55.685585 18
12.590887 55.68559 21
12.590425 55.685936 24
12.590424 55.685715 25
12.590144 55.685997 26
12.590194 55.68578 27
12.590061 55.686024 28
12.589961 55.68584 29
12.589681 55.686104 30
12.589773 55.685894 31
12.589494 55.685974 33
12.589385 55.685997 33A
12.589065 55.686256 34
12.588796 55.686344 36
12.588641 55.686386 38
12.588376 55.686264 39
12.588545 55.686413 40
12.588033 55.686363 41
12.588452 55.68644 42
12.587891 55.686417 43
12.588363 55.68647 44
12.588274 55.686493 46
12.58725 55.686573 47
12.588173 55.68652 48
12.58691 55.68666 49A
12.587065 55.686615 49B
12.588047 55.68655 50
12.586715 55.6867 51
12.587901 55.686596 52
12.586488 55.68677 53
12.585826 55.686947 57
12.584152 55.68741 71
12.583966 55.68746 73
12.583802 55.687504 75
12.583614 55.687553 77
12.585504 55.68723 78
12.585325 55.687283 78A
12.583446 55.687595 79
12.585057 55.68735 80
12.584499 55.687504 82
12.584278 55.68757 82A
12.584019 55.68766 84A
12.584153 55.687695 84B
12.584122 55.687782 84C
12.583901 55.68766 86A
12.583879 55.6877 86B
12.583793 55.68772 88B
12.583749 55.687798 88C
12.583587 55.687748 90A
12.58356 55.687794 90B
12.583409 55.687798 92
12.583268 55.68783 94
12.592337 55.685177 7
12.592105 55.685135 11
12.590534 55.685497 23
12.587413 55.686726 56
12.587305 55.686752 58
12.587194 55.686783 60
12.58708 55.686813 62
12.586959 55.686844 64
12.586854 55.68687 66
12.58671 55.68691 68
12.586565 55.686947 70
12.58644 55.68699 72
12.586027 55.687088 74
12.583769 55.687695 88A
12.590651 55.685654 21A
12.590613 55.685604 21B
12.590515 55.685658 21C
12.590431 55.68564 21D
12.591952 55.685097 15A
12.583997 55.68763 84
12.570212 55.69657 2
