12.551851 55.669785 3
12.551781 55.66995 6
12.550729 55.669926 12A
12.550477 55.66992 12B
12.550174 55.669907 14
12.54961 55.669888 16
12.549173 55.669895 18
12.550545 55.669743 19
12.550186 55.66973 21
12.548153 55.66985 22
12.549597 55.669716 23
12.548064 55.66991 24
12.549306 55.669712 25
12.548045 55.67009 26
12.549058 55.669704 27
12.54811 55.67016 28
12.548098 55.6703 30
12.547837 55.669518 31
12.547902 55.670273 32
12.547771 55.670265 34
12.547543 55.670242 36
12.545812 55.669453 37
12.547594 55.670128 38
12.547693 55.670082 40
12.547726 55.669876 42
12.547641 55.669823 44
12.547504 55.66981 46A
12.547394 55.669807 46B
12.547098 55.67002 48A
12.546979 55.670353 48B
12.546875 55.6707 48C
12.546773 55.671036 48D
12.546505 55.669777 50
12.546878 55.66954 33
12.546158 55.66951 35
12.546441 55.66991 52
12.546407 55.67006 54
12.551502 55.669727 5
12.548527 55.66963 31B
12.548103 55.669617 31C
12.547083 55.669796 46
12.551494 55.669964 8
12.553159 55.691776 1
