12.538875 55.674572 1B
12.539179 55.674397 2
12.539275 55.674583 2A
12.53898 55.67479 3
12.53935 55.67473 4
12.539003 55.67502 5
12.539439 55.674904 6
12.538934 55.67523 7
12.539537 55.675106 8A
12.5398 55.6752 8B
12.539211 55.67541 9
12.539945 55.675236 10A
12.54032 55.675243 10B
12.539307 55.67561 11
12.540397 55.675457 12A
12.540004 55.67556 12B
12.539097 55.675873 13
12.539809 55.675617 14A
12.539882 55.675766 14B
12.539355 55.67604 15
12.539978 55.675957 16
12.540358 55.675858 16B
12.540643 55.675835 16C
12.539546 55.676224 17
12.539048 55.67628 17B
12.539086 55.676373 17C
12.540081 55.67616 18
12.539812 55.676357 19
12.540165 55.67646 20
12.539933 55.676582 21
12.594011 55.65276 1
