12.521618 55.66011 2
12.521407 55.660114 2A
12.521971 55.660324 3
12.521542 55.659874 4
12.522045 55.66015 5
12.521667 55.659702 6
12.522057 55.65997 7
12.521698 55.65953 8
12.522122 55.659737 9
12.521762 55.659355 10
12.522142 55.659576 11
12.52178 55.659203 12
12.522194 55.659405 13
12.52178 55.65906 14
12.522193 55.6592 15
12.522246 55.658993 17
12.522265 55.65886 19
12.52188 55.658527 20
12.522279 55.65869 21
12.521917 55.65836 22
12.521917 55.65816 24
12.522444 55.65841 25
12.521989 55.657948 26
12.522374 55.65821 27
12.52202 55.65779 28
12.522399 55.65801 29
12.521994 55.657604 30
12.522525 55.657833 31
12.522074 55.65748 32
12.522667 55.657692 33
12.522104 55.65734 34
12.522494 55.657516 35
12.522121 55.657166 36
12.522531 55.657337 37
12.522136 55.656963 38
12.522556 55.65721 39
12.52226 55.65629 40
12.522588 55.657032 41
12.522335 55.656143 42
12.522607 55.65691 43
12.522371 55.655987 44
12.522632 55.656754 45A
12.522739 55.65658 45B
12.522935 55.65637 45C
12.52238 55.65585 46
12.522956 55.65614 47
12.522413 55.655685 48
12.522809 55.655952 49
12.522408 55.65555 50
12.522842 55.655815 51
12.522441 55.655403 52
12.522858 55.655666 53
12.522402 55.65527 54
12.523026 55.655525 55
12.52248 55.655087 56
12.523055 55.655315 57
12.522523 55.65489 58
12.522941 55.65505 59
12.522938 55.654877 61
12.522962 55.654602 63
12.522594 55.65433 64
12.523032 55.65445 65
12.522622 55.654198 66
12.523072 55.65423 67
12.522658 55.65403 68
12.523165 55.65408 69
12.523121 55.65394 69A
12.522656 55.653877 70
12.523136 55.653812 71
12.522725 55.653683 72
12.523143 55.653687 73
12.522735 55.65351 74
12.523376 55.653545 75
12.522756 55.65336 76
12.523245 55.65337 77
12.522808 55.653187 78
12.523301 55.653168 79
12.522889 55.65286 80
12.522906 55.65272 82
12.523319 55.652782 83
12.522904 55.6526 84
12.523353 55.65262 85
12.52293 55.65246 86
12.523363 55.652477 87
12.522962 55.652313 88
12.52339 55.65236 89
12.522958 55.65219 90
12.523609 55.65225 91
12.522999 55.652073 92
12.523701 55.652115 93
12.523014 55.651943 94
12.523459 55.65198 95
12.523042 55.651806 96
12.523482 55.651863 97
12.523068 55.65166 98
12.523482 55.65173 99
12.52305 55.651543 100
12.523576 55.6516 101
12.523113 55.651413 102
12.523764 55.651463 103
12.522422 55.658237 27A
