12.501126 55.668827 222
12.501124 55.66885 224
12.501119 55.668873 226
12.501565 55.66904 230
12.501629 55.66905 232
12.501601 55.66896 234
12.501607 55.668945 236
12.501605 55.668922 238
12.501645 55.668827 240
12.501628 55.66877 242
12.501632 55.668736 244
12.501637 55.668713 246
12.501655 55.668648 248
12.501785 55.668602 250
12.501774 55.669113 252
12.501902 55.669098 254
12.501964 55.66909 256
12.502011 55.6691 258
12.502144 55.66913 260
12.502253 55.66928 262
12.502245 55.668983 264
12.502291 55.668903 266
12.502295 55.668884 268
12.502303 55.668808 270
12.502199 55.66876 272
12.502151 55.668713 274
12.502103 55.668686 276
12.502062 55.668663 278
12.501949 55.66862 280
12.501708 55.668488 282
12.501671 55.66844 284
12.501625 55.668415 286
12.501577 55.66839 288
12.501444 55.66834 290
12.501312 55.668236 292
12.501184 55.668278 294
12.501134 55.668304 296
12.573816 55.662518 4
