12.511285 55.669415 4
12.511072 55.669064 5
12.511184 55.669415 6
12.510855 55.669052 7
12.511078 55.66941 8A
12.510974 55.66941 8B
12.510038 55.669006 9
12.51087 55.669407 10A
12.510766 55.669407 10B
12.509876 55.669 11
12.510558 55.669373 12
12.509656 55.668983 13
12.510284 55.66937 14
12.508937 55.66895 15
12.510179 55.66936 16
12.508779 55.668938 17
12.510063 55.669357 18
12.508617 55.668934 19
12.509956 55.66935 20
12.508458 55.66892 21
12.509843 55.669346 22
12.507763 55.668884 23
12.509731 55.669342 24
12.507571 55.668877 25
12.50962 55.669334 26
12.50738 55.66887 27
12.509512 55.66933 28
12.507192 55.668854 29
12.509396 55.669323 30
12.50647 55.668858 31
12.509289 55.66932 32
12.509085 55.66931 34
12.505533 55.668774 35
12.508971 55.669308 36
12.508861 55.669304 38
12.508751 55.669296 40
12.508638 55.66929 42
12.508528 55.669285 44
12.508418 55.669277 46
12.508305 55.669273 48
12.508195 55.669266 50
12.508081 55.66926 52
12.507971 55.669254 54
12.507862 55.669247 56
12.507696 55.669205 58
12.507453 55.669235 60
12.507353 55.669228 62
12.506515 55.669083 66
12.506393 55.66908 68
12.506138 55.669064 70
12.506016 55.66906 72
12.50576 55.669044 74
12.505642 55.66904 76
12.505388 55.66902 78
12.66255 55.594864 1
