12.506396 55.661713 7
12.506258 55.66188 9
12.505556 55.66247 10
12.505318 55.66249 12
12.505094 55.662495 14
12.504856 55.662495 16
12.504594 55.662495 18
12.505332 55.66226 19
12.504328 55.662495 20
12.505082 55.662262 21
12.504073 55.662506 22
12.504853 55.662262 23
12.503842 55.662506 24
12.504451 55.662285 25
12.503621 55.662506 26
12.503373 55.662434 28
12.503156 55.662437 30
12.502754 55.662415 32
12.502012 55.66214 33
12.501846 55.66214 35
12.501942 55.66247 36
12.501666 55.66224 37
12.501771 55.662476 38
12.501574 55.662514 40
12.60566 55.685093 1
