12.511434 55.653244 5
12.512961 55.65227 20
12.513334 55.65246 21
12.512684 55.652283 22
12.513236 55.65229 23
12.512484 55.652153 24
12.513606 55.65244 25
12.512761 55.652145 26
12.513508 55.652287 27
12.512927 55.65194 28
12.51388 55.652435 29
12.514065 55.652332 29B
12.512656 55.651955 30
12.51378 55.65227 31
12.513408 55.65212 33
12.513206 55.651997 35
12.512885 55.653164 15
12.513659 55.652733 19
12.512247 55.653 11
12.512071 55.653168 9
12.511754 55.65315 7
12.513245 55.653088 15C
12.512577 55.65299 15A
12.512995 55.652897 15B
12.512077 55.65228 16
12.512466 55.653793 13
12.616281 55.640545 2A
