12.512207 55.667248 12B
12.512177 55.667377 12C
12.512152 55.66754 12D
12.512128 55.667667 12E
12.512124 55.667847 14
12.512107 55.66792 16
12.511502 55.66807 17
12.512089 55.668022 18
12.511483 55.66819 19
12.512072 55.668114 20
12.511456 55.668304 21
12.512053 55.668232 22
12.511435 55.668423 23
12.512033 55.66834 24
12.511415 55.668537 25
12.512014 55.668434 26
12.511402 55.66865 27
12.51199 55.668545 28
12.511379 55.668774 29
12.511971 55.668648 30
12.51135 55.6689 31
12.511951 55.66875 32
12.511328 55.66902 33
12.606742 55.67882 1
