12.517218 55.660538 3
12.516092 55.661114 6
12.515994 55.66016 11
12.515442 55.660583 16
12.51543 55.660324 18
12.515158 55.660168 20A
12.513806 55.658413 22
12.51345 55.657974 24
12.515058 55.658993 39
12.515031 55.658936 41
12.513902 55.657608 55
12.513468 55.65706 57
12.513234 55.656696 59
12.513523 55.65636 61
12.513035 55.656246 63
12.51266 55.656067 65
12.510785 55.653816 71
12.510615 55.65354 73
12.510737 55.654602 78
12.510514 55.654354 80
12.510299 55.654057 82
12.509999 55.65369 84
12.509745 55.65198 85
12.507792 55.64998 103
12.507674 55.6496 105
12.507128 55.649044 107
12.506944 55.648838 109
12.507053 55.650192 110
12.506955 55.65007 112
12.507005 55.648537 113
12.506624 55.64996 114
12.50634 55.648106 115
12.50642 55.65001 116
12.506215 55.64791 117
12.506218 55.650063 118
12.506084 55.64775 119
12.50671 55.649773 120
12.505697 55.647316 121
12.506616 55.649654 122
12.505269 55.64671 123
12.506519 55.649548 124
12.506193 55.649452 126
12.50489 55.64654 127
12.505988 55.649506 128
12.505796 55.649555 130
12.50629 55.64926 132
12.506199 55.64915 134
12.503922 55.645138 135
12.506106 55.649036 136
12.505765 55.648945 138
12.505538 55.649002 140
12.505359 55.649048 142
12.505874 55.648746 144
12.505779 55.64864 146
12.505693 55.648525 148
12.505367 55.64843 150
12.505158 55.64848 152
12.504954 55.648533 154
12.50546 55.64824 156
12.50537 55.648125 158
12.505281 55.64801 160
12.505201 55.64787 162
12.504879 55.6473 166
12.504559 55.64694 168
12.504347 55.64666 170A
12.504301 55.646606 170B
12.503735 55.645996 174
12.503476 55.6456 176
12.503086 55.645218 178
12.502372 55.64505 180
12.502498 55.644806 182
12.501516 55.64376 192
12.50161 55.643566 194
12.501498 55.643375 196
12.501404 55.64324 198
12.51324 55.657726 26
12.512695 55.656994 28
12.512627 55.65691 30
12.512184 55.65637 32
12.512082 55.656242 34
12.51199 55.656124 36
12.514736 55.658146 45
12.504797 55.6462 129
12.503556 55.645683 174B
12.503359 55.64419 137A
12.502976 55.643684 137B
12.509811 55.65254 81
12.51509 55.66017 20B
12.515014 55.660194 20C
12.514934 55.660213 20D
12.514862 55.660233 20E
12.51482 55.660244 20F
12.514772 55.660255 20G
12.515301 55.66013 20H
12.515234 55.660053 20K
12.515166 55.65997 20L
12.51512 55.659912 20M
12.515036 55.65981 20N
12.514977 55.659737 20P
12.514652 55.659542 22A
12.514565 55.65956 22B
12.514473 55.659588 22C
12.514413 55.659603 22D
12.514347 55.65962 22E
12.514383 55.659664 22F
12.514379 55.659702 22G
12.514405 55.65974 22H
12.51443 55.65978 22K
12.51446 55.659817 22L
12.51475 55.659492 22M
12.5147 55.65943 22N
12.514643 55.65937 22P
12.51459 55.65931 22R
12.514534 55.659245 22S
12.514483 55.659187 22T
12.51443 55.65912 22U
12.514381 55.659058 22V
12.514329 55.658993 22W
12.514278 55.658924 22X
12.51422 55.658855 22Y
12.514008 55.65891 22Z
12.510316 55.65278 77
12.504573 55.645782 135B
12.511556 55.655716 40
12.511637 55.655693 42
12.511708 55.65581 38
12.514734 55.65844 43
12.581714 55.680603 1
