12.503581 55.653767 40
12.503606 55.653717 42
12.502827 55.653786 16
12.504291 55.653503 78
12.503621 55.653683 44
12.503643 55.653633 46
12.502501 55.654022 12
12.502489 55.653797 8
12.503828 55.65356 54
12.504532 55.653633 84
12.504297 55.653748 68
12.503598 55.6539 34
12.5045 55.653553 82
12.504271 55.65366 72
12.504286 55.6537 70
12.503172 55.653854 26
12.502973 55.65381 20
12.503883 55.653774 60
12.503867 55.653698 58
12.502995 55.653908 28
12.503055 55.65382 22
12.503587 55.653862 36
12.503656 55.65355 50
12.504555 55.65369 86
12.504426 55.6535 80
12.503656 55.653606 48
12.502514 55.653873 6
12.502462 55.65372 10
12.504517 55.653763 88
12.502534 55.653946 4
12.502487 55.653835 8A
12.504583 55.653805 90
12.504771 55.65403 11
12.502292 55.65402 2
12.503143 55.653957 32
12.504254 55.653618 74
12.503808 55.653507 52
12.503581 55.653812 38
12.502934 55.65388 30
12.503849 55.65362 56
12.502791 55.653763 14
12.503855 55.653835 62
12.503113 55.653816 24
12.502943 55.653805 18
12.50431 55.65379 66
12.504243 55.653576 76
12.504327 55.65383 64
12.534149 55.647804 1
