12.501958 55.65964 3B
12.502078 55.65974 3C
12.502185 55.660137 5A
12.502115 55.660255 5B
12.502047 55.66037 5C
12.502401 55.659332 7
12.502346 55.659443 9
12.50251 55.659576 11
12.502654 55.659695 13
12.501858 55.65916 14
12.502871 55.65974 15
12.502685 55.65891 16
12.503038 55.65969 17
12.503184 55.658688 18
12.503204 55.65963 19
12.503627 55.65856 20
12.503229 55.65952 21
12.504039 55.658447 22
12.503105 55.659397 23
12.504513 55.65829 24
12.502948 55.659252 25
12.504964 55.658108 26A
12.504764 55.657917 26B
12.504627 55.657787 26C
12.502741 55.65922 27
12.505185 55.657864 28
12.503402 55.659 29
12.505575 55.657833 30
12.503355 55.659115 31
12.505992 55.65763 32
12.503499 55.659252 33
12.50691 55.657494 34
12.503638 55.659386 35
12.507094 55.657043 36
12.503849 55.659424 37
12.507924 55.657127 38
12.504019 55.659367 39
12.504212 55.659306 41
12.504227 55.6592 43
12.504095 55.65907 45
12.503942 55.658924 47
12.50373 55.658894 49
12.504464 55.65864 51
12.504374 55.65879 53
12.504508 55.658924 55
12.504643 55.65906 57
12.504867 55.659084 59
12.50508 55.65902 61
12.505267 55.658955 63
12.505411 55.658905 65
12.505482 55.65878 67
12.505341 55.658646 69
12.50517 55.658485 71
12.504919 55.65849 73
12.505888 55.658108 75
12.50645 55.65728 32A
12.637497 55.589607 3
