12.504805 55.65646 44
12.50501 55.656384 46
12.50382 55.65681 24
12.503639 55.65688 22
12.503458 55.65695 20
12.504002 55.65674 26
12.504183 55.656666 28
12.505357 55.656303 50
12.505776 55.656155 56
12.505488 55.656204 52
12.505661 55.656197 54
12.505442 55.65629 50A
12.506829 55.655804 64
12.506338 55.65589 62
12.5062 55.655994 60
12.502645 55.65731 14
12.50764 55.655067 80
12.502053 55.657528 8
12.507818 55.655266 76
12.507829 55.655537 74
12.50304 55.65716 18
12.502251 55.657455 10
12.502843 55.657234 16
12.502448 55.657383 12
12.507242 55.655666 70
12.507738 55.65517 78
12.507575 55.65561 72
12.608599 55.61571 1A
