12.520626 55.66323 2
12.520633 55.663136 4
12.520639 55.66304 6
12.520654 55.662945 8
12.520678 55.66285 10
12.52069 55.662754 12
12.520703 55.662617 14
12.520723 55.6625 16
12.520763 55.662357 18
12.521287 55.661854 19
12.520797 55.66181 20
12.521308 55.661716 21
12.520811 55.661697 22
12.521331 55.661617 23
12.52084 55.661526 24
12.521449 55.66156 25A
12.521676 55.66157 25B
12.52189 55.661583 25C
12.520731 55.661484 26
12.521424 55.661343 27A
12.521719 55.661354 27B
12.521926 55.66136 27C
12.52048 55.661446 28
12.521393 55.661247 29
12.520321 55.66133 30
12.521403 55.661156 31
12.520335 55.661198 32
12.521422 55.66103 33
12.520353 55.661034 34
12.52145 55.66086 35
12.520582 55.660934 36
12.521553 55.66084 37A
12.521805 55.66086 37B
12.522014 55.66087 37C
12.520867 55.660927 38
12.520934 55.660908 40
12.521504 55.660576 41
12.520947 55.66075 42
12.520981 55.660595 44
12.521833 55.66072 39A
12.522024 55.66073 39B
12.581116 55.667336 3
