12.510308 55.656693 3
12.510315 55.656734 5
12.510317 55.656773 7
12.510319 55.65681 9
12.510319 55.65685 11
12.510321 55.65689 13
12.510323 55.65693 15
12.510325 55.656963 17
12.510327 55.657005 19
12.510327 55.657043 21
12.510245 55.657272 23
12.510227 55.65732 25
12.510207 55.657356 27
12.510188 55.657394 29
12.51017 55.657433 31
12.510152 55.65747 33
12.510138 55.65751 35
12.510117 55.657543 37
12.510094 55.65758 39
12.510076 55.65762 41
12.51006 55.657658 43
12.510046 55.657696 45
12.510026 55.65773 47
12.509996 55.657772 49
12.509824 55.65813 51
12.510301 55.658157 52
12.509814 55.658287 53
12.510267 55.65828 54
12.509811 55.658413 55
12.510278 55.65857 56
12.509966 55.658653 58
12.58586 55.596798 2
