12.51605 55.662743 2
12.515939 55.662426 3
12.515864 55.662735 4
12.515753 55.66242 5
12.51566 55.66272 6
12.515037 55.66238 7
12.515018 55.66268 8
12.514809 55.66237 9
12.514751 55.662666 10
12.513993 55.662323 11
12.514028 55.662632 12
12.513747 55.662308 13
12.513733 55.662613 14
12.512961 55.66227 15
12.512642 55.66225 17
12.513012 55.662575 18
12.511949 55.66221 19
12.512656 55.662556 20
12.511601 55.662193 21
12.511744 55.662506 22
12.511028 55.662163 23
12.511079 55.66247 24
12.510826 55.66215 25
12.510916 55.662464 26
12.510602 55.662136 27
12.510668 55.662453 28
12.514118 55.66251 12B
12.515569 55.662575 6B
12.514797 55.662483 9B
