12.520538 55.663322 19
12.520359 55.663326 21
12.520155 55.663334 23
12.519955 55.66334 25
12.519791 55.66334 27
12.519555 55.663345 29
12.519293 55.66336 31
12.518692 55.663258 33
12.517791 55.663364 39
12.517555 55.66337 41
12.517335 55.663376 43
12.517116 55.663376 45
12.516809 55.66338 47
12.515961 55.66334 51
12.515687 55.663334 55
12.515004 55.663307 57
12.514636 55.663292 59
12.513989 55.663277 61
12.513649 55.663265 63
12.513052 55.663277 67
12.512759 55.66328 69
12.511859 55.663284 71
12.511265 55.66329 73
12.511103 55.66329 75
12.510922 55.663296 77
12.510377 55.663303 79
12.510188 55.663303 81
12.510013 55.663303 83
12.509671 55.66327 85
12.509463 55.66327 87
12.509258 55.663273 89
12.508978 55.663277 91
12.509243 55.66279 93
12.509555 55.66279 95
12.508554 55.662613 97
12.508481 55.662792 99
12.508399 55.663006 101
12.508346 55.663197 103
12.514176 55.66352 60
12.512262 55.663486 70
12.512032 55.6635 72
12.50947 55.663532 80
12.508318 55.663723 90
12.507547 55.664116 100
12.509645 55.662968 99P
12.509206 55.66297 99C
12.509513 55.662968 99L
12.509455 55.662834 99U
12.509155 55.662838 99X
12.509601 55.662968 99N
12.509338 55.662968 99F
12.509602 55.662834 99T
12.509376 55.662834 99V
12.509469 55.662968 99K
12.509557 55.662968 99M
12.509652 55.662834 99S
12.50925 55.66297 99D
12.509381 55.662968 99G
12.509425 55.662968 99H
12.509161 55.662975 99B
12.509294 55.66297 99E
12.509696 55.662968 99R
12.509118 55.66297 99A
12.599135 55.59014 4
12.524141 55.683025 1
