12.51404 55.666405 2
12.513771 55.666527 3
12.513514 55.666565 3A
12.513997 55.666546 4
12.513744 55.666645 5
12.514194 55.666687 6
12.513691 55.66713 7
12.514021 55.66718 8
12.5137 55.667244 9
12.513642 55.66756 11
12.513969 55.667683 12
12.513982 55.667812 14
12.515256 55.667404 14A
12.513615 55.66837 15
12.513512 55.668304 15A
12.513298 55.668427 15B
12.514707 55.667835 16
12.513742 55.668686 17
12.513671 55.66693 5C
12.513977 55.667393 10
12.514121 55.668015 20
12.513581 55.668835 25
12.51358 55.66872 21
12.513687 55.668808 27
12.513484 55.668743 23
12.513664 55.6687 19
12.513806 55.66878 29
12.663712 55.602337 1
