12.51889 55.665054 2
12.518608 55.66485 3
12.518765 55.665073 4
12.518333 55.664906 5
12.518534 55.66514 6
12.518027 55.664967 7
12.51827 55.66519 8
12.517745 55.665024 9
12.518059 55.66522 10
12.517885 55.665257 12
12.51773 55.665287 14
12.517268 55.66537 16
12.517524 55.665077 17
12.516503 55.665524 18
12.517201 55.665142 19
12.516033 55.665623 20
12.51639 55.66531 21
12.515888 55.665672 22
12.516097 55.665363 23
12.515749 55.66572 24
12.515817 55.66543 25
12.515581 55.6657 26
12.516444 55.666035 28
12.516449 55.665802 30
12.555212 55.690456 1
