12.512445 55.661716 2
12.512042 55.66177 3
12.512451 55.661816 4
12.512045 55.66188 5
12.512465 55.661934 6
12.512055 55.661972 7
12.512478 55.66207 8
12.512066 55.662064 9
12.512485 55.66219 10
12.512073 55.66215 11
12.51254 55.662598 12
12.512117 55.66255 13
12.512555 55.662712 14
12.512128 55.662636 15
12.512582 55.66284 16
12.512142 55.66273 17
12.512595 55.662983 18
12.512156 55.66284 19
12.512614 55.663124 20
12.512172 55.66294 21
12.512625 55.66325 22
12.512187 55.66305 23
12.512203 55.66315 25
12.512217 55.66325 27
12.574037 55.681347 3
