12.509953 55.65712 1
12.509953 55.657085 3
12.509944 55.657047 5
12.50994 55.65701 7
12.509935 55.65697 9
12.509926 55.656933 11
12.50992 55.656895 13
12.509916 55.656857 15
12.509909 55.65682 17
12.509904 55.656773 19
12.509588 55.657185 21
12.509581 55.657146 23
12.509572 55.657104 25
12.509561 55.657066 27
12.50955 55.65703 29
12.509541 55.65699 31
12.509532 55.65695 33
12.509525 55.656902 35
12.509209 55.65726 37
12.509196 55.65722 39
12.50918 55.65718 41
12.509167 55.657143 43
12.509153 55.657104 45
12.509142 55.657066 47
12.509131 55.657024 49
12.602147 55.665157 1
