12.501435 55.655373 3
12.502677 55.655567 37
12.502333 55.65551 27
12.502608 55.655556 35
12.501503 55.655384 5
12.502539 55.655544 33
12.503021 55.655624 47
12.501638 55.655407 9
12.501909 55.65545 17
12.502745 55.65558 39
12.501773 55.655426 13
12.501976 55.655457 19
12.501706 55.655415 11
12.501841 55.655437 15
12.502264 55.6555 25
12.502952 55.655613 45
12.502112 55.655483 23
12.502044 55.655468 21
12.501368 55.655365 1
12.502401 55.65552 29
12.502883 55.6556 43
12.50247 55.655533 31
12.502814 55.65559 41
12.501979 55.655247 6
12.501736 55.65521 4
12.502284 55.655296 8
12.502608 55.655346 10
12.501544 55.655178 2
12.527026 55.64945 1
