12.513328 55.665726 2A
12.513274 55.665638 2B
12.513149 55.66543 2C
12.513538 55.665485 9
12.513491 55.665295 11
12.513207 55.66495 13A
12.51311 55.6648 13B
12.512981 55.66437 15A
12.512939 55.664375 15B
12.513001 55.66443 15C
12.512957 55.664433 15D
12.513019 55.66448 15E
12.512976 55.664486 15F
12.51305 55.66455 15G
12.513002 55.664555 15H
12.513087 55.664635 15K
12.513043 55.66464 15L
12.513713 55.665787 1
12.513675 55.66572 3
12.513631 55.66564 5
12.513586 55.66556 7
12.513492 55.665417 9A
12.512748 55.664192 19A
12.512842 55.663982 19B
12.512812 55.664013 19C
12.513023 55.664 19D
12.513141 55.66407 19E
12.513171 55.66413 19F
12.513184 55.664173 19G
12.513099 55.664272 19H
12.51301 55.66428 19K
12.512945 55.664288 19L
12.51289 55.664295 19M
12.51245 55.664295 20
12.512208 55.664177 24
12.512532 55.66449 12
12.513255 55.665016 13
