12.506046 55.662792 3
12.506642 55.66301 4
12.505812 55.662792 5
12.506416 55.663013 6
12.505578 55.662777 7
12.506186 55.663033 8
12.505339 55.66278 9
12.505962 55.663033 10
12.505105 55.66278 11
12.505736 55.663036 12
12.504863 55.662785 13
12.505507 55.663036 14
12.504621 55.662807 15
12.505283 55.66304 16
12.504322 55.66281 17
12.505061 55.66304 18
12.504084 55.662792 19
12.504834 55.66303 20
12.503851 55.662796 21
12.504616 55.66303 22
12.503619 55.6628 23
12.504332 55.663033 24
12.503399 55.6628 25
12.504096 55.663033 26
12.503166 55.662823 27
12.503859 55.66305 28
12.503623 55.663055 30
12.503385 55.663055 32
12.503128 55.66304 34
12.502769 55.66305 36
12.550754 55.68042 3
