12.513913 55.664383 1B
12.513745 55.664974 2
12.513983 55.66441 3A
12.513934 55.664417 3B
12.513728 55.664913 4
12.514007 55.664494 5A
12.513967 55.664497 5B
12.513712 55.66486 6
12.514033 55.664585 7A
12.513993 55.66459 7B
12.513698 55.664806 8
12.514057 55.66467 9A
12.514017 55.664673 9B
12.513686 55.66475 10
12.514074 55.66474 11A
12.514038 55.664745 11B
12.513669 55.664692 12
12.514094 55.664818 13A
12.514052 55.66482 13B
12.513658 55.66464 14
12.514112 55.664906 15A
12.514074 55.66491 15B
12.513639 55.664577 16
12.513833 55.664185 17
12.513622 55.664524 18
12.513813 55.66411 19
12.513609 55.664474 20
12.513785 55.664036 21
12.513588 55.664417 22
12.513567 55.664364 24
12.513541 55.66425 28
12.513524 55.664192 30
12.51351 55.66414 32
12.513494 55.66408 34
12.51348 55.66403 36
12.513555 55.664307 26
