12.517452 55.666466 1
12.517048 55.66627 2
12.516994 55.66614 4
12.517564 55.666298 5A
12.517521 55.666203 5B
12.51748 55.66609 5D
12.516935 55.666 6
12.517441 55.665974 7
12.516887 55.66587 8
12.517417 55.665916 9A
12.517316 55.665665 9E
12.516847 55.665768 10
12.516781 55.665634 12
12.516727 55.665546 14
12.517168 55.665565 15
12.516494 55.665203 16
12.517104 55.665474 17
12.516449 55.66513 18
12.516865 55.665108 19
12.516399 55.665047 20
12.516807 55.665005 21
12.516355 55.66499 22
12.516714 55.664864 23
12.516307 55.664894 24
12.516622 55.664734 25
12.516217 55.664776 26
12.516537 55.664597 27
12.516148 55.66467 28
12.516448 55.664185 29
12.515819 55.664257 30
12.516437 55.664017 31
12.516075 55.66328 34
12.516102 55.663174 36
12.516129 55.663063 38
12.516162 55.66292 40
12.516584 55.66329 41
12.516195 55.662777 42
12.51662 55.66315 43
12.516658 55.662994 45
12.516702 55.662838 47
12.516754 55.662643 49
