12.523117 55.66204 1
12.523344 55.662052 3
12.523576 55.662064 5
12.523807 55.662083 7
12.522623 55.662132 8
12.524015 55.662098 9
12.522655 55.661945 10
12.523222 55.66174 11
12.522614 55.66174 12
12.522325 55.66177 12A
12.52325 55.66159 13
12.522755 55.661568 14
12.523278 55.661476 15
12.522376 55.661503 16
12.523311 55.66133 17
12.5224 55.6614 18
12.523342 55.661182 19
12.522799 55.66138 20
12.523719 55.66177 21
12.522819 55.661263 22
12.523752 55.661625 23
12.522454 55.661125 24
12.523779 55.66151 25
12.522496 55.661003 26
12.523816 55.66136 27
12.522886 55.66101 28
12.524241 55.661976 29A
12.524279 55.661854 29B
12.524321 55.661728 29C
12.5229 55.660885 30
12.524387 55.66151 31A
12.524424 55.661373 31B
12.524456 55.66126 31C
12.522381 55.660755 32
12.52342 55.660732 33
12.522875 55.66068 34A
12.522612 55.66067 34B
12.522954 55.660557 34C
12.522489 55.660465 34D
12.523752 55.660385 35
12.522889 55.660336 36
12.522443 55.66031 36A
12.523824 55.660294 37
12.523004 55.660202 38
12.523845 55.660175 39
12.522655 55.660015 40
12.523872 55.660053 41
12.52312 55.659805 42
12.523903 55.659927 43
12.523155 55.659695 44
12.523581 55.65986 45
12.522882 55.65962 46
12.523641 55.659767 47
12.522663 55.659554 48
12.523665 55.659657 49
12.52269 55.659424 50
12.523692 55.65953 51
12.522738 55.65926 52
12.52394 55.65949 53
12.52276 55.65913 54
12.523997 55.65941 55
12.522991 55.659084 56
12.524025 55.6593 57
12.523281 55.659065 58
12.524053 55.659184 59
12.523332 55.65887 60
12.524083 55.659046 61
12.523359 55.658627 62B
12.523769 55.658966 63
12.523426 55.658566 64
12.523824 55.65889 65
12.523466 55.65833 66
12.523853 55.65877 67
12.523487 55.658173 68
12.523878 55.65865 69
12.523503 55.65811 70
12.524136 55.6586 71
12.523537 55.657955 72
12.524201 55.658512 73
12.524229 55.6584 75
12.523585 55.65777 76
12.523212 55.657784 76A
12.522988 55.657764 76B
12.524253 55.658268 77
12.523609 55.657406 78
12.524283 55.658142 79
12.52347 55.657505 80
12.523962 55.658077 81
12.523335 55.657497 82
12.524026 55.658 83
12.523217 55.65749 84
12.524056 55.657883 85
12.523144 55.65737 86
12.524093 55.657753 87
12.524119 55.657646 89
12.524265 55.65754 91
12.524445 55.65755 93
12.524601 55.657562 95
12.523655 55.65665 96
12.524351 55.65658 101
12.522551 55.660076 40A
12.523343 55.65869 62A
12.523384 55.658463 62C
12.522888 55.658573 64A
12.523095 55.658646 64B
12.522917 55.658066 70B
12.523031 55.660023 40B
12.523604 55.656597 96A
12.52348 55.656593 96B
12.523365 55.65659 96C
12.52325 55.65658 96D
12.523152 55.658096 70C
12.523695 55.65632 101A
12.522126 55.661884 10A
12.548493 55.67209 1A
