12.519112 55.66628 1
12.518815 55.66627 2
12.519027 55.66619 3
12.518672 55.666134 4
12.518942 55.666107 5
12.518571 55.66603 6
12.518859 55.66602 7
12.518476 55.665936 8
12.518778 55.665936 9
12.518416 55.665874 10
12.518692 55.665848 11
12.517999 55.66578 12
12.518613 55.665764 13
12.518351 55.66561 14
12.519256 55.66564 15
12.518543 55.665585 16
12.51891 55.665527 18
12.519186 55.665855 13B
12.519566 55.66614 13C
12.519379 55.66596 13D
12.519573 55.66589 13E
12.519488 55.66571 15B
12.518304 55.66576 12B
12.518031 55.665836 12D
12.517938 55.665737 12E
12.517928 55.66562 12F
12.51834 55.6658 12A
12.518115 55.665565 12G
12.518281 55.66574 12C
12.577736 55.67991 11
