12.545153 55.67588 1A
12.545249 55.676 1B
12.545314 55.676083 3A
12.545401 55.676193 3B
12.545558 55.67633 5
12.545888 55.676163 6
12.545676 55.6765 7
12.545736 55.67668 7B
12.546018 55.676334 8
12.545945 55.67684 9
12.546166 55.67655 10
12.546083 55.677048 11A
12.546165 55.67718 11B
12.546322 55.676785 12
12.546287 55.677345 13
12.546443 55.676968 14A
12.546492 55.677044 14B
12.54654 55.677116 14C
12.546851 55.67705 14D
12.546544 55.67771 15
12.546662 55.677284 16
12.546628 55.677826 17
12.546838 55.677456 18
12.546715 55.678 19A
12.546904 55.678177 19B
12.546969 55.67773 20
12.547495 55.67763 20A
12.546978 55.678337 21
12.547196 55.677998 22A
12.54764 55.67792 22B
12.547369 55.678223 22D
12.547635 55.678085 22E
12.547695 55.678246 22F
12.547482 55.678394 22G
12.547772 55.678284 22H
12.547295 55.678802 23
12.547589 55.678524 24
12.547337 55.67901 25
12.547678 55.678677 26
12.547534 55.679302 27
12.547803 55.678947 28A
12.547924 55.67905 28B
12.548047 55.679195 28C
12.548449 55.67912 28D
12.547709 55.679474 29
12.547369 55.679504 29A
12.547454 55.679634 29B
12.547653 55.679558 29C
12.54814 55.67936 30
12.547895 55.67968 31
12.547379 55.67975 31A
12.548209 55.67953 32
12.547985 55.679802 33
12.547613 55.679867 33A
12.548455 55.679684 34
12.548494 55.680466 37A
12.548544 55.680557 37B
12.548711 55.68005 38
12.548641 55.680695 39A
12.548733 55.68083 39B
12.548829 55.680977 39C
12.548751 55.680347 40
12.549026 55.681263 41A
12.549114 55.681393 41B
12.549196 55.681515 41C
12.549056 55.68079 42
12.54927 55.681618 43A
12.549334 55.681717 43B
12.549178 55.680973 44
12.549262 55.681835 45
12.549291 55.681133 46
12.549475 55.682117 47
12.549542 55.68149 48A
12.549635 55.68164 48B
12.549722 55.68236 49A
12.549804 55.68248 49B
12.549757 55.6818 50A
12.549879 55.681988 50B
12.550071 55.682224 50C
12.550163 55.682354 50D
12.550045 55.682827 51
12.550402 55.682682 52
12.550516 55.68283 52A
12.550183 55.683014 53
12.55063 55.682976 54A
12.551026 55.6829 54B
12.550307 55.683193 55
12.550753 55.683163 56
12.550599 55.683586 57
12.550985 55.683487 58
12.550781 55.683823 59
12.550659 55.683956 59A
12.551108 55.683662 60
12.551361 55.683563 60A
12.551424 55.683655 60B
12.550936 55.684055 61
12.551185 55.68377 62
12.550841 55.684174 63
12.551103 55.684284 65
12.551303 55.68393 66
12.551195 55.68441 67
12.551414 55.684082 68
12.551283 55.684544 69
12.551713 55.684494 70
12.551371 55.684658 71
12.551849 55.684692 72
12.551457 55.684772 73
12.54561 55.675793 4A
12.545644 55.675835 4B
12.545773 55.67601 4C
12.546181 55.676586 10A
12.546203 55.676624 10B
12.546219 55.676655 10C
12.551087 55.68424 65A
12.551147 55.684326 65B
12.550961 55.684147 63A
12.550744 55.684208 63B
12.550621 55.68422 63C
