12.552347 55.67242 2A
12.552352 55.672302 2B
12.552369 55.672207 2C
12.552685 55.672134 3
12.552391 55.672035 4
12.552702 55.67193 5
12.552392 55.6719 6
12.552725 55.67169 7
12.552398 55.671803 8
12.552755 55.67143 11
12.55244 55.671486 12
12.552767 55.67126 13
12.552789 55.671143 13A
12.552442 55.671314 14
12.552801 55.671017 15
12.552476 55.67115 16
12.552824 55.670864 17
12.552505 55.670994 18
12.552848 55.670723 19
12.552533 55.670856 20
12.552877 55.670605 21
12.552547 55.67071 22
12.552562 55.670574 24A
12.552581 55.670506 24B
12.55298 55.669956 29A
12.553011 55.669704 31
12.553019 55.66964 33
12.553025 55.669567 33A
12.552674 55.669624 34
12.55304 55.66945 35
12.552706 55.669434 36
12.552775 55.669212 38
12.553124 55.66894 39A
12.553137 55.66885 39B
12.552844 55.66884 40
12.553164 55.66871 41
12.553177 55.668564 43
12.552889 55.66855 44
12.553213 55.668385 45
12.552472 55.66826 46A
12.552463 55.668335 46B
12.552443 55.66841 46C
12.553259 55.66815 47
12.552965 55.668144 48
12.55298 55.667744 50
12.553305 55.66785 51
12.553446 55.667694 53
12.553366 55.66748 55
12.553396 55.667362 57
12.553243 55.668262 45B
12.552653 55.669724 32
12.55235 55.672268 2
12.603831 55.679813 36
