12.588746 55.68498 2
12.589255 55.685055 4
12.589473 55.68546 5
12.58869 55.68474 6
12.589754 55.685417 7
12.589007 55.68465 8
12.590025 55.68534 9
12.590202 55.68543 9A
12.589989 55.685486 9B
12.589263 55.68457 10
12.590263 55.685253 11
12.589607 55.684498 12
12.590183 55.684578 14
12.591068 55.684704 17
12.591012 55.68445 18
12.591545 55.684597 19
12.591747 55.684826 19A
12.591747 55.684555 21
12.59152 55.68429 20
12.591194 55.68471 17A
12.591079 55.684845 17B
12.589627 55.685287 5A
12.589167 55.68471 8A
12.591756 55.684525 23
12.590559 55.685406 11B
12.590341 55.68546 11A
12.512269 55.692722 1
