12.538989 55.673748 2
12.539205 55.6734 3
12.53953 55.67335 3A
12.538866 55.67352 4
12.539149 55.673233 5
12.539435 55.673046 5A
12.538824 55.673393 6
12.539094 55.67307 7
12.539057 55.673004 7A
12.53873 55.673134 8
12.538756 55.673203 8B
12.539041 55.672916 9
12.5387 55.673058 10
12.538675 55.673 10B
12.538997 55.672787 11
12.538656 55.672924 12
12.538613 55.6728 14
12.538906 55.672558 15
12.538562 55.672543 16
12.538877 55.67243 17
12.538491 55.67235 18
12.53885 55.672344 19
12.538442 55.6722 20
12.538824 55.672276 21
12.538402 55.672035 22
12.538368 55.67193 24
12.538327 55.671803 26
12.538309 55.671745 28
12.53827 55.671627 30
12.538247 55.671555 32
12.538182 55.671352 34
12.538115 55.67114 36
12.538452 55.671097 39
12.538341 55.670944 41
12.537973 55.67069 42
12.538313 55.67086 43
12.537919 55.670517 44
12.538283 55.670765 45
12.538805 55.670662 47
12.538239 55.670628 49
12.538199 55.670506 51
12.560637 55.694458 2
