12.589502 55.686943 4
12.589035 55.68688 5
12.589318 55.686993 6
12.588814 55.686935 7
12.589126 55.687046 8
12.588588 55.686996 9
12.588984 55.687084 10
12.588344 55.687057 11
12.588841 55.687122 12
12.588652 55.687176 14
12.586236 55.687824 42
12.585114 55.688114 50
12.585028 55.68814 52
12.584927 55.688164 54
12.584836 55.68819 56
12.584755 55.688213 58
12.58467 55.688236 60
12.584587 55.68826 62
12.584503 55.68828 64
12.584419 55.688305 66
12.58431 55.68833 68
12.584136 55.688385 70
12.583891 55.68845 72
12.589337 55.6868 1C
12.587866 55.687187 15
12.58779 55.687206 17
12.587722 55.68723 19
12.587976 55.68735 20
12.587665 55.687244 21
12.587571 55.68727 23
12.587882 55.687374 24
12.587481 55.687298 25
12.587781 55.6874 26
12.587418 55.687317 27
12.587681 55.687428 28
12.58729 55.687347 29
12.587583 55.687454 30
12.587474 55.68748 34
12.587386 55.687504 38
12.587296 55.68753 40
12.586004 55.687885 44
12.586374 55.687847 3
