14.725595 55.135685 2
14.725229 55.14423 3
14.738596 55.143997 4
14.73681 55.14448 4A
14.731965 55.144592 5
14.733031 55.14757 5B
14.734931 55.14458 6
14.736539 55.151527 7
14.734838 55.148018 8
14.742644 55.160572 9
14.73932 55.15301 10
14.740625 55.161167 11
14.742218 55.157352 14
14.749018 55.160336 16
14.741131 55.162617 23
14.725595 55.135685 2
14.725229 55.14423 3
14.738596 55.143997 4
14.73681 55.14448 4A
14.731965 55.144592 5
14.733031 55.14757 5B
14.734931 55.14458 6
14.736539 55.151527 7
14.734838 55.148018 8
14.742644 55.160572 9
14.73932 55.15301 10
14.740625 55.161167 11
14.742218 55.157352 14
14.749018 55.160336 16
14.741131 55.162617 23
14.725595 55.135685 2
14.725229 55.14423 3
14.738596 55.143997 4
14.73681 55.14448 4A
14.731965 55.144592 5
14.733031 55.14757 5B
14.734931 55.14458 6
14.736539 55.151527 7
14.734838 55.148018 8
14.742644 55.160572 9
14.73932 55.15301 10
14.740625 55.161167 11
14.742218 55.157352 14
14.749018 55.160336 16
14.741131 55.162617 23
14.725595 55.135685 2
14.725229 55.14423 3
14.738596 55.143997 4
14.73681 55.14448 4A
14.731965 55.144592 5
14.733031 55.14757 5B
14.734931 55.14458 6
14.736539 55.151527 7
14.734838 55.148018 8
14.742644 55.160572 9
14.73932 55.15301 10
14.740625 55.161167 11
14.742218 55.157352 14
14.749018 55.160336 16
14.741131 55.162617 23
14.725595 55.135685 2
14.725229 55.14423 3
14.738596 55.143997 4
14.73681 55.14448 4A
14.731965 55.144592 5
14.733031 55.14757 5B
14.734931 55.14458 6
14.736539 55.151527 7
14.734838 55.148018 8
14.742644 55.160572 9
14.73932 55.15301 10
14.740625 55.161167 11
14.742218 55.157352 14
14.749018 55.160336 16
14.741131 55.162617 23
14.725595 55.135685 2
14.725229 55.14423 3
14.738596 55.143997 4
14.73681 55.14448 4A
14.731965 55.144592 5
14.733031 55.14757 5B
14.734931 55.14458 6
14.736539 55.151527 7
14.734838 55.148018 8
14.742644 55.160572 9
14.73932 55.15301 10
14.740625 55.161167 11
14.742218 55.157352 14
14.749018 55.160336 16
14.741131 55.162617 23
