14.869432 55.144863 1A
14.869829 55.144367 2
14.869806 55.144794 3
14.87517 55.145813 4
14.870268 55.14485 5
14.875589 55.14598 6
14.870545 55.144894 7
14.878082 55.146915 8
14.870867 55.14493 9
14.879969 55.14778 10
14.871108 55.14497 11
14.880202 55.147896 12
14.87138 55.14498 13
14.883217 55.148834 14
14.871688 55.145054 15
14.88377 55.148785 16
14.871857 55.145195 17
14.872192 55.145214 19
14.872484 55.14523 21
14.885951 55.14981 22
14.872771 55.145252 23
14.886158 55.149864 24
14.872985 55.145306 25
14.886234 55.149902 26
14.873253 55.145374 27
14.873525 55.145542 29
14.887022 55.150143 30
14.873638 55.145752 31
14.887435 55.150383 32
14.87392 55.14583 33
14.887763 55.150497 34
14.874283 55.145874 35
14.889251 55.15115 36
14.874491 55.145977 37
14.874754 55.146084 39
14.874983 55.146152 41
14.875191 55.146214 43
14.875922 55.14696 45
14.877169 55.147087 47
14.877588 55.14729 49
14.876169 55.14979 51
14.875605 55.15005 51B
14.876004 55.15106 53
14.879146 55.149002 55
14.88511 55.149933 57
14.886683 55.15049 59
14.887079 55.15096 59A
14.886998 55.154095 61
14.888361 55.151188 63
14.889653 55.15185 65
14.869017 55.14457 1B
14.885071 55.149857 57A
14.886739 55.14997 28
14.869432 55.144863 1A
14.869829 55.144367 2
14.869806 55.144794 3
14.87517 55.145813 4
14.870268 55.14485 5
14.875589 55.14598 6
14.870545 55.144894 7
14.878082 55.146915 8
14.870867 55.14493 9
14.879969 55.14778 10
14.871108 55.14497 11
14.880202 55.147896 12
14.87138 55.14498 13
14.883217 55.148834 14
14.871688 55.145054 15
14.88377 55.148785 16
14.871857 55.145195 17
14.872192 55.145214 19
14.872484 55.14523 21
14.885951 55.14981 22
14.872771 55.145252 23
14.886158 55.149864 24
14.872985 55.145306 25
14.886234 55.149902 26
14.873253 55.145374 27
14.873525 55.145542 29
14.887022 55.150143 30
14.873638 55.145752 31
14.887435 55.150383 32
14.87392 55.14583 33
14.887763 55.150497 34
14.874283 55.145874 35
14.889251 55.15115 36
14.874491 55.145977 37
14.874754 55.146084 39
14.874983 55.146152 41
14.875191 55.146214 43
14.875922 55.14696 45
14.877169 55.147087 47
14.877588 55.14729 49
14.876169 55.14979 51
14.875605 55.15005 51B
14.876004 55.15106 53
14.879146 55.149002 55
14.88511 55.149933 57
14.886683 55.15049 59
14.887079 55.15096 59A
14.886998 55.154095 61
14.888361 55.151188 63
14.889653 55.15185 65
14.869017 55.14457 1B
14.885071 55.149857 57A
14.886739 55.14997 28
14.869432 55.144863 1A
14.869829 55.144367 2
14.869806 55.144794 3
14.87517 55.145813 4
14.870268 55.14485 5
14.875589 55.14598 6
14.870545 55.144894 7
14.878082 55.146915 8
14.870867 55.14493 9
14.879969 55.14778 10
14.871108 55.14497 11
14.880202 55.147896 12
14.87138 55.14498 13
14.883217 55.148834 14
14.871688 55.145054 15
14.88377 55.148785 16
14.871857 55.145195 17
14.872192 55.145214 19
14.872484 55.14523 21
14.885951 55.14981 22
14.872771 55.145252 23
14.886158 55.149864 24
14.872985 55.145306 25
14.886234 55.149902 26
14.873253 55.145374 27
14.873525 55.145542 29
14.887022 55.150143 30
14.873638 55.145752 31
14.887435 55.150383 32
14.87392 55.14583 33
14.887763 55.150497 34
14.874283 55.145874 35
14.889251 55.15115 36
14.874491 55.145977 37
14.874754 55.146084 39
14.874983 55.146152 41
14.875191 55.146214 43
14.875922 55.14696 45
14.877169 55.147087 47
14.877588 55.14729 49
14.876169 55.14979 51
14.875605 55.15005 51B
14.876004 55.15106 53
14.879146 55.149002 55
14.88511 55.149933 57
14.886683 55.15049 59
14.887079 55.15096 59A
14.886998 55.154095 61
14.888361 55.151188 63
14.889653 55.15185 65
14.869017 55.14457 1B
14.885071 55.149857 57A
14.886739 55.14997 28
14.869432 55.144863 1A
14.869829 55.144367 2
14.869806 55.144794 3
14.87517 55.145813 4
14.870268 55.14485 5
14.875589 55.14598 6
14.870545 55.144894 7
14.878082 55.146915 8
14.870867 55.14493 9
14.879969 55.14778 10
14.871108 55.14497 11
14.880202 55.147896 12
14.87138 55.14498 13
14.883217 55.148834 14
14.871688 55.145054 15
14.88377 55.148785 16
14.871857 55.145195 17
14.872192 55.145214 19
14.872484 55.14523 21
14.885951 55.14981 22
14.872771 55.145252 23
14.886158 55.149864 24
14.872985 55.145306 25
14.886234 55.149902 26
14.873253 55.145374 27
14.873525 55.145542 29
14.887022 55.150143 30
14.873638 55.145752 31
14.887435 55.150383 32
14.87392 55.14583 33
14.887763 55.150497 34
14.874283 55.145874 35
14.889251 55.15115 36
14.874491 55.145977 37
14.874754 55.146084 39
14.874983 55.146152 41
14.875191 55.146214 43
14.875922 55.14696 45
14.877169 55.147087 47
14.877588 55.14729 49
14.876169 55.14979 51
14.875605 55.15005 51B
14.876004 55.15106 53
14.879146 55.149002 55
14.88511 55.149933 57
14.886683 55.15049 59
14.887079 55.15096 59A
14.886998 55.154095 61
14.888361 55.151188 63
14.889653 55.15185 65
14.869017 55.14457 1B
14.885071 55.149857 57A
14.886739 55.14997 28
14.869432 55.144863 1A
14.869829 55.144367 2
14.869806 55.144794 3
14.87517 55.145813 4
14.870268 55.14485 5
14.875589 55.14598 6
14.870545 55.144894 7
14.878082 55.146915 8
14.870867 55.14493 9
14.879969 55.14778 10
14.871108 55.14497 11
14.880202 55.147896 12
14.87138 55.14498 13
14.883217 55.148834 14
14.871688 55.145054 15
14.88377 55.148785 16
14.871857 55.145195 17
14.872192 55.145214 19
14.872484 55.14523 21
14.885951 55.14981 22
14.872771 55.145252 23
14.886158 55.149864 24
14.872985 55.145306 25
14.886234 55.149902 26
14.873253 55.145374 27
14.873525 55.145542 29
14.887022 55.150143 30
14.873638 55.145752 31
14.887435 55.150383 32
14.87392 55.14583 33
14.887763 55.150497 34
14.874283 55.145874 35
14.889251 55.15115 36
14.874491 55.145977 37
14.874754 55.146084 39
14.874983 55.146152 41
14.875191 55.146214 43
14.875922 55.14696 45
14.877169 55.147087 47
14.877588 55.14729 49
14.876169 55.14979 51
14.875605 55.15005 51B
14.876004 55.15106 53
14.879146 55.149002 55
14.88511 55.149933 57
14.886683 55.15049 59
14.887079 55.15096 59A
14.886998 55.154095 61
14.888361 55.151188 63
14.889653 55.15185 65
14.869017 55.14457 1B
14.885071 55.149857 57A
14.886739 55.14997 28
14.869432 55.144863 1A
14.869829 55.144367 2
14.869806 55.144794 3
14.87517 55.145813 4
14.870268 55.14485 5
14.875589 55.14598 6
14.870545 55.144894 7
14.878082 55.146915 8
14.870867 55.14493 9
14.879969 55.14778 10
14.871108 55.14497 11
14.880202 55.147896 12
14.87138 55.14498 13
14.883217 55.148834 14
14.871688 55.145054 15
14.88377 55.148785 16
14.871857 55.145195 17
14.872192 55.145214 19
14.872484 55.14523 21
14.885951 55.14981 22
14.872771 55.145252 23
14.886158 55.149864 24
14.872985 55.145306 25
14.886234 55.149902 26
14.873253 55.145374 27
14.873525 55.145542 29
14.887022 55.150143 30
14.873638 55.145752 31
14.887435 55.150383 32
14.87392 55.14583 33
14.887763 55.150497 34
14.874283 55.145874 35
14.889251 55.15115 36
14.874491 55.145977 37
14.874754 55.146084 39
14.874983 55.146152 41
14.875191 55.146214 43
14.875922 55.14696 45
14.877169 55.147087 47
14.877588 55.14729 49
14.876169 55.14979 51
14.875605 55.15005 51B
14.876004 55.15106 53
14.879146 55.149002 55
14.88511 55.149933 57
14.886683 55.15049 59
14.887079 55.15096 59A
14.886998 55.154095 61
14.888361 55.151188 63
14.889653 55.15185 65
14.869017 55.14457 1B
14.885071 55.149857 57A
14.886739 55.14997 28
