14.704466 55.10743 2
14.704557 55.10756 3
14.704701 55.107403 4
14.704677 55.107544 5
14.704795 55.10739 6
14.704854 55.107525 7
14.704931 55.10738 8
14.704983 55.10751 9
14.705033 55.10737 10
14.705171 55.10749 11
14.705209 55.10735 12
14.705297 55.107475 13
14.70531 55.107338 14
14.70546 55.10746 15
14.705519 55.10731 16
14.705558 55.10745 17
14.705617 55.107304 18
14.705741 55.107426 19
14.705825 55.10728 20
14.705861 55.107414 21
14.705924 55.10727 22
14.706063 55.107395 23
14.706135 55.107243 24
14.706177 55.107384 25
14.706233 55.10723 26
14.706407 55.107353 27
14.706543 55.107197 28
14.706517 55.107346 29
14.795892 55.274155 1
