14.702063 55.097893 2B
14.702247 55.097904 4
14.702334 55.098026 5
14.702525 55.097904 6
14.702694 55.09789 8
14.702778 55.09789 10
14.702926 55.09789 12
14.703043 55.097885 14
14.703163 55.097885 16
14.703252 55.097885 18
14.703391 55.09788 20
14.703532 55.097885 22A
14.703638 55.097885 22B
14.703827 55.098167 23
14.704172 55.097878 24
14.703978 55.09807 25
14.704506 55.097874 26
14.704162 55.09802 27
14.704721 55.097874 28
14.70433 55.09802 29
14.704822 55.097874 30
14.704957 55.097874 32
14.705027 55.09787 34
14.704706 55.098007 35
14.705147 55.097874 36
14.704832 55.09801 37
14.70523 55.097874 38
14.70493 55.09801 39
14.70535 55.09787 40
14.705047 55.09801 41
14.705442 55.09787 42
14.705152 55.098007 43
14.705587 55.09787 44
14.705224 55.098007 45
14.706063 55.09785 46
14.705344 55.098007 47
14.705467 55.098007 49
14.706592 55.097755 50
14.705642 55.098003 51
14.70576 55.098003 53
14.706673 55.097927 55
14.702853 55.098 13
14.702723 55.098003 11
14.702586 55.098003 9
14.702472 55.09801 7
14.702181 55.098026 3
14.701963 55.098038 1
14.703056 55.098 17
14.70296 55.097996 15
