14.725883 55.094845 1
14.725613 55.09494 2
14.725564 55.09446 3
14.725291 55.09461 4
14.725516 55.0944 5
14.725204 55.09463 6
14.725427 55.094345 7
14.725073 55.094643 8
14.725376 55.094296 9
14.724978 55.09467 10
14.725291 55.094196 11
14.724967 55.094536 12
14.725214 55.09422 13
14.724917 55.094482 14
14.726189 55.09452 15
14.724832 55.094387 16
14.726275 55.0945 17
14.724786 55.094337 18
14.72641 55.094498 19
14.724957 55.094296 20
14.726514 55.094475 21
14.725036 55.094273 22
14.726017 55.094315 23
14.726137 55.09429 25
14.72625 55.09428 27
14.726343 55.094257 29
14.726498 55.094624 31
