14.72167 55.09654 1
14.721836 55.096146 2
14.721926 55.096424 3
14.722086 55.096066 4
14.722151 55.096336 5
14.722315 55.095997 6
14.722418 55.096603 7
14.722549 55.095924 8
14.722664 55.09654 9
14.722776 55.09585 10
14.722437 55.096245 11
14.723016 55.095757 12
14.722673 55.096172 13
14.723285 55.095688 14
14.722907 55.0961 15
14.723551 55.09564 16
14.723303 55.095978 17
14.723783 55.09559 18
14.723517 55.09591 19
14.724022 55.09554 20
14.723755 55.095856 21
14.72465 55.095455 22
14.724037 55.095795 23
14.725106 55.095364 24
14.724283 55.095802 25
14.725401 55.09531 26
14.725429 55.09562 27
14.725738 55.095234 28
14.725628 55.09559 29
14.726302 55.095173 30
14.725829 55.09556 31
14.72625 55.094982 32
14.726029 55.095524 33
14.726587 55.094856 34
14.726229 55.095493 35
14.726738 55.095104 36
14.726429 55.09546 37
14.72712 55.095036 38
14.726997 55.094765 40
14.727371 55.09471 42
14.727486 55.094994 44
14.727824 55.094986 46
14.727861 55.09466 48
14.728176 55.094913 50
14.728113 55.094643 52
15.117648 55.140797 1
14.72167 55.09654 1
14.721836 55.096146 2
14.721926 55.096424 3
14.722086 55.096066 4
14.722151 55.096336 5
14.722315 55.095997 6
14.722418 55.096603 7
14.722549 55.095924 8
14.722664 55.09654 9
14.722776 55.09585 10
14.722437 55.096245 11
14.723016 55.095757 12
14.722673 55.096172 13
14.723285 55.095688 14
14.722907 55.0961 15
14.723551 55.09564 16
14.723303 55.095978 17
14.723783 55.09559 18
14.723517 55.09591 19
14.724022 55.09554 20
14.723755 55.095856 21
14.72465 55.095455 22
14.724037 55.095795 23
14.725106 55.095364 24
14.724283 55.095802 25
14.725401 55.09531 26
14.725429 55.09562 27
14.725738 55.095234 28
14.725628 55.09559 29
14.726302 55.095173 30
14.725829 55.09556 31
14.72625 55.094982 32
14.726029 55.095524 33
14.726587 55.094856 34
14.726229 55.095493 35
14.726738 55.095104 36
14.726429 55.09546 37
14.72712 55.095036 38
14.726997 55.094765 40
14.727371 55.09471 42
14.727486 55.094994 44
14.727824 55.094986 46
14.727861 55.09466 48
14.728176 55.094913 50
14.728113 55.094643 52
15.117648 55.140797 1
14.72167 55.09654 1
14.721836 55.096146 2
14.721926 55.096424 3
14.722086 55.096066 4
14.722151 55.096336 5
14.722315 55.095997 6
14.722418 55.096603 7
14.722549 55.095924 8
14.722664 55.09654 9
14.722776 55.09585 10
14.722437 55.096245 11
14.723016 55.095757 12
14.722673 55.096172 13
14.723285 55.095688 14
14.722907 55.0961 15
14.723551 55.09564 16
14.723303 55.095978 17
14.723783 55.09559 18
14.723517 55.09591 19
14.724022 55.09554 20
14.723755 55.095856 21
14.72465 55.095455 22
14.724037 55.095795 23
14.725106 55.095364 24
14.724283 55.095802 25
14.725401 55.09531 26
14.725429 55.09562 27
14.725738 55.095234 28
14.725628 55.09559 29
14.726302 55.095173 30
14.725829 55.09556 31
14.72625 55.094982 32
14.726029 55.095524 33
14.726587 55.094856 34
14.726229 55.095493 35
14.726738 55.095104 36
14.726429 55.09546 37
14.72712 55.095036 38
14.726997 55.094765 40
14.727371 55.09471 42
14.727486 55.094994 44
14.727824 55.094986 46
14.727861 55.09466 48
14.728176 55.094913 50
14.728113 55.094643 52
15.117648 55.140797 1
14.72167 55.09654 1
14.721836 55.096146 2
14.721926 55.096424 3
14.722086 55.096066 4
14.722151 55.096336 5
14.722315 55.095997 6
14.722418 55.096603 7
14.722549 55.095924 8
14.722664 55.09654 9
14.722776 55.09585 10
14.722437 55.096245 11
14.723016 55.095757 12
14.722673 55.096172 13
14.723285 55.095688 14
14.722907 55.0961 15
14.723551 55.09564 16
14.723303 55.095978 17
14.723783 55.09559 18
14.723517 55.09591 19
14.724022 55.09554 20
14.723755 55.095856 21
14.72465 55.095455 22
14.724037 55.095795 23
14.725106 55.095364 24
14.724283 55.095802 25
14.725401 55.09531 26
14.725429 55.09562 27
14.725738 55.095234 28
14.725628 55.09559 29
14.726302 55.095173 30
14.725829 55.09556 31
14.72625 55.094982 32
14.726029 55.095524 33
14.726587 55.094856 34
14.726229 55.095493 35
14.726738 55.095104 36
14.726429 55.09546 37
14.72712 55.095036 38
14.726997 55.094765 40
14.727371 55.09471 42
14.727486 55.094994 44
14.727824 55.094986 46
14.727861 55.09466 48
14.728176 55.094913 50
14.728113 55.094643 52
15.117648 55.140797 1
14.72167 55.09654 1
14.721836 55.096146 2
14.721926 55.096424 3
14.722086 55.096066 4
14.722151 55.096336 5
14.722315 55.095997 6
14.722418 55.096603 7
14.722549 55.095924 8
14.722664 55.09654 9
14.722776 55.09585 10
14.722437 55.096245 11
14.723016 55.095757 12
14.722673 55.096172 13
14.723285 55.095688 14
14.722907 55.0961 15
14.723551 55.09564 16
14.723303 55.095978 17
14.723783 55.09559 18
14.723517 55.09591 19
14.724022 55.09554 20
14.723755 55.095856 21
14.72465 55.095455 22
14.724037 55.095795 23
14.725106 55.095364 24
14.724283 55.095802 25
14.725401 55.09531 26
14.725429 55.09562 27
14.725738 55.095234 28
14.725628 55.09559 29
14.726302 55.095173 30
14.725829 55.09556 31
14.72625 55.094982 32
14.726029 55.095524 33
14.726587 55.094856 34
14.726229 55.095493 35
14.726738 55.095104 36
14.726429 55.09546 37
14.72712 55.095036 38
14.726997 55.094765 40
14.727371 55.09471 42
14.727486 55.094994 44
14.727824 55.094986 46
14.727861 55.09466 48
14.728176 55.094913 50
14.728113 55.094643 52
15.117648 55.140797 1
14.72167 55.09654 1
14.721836 55.096146 2
14.721926 55.096424 3
14.722086 55.096066 4
14.722151 55.096336 5
14.722315 55.095997 6
14.722418 55.096603 7
14.722549 55.095924 8
14.722664 55.09654 9
14.722776 55.09585 10
14.722437 55.096245 11
14.723016 55.095757 12
14.722673 55.096172 13
14.723285 55.095688 14
14.722907 55.0961 15
14.723551 55.09564 16
14.723303 55.095978 17
14.723783 55.09559 18
14.723517 55.09591 19
14.724022 55.09554 20
14.723755 55.095856 21
14.72465 55.095455 22
14.724037 55.095795 23
14.725106 55.095364 24
14.724283 55.095802 25
14.725401 55.09531 26
14.725429 55.09562 27
14.725738 55.095234 28
14.725628 55.09559 29
14.726302 55.095173 30
14.725829 55.09556 31
14.72625 55.094982 32
14.726029 55.095524 33
14.726587 55.094856 34
14.726229 55.095493 35
14.726738 55.095104 36
14.726429 55.09546 37
14.72712 55.095036 38
14.726997 55.094765 40
14.727371 55.09471 42
14.727486 55.094994 44
14.727824 55.094986 46
14.727861 55.09466 48
14.728176 55.094913 50
14.728113 55.094643 52
15.117648 55.140797 1
