14.719067 55.101715 2
14.719058 55.101498 4
14.720222 55.101574 5
14.719022 55.101334 6
14.719983 55.101467 7
14.719048 55.101154 8
14.719561 55.101494 9
14.71891 55.10092 10
14.719412 55.101254 11
15.054346 55.000435 1
14.719067 55.101715 2
14.719058 55.101498 4
14.720222 55.101574 5
14.719022 55.101334 6
14.719983 55.101467 7
14.719048 55.101154 8
14.719561 55.101494 9
14.71891 55.10092 10
14.719412 55.101254 11
15.054346 55.000435 1
14.719067 55.101715 2
14.719058 55.101498 4
14.720222 55.101574 5
14.719022 55.101334 6
14.719983 55.101467 7
14.719048 55.101154 8
14.719561 55.101494 9
14.71891 55.10092 10
14.719412 55.101254 11
15.054346 55.000435 1
14.719067 55.101715 2
14.719058 55.101498 4
14.720222 55.101574 5
14.719022 55.101334 6
14.719983 55.101467 7
14.719048 55.101154 8
14.719561 55.101494 9
14.71891 55.10092 10
14.719412 55.101254 11
15.054346 55.000435 1
14.719067 55.101715 2
14.719058 55.101498 4
14.720222 55.101574 5
14.719022 55.101334 6
14.719983 55.101467 7
14.719048 55.101154 8
14.719561 55.101494 9
14.71891 55.10092 10
14.719412 55.101254 11
15.054346 55.000435 1
14.719067 55.101715 2
14.719058 55.101498 4
14.720222 55.101574 5
14.719022 55.101334 6
14.719983 55.101467 7
14.719048 55.101154 8
14.719561 55.101494 9
14.71891 55.10092 10
14.719412 55.101254 11
15.054346 55.000435 1
