14.827116 55.119007 2
14.81158 55.119434 3
14.823578 55.11896 4
14.819004 55.119377 6
14.818626 55.11931 8
14.816789 55.119583 10
14.813726 55.119877 12
14.813243 55.124115 14
15.072022 55.063465 1
14.827116 55.119007 2
14.81158 55.119434 3
14.823578 55.11896 4
14.819004 55.119377 6
14.818626 55.11931 8
14.816789 55.119583 10
14.813726 55.119877 12
14.813243 55.124115 14
15.072022 55.063465 1
14.827116 55.119007 2
14.81158 55.119434 3
14.823578 55.11896 4
14.819004 55.119377 6
14.818626 55.11931 8
14.816789 55.119583 10
14.813726 55.119877 12
14.813243 55.124115 14
15.072022 55.063465 1
14.827116 55.119007 2
14.81158 55.119434 3
14.823578 55.11896 4
14.819004 55.119377 6
14.818626 55.11931 8
14.816789 55.119583 10
14.813726 55.119877 12
14.813243 55.124115 14
15.072022 55.063465 1
14.827116 55.119007 2
14.81158 55.119434 3
14.823578 55.11896 4
14.819004 55.119377 6
14.818626 55.11931 8
14.816789 55.119583 10
14.813726 55.119877 12
14.813243 55.124115 14
15.072022 55.063465 1
14.827116 55.119007 2
14.81158 55.119434 3
14.823578 55.11896 4
14.819004 55.119377 6
14.818626 55.11931 8
14.816789 55.119583 10
14.813726 55.119877 12
14.813243 55.124115 14
15.072022 55.063465 1
