14.709152 55.10923 2
14.709318 55.109623 3
14.709318 55.109344 4
14.709486 55.109455 6
14.709656 55.109566 8
14.709825 55.109676 10
14.709996 55.10979 12
14.709152 55.10923 2
14.709318 55.109623 3
14.709318 55.109344 4
14.709486 55.109455 6
14.709656 55.109566 8
14.709825 55.109676 10
14.709996 55.10979 12
14.709152 55.10923 2
14.709318 55.109623 3
14.709318 55.109344 4
14.709486 55.109455 6
14.709656 55.109566 8
14.709825 55.109676 10
14.709996 55.10979 12
14.709152 55.10923 2
14.709318 55.109623 3
14.709318 55.109344 4
14.709486 55.109455 6
14.709656 55.109566 8
14.709825 55.109676 10
14.709996 55.10979 12
14.709152 55.10923 2
14.709318 55.109623 3
14.709318 55.109344 4
14.709486 55.109455 6
14.709656 55.109566 8
14.709825 55.109676 10
14.709996 55.10979 12
14.709152 55.10923 2
14.709318 55.109623 3
14.709318 55.109344 4
14.709486 55.109455 6
14.709656 55.109566 8
14.709825 55.109676 10
14.709996 55.10979 12
