14.713197 55.098305 2
14.712733 55.098392 3
14.713232 55.098446 4
14.712758 55.098537 5
14.713271 55.098576 6
14.712799 55.09866 7
14.713335 55.098694 8
14.712847 55.098843 9
14.713438 55.098827 10
14.712834 55.099 11
14.713473 55.098995 12
14.71358 55.09948 14
14.713404 55.09995 22
14.713031 55.10043 24
14.712938 55.10096 28
14.712253 55.102055 34
14.71217 55.102173 36
14.712124 55.102234 38
14.712361 55.10091 39
14.712025 55.10235 40
14.712094 55.101357 41
14.711898 55.10246 42
14.712159 55.10146 43
14.711813 55.102566 44
14.711983 55.10163 45
14.711747 55.10267 46
14.711819 55.10186 47
14.71163 55.102787 48
14.711713 55.102013 49
14.711532 55.10293 50
14.711559 55.102177 51
14.711442 55.10304 52
14.711472 55.10231 53
14.711334 55.103176 54
14.711315 55.102467 55
14.711227 55.103306 56
14.711237 55.10262 57
14.711206 55.103634 58
14.711176 55.102695 59
14.711023 55.102825 61
14.71095 55.102966 63
14.710432 55.10344 67
14.710231 55.103317 67A
14.710318 55.103344 67B
14.710392 55.103363 67C
14.710461 55.103455 67D
14.710244 55.103333 67E
14.710341 55.10335 67F
14.710409 55.10338 67G
14.710466 55.103405 67H
14.710631 55.10406 68
14.710363 55.103703 69
14.710527 55.104187 70
14.710221 55.103825 71
14.710456 55.104294 72
14.710177 55.10396 73
14.710404 55.10436 74
14.710089 55.10408 75
14.710293 55.104492 76
14.710047 55.104134 77
14.710215 55.104595 78
14.70996 55.10424 79
14.710132 55.104694 80
14.710073 55.104767 82
14.709857 55.104378 83
14.710033 55.10489 84
14.709752 55.10452 85
14.709853 55.10505 86
14.709651 55.10464 87
14.709745 55.10518 88
14.70949 55.104755 89
14.709631 55.105328 90
14.709412 55.104874 91
14.709583 55.10539 92
14.709332 55.10498 93
14.709492 55.1055 94
14.709259 55.105133 95
14.709409 55.1058 96
14.708819 55.105137 97
14.709181 55.10585 98
14.709046 55.105415 99
14.708962 55.10601 100
14.708802 55.10614 106
14.708747 55.106182 108
14.70862 55.106277 110
14.708611 55.105816 111
14.708477 55.10639 112
14.708208 55.106136 113
14.708365 55.106483 114
14.708063 55.106247 115
14.708301 55.106533 116
14.707992 55.1063 117
14.708179 55.10662 118
14.707889 55.106384 119
14.708054 55.10676 120
14.707771 55.106476 121
14.70766 55.10656 123
14.707543 55.10665 125
14.707836 55.107018 126
14.707431 55.10674 127
14.707017 55.107525 128
14.707258 55.106873 129
14.706328 55.108116 130
14.70645 55.10752 131A
14.706273 55.10763 131B
14.706166 55.108253 132
14.706001 55.10784 133
14.705927 55.108376 134
14.705937 55.10789 135
14.706136 55.108677 136
14.705717 55.108032 137
14.705827 55.108665 138
14.705563 55.108173 139
14.705539 55.108765 140
14.705376 55.108337 141
14.704279 55.109676 142
14.704777 55.108776 145
14.704067 55.10935 153
14.712351 55.1018 32
14.741751 55.24686 2
14.713197 55.098305 2
14.712733 55.098392 3
14.713232 55.098446 4
14.712758 55.098537 5
14.713271 55.098576 6
14.712799 55.09866 7
14.713335 55.098694 8
14.712847 55.098843 9
14.713438 55.098827 10
14.712834 55.099 11
14.713473 55.098995 12
14.71358 55.09948 14
14.713404 55.09995 22
14.713031 55.10043 24
14.712938 55.10096 28
14.712253 55.102055 34
14.71217 55.102173 36
14.712124 55.102234 38
14.712361 55.10091 39
14.712025 55.10235 40
14.712094 55.101357 41
14.711898 55.10246 42
14.712159 55.10146 43
14.711813 55.102566 44
14.711983 55.10163 45
14.711747 55.10267 46
14.711819 55.10186 47
14.71163 55.102787 48
14.711713 55.102013 49
14.711532 55.10293 50
14.711559 55.102177 51
14.711442 55.10304 52
14.711472 55.10231 53
14.711334 55.103176 54
14.711315 55.102467 55
14.711227 55.103306 56
14.711237 55.10262 57
14.711206 55.103634 58
14.711176 55.102695 59
14.711023 55.102825 61
14.71095 55.102966 63
14.710432 55.10344 67
14.710231 55.103317 67A
14.710318 55.103344 67B
14.710392 55.103363 67C
14.710461 55.103455 67D
14.710244 55.103333 67E
14.710341 55.10335 67F
14.710409 55.10338 67G
14.710466 55.103405 67H
14.710631 55.10406 68
14.710363 55.103703 69
14.710527 55.104187 70
14.710221 55.103825 71
14.710456 55.104294 72
14.710177 55.10396 73
14.710404 55.10436 74
14.710089 55.10408 75
14.710293 55.104492 76
14.710047 55.104134 77
14.710215 55.104595 78
14.70996 55.10424 79
14.710132 55.104694 80
14.710073 55.104767 82
14.709857 55.104378 83
14.710033 55.10489 84
14.709752 55.10452 85
14.709853 55.10505 86
14.709651 55.10464 87
14.709745 55.10518 88
14.70949 55.104755 89
14.709631 55.105328 90
14.709412 55.104874 91
14.709583 55.10539 92
14.709332 55.10498 93
14.709492 55.1055 94
14.709259 55.105133 95
14.709409 55.1058 96
14.708819 55.105137 97
14.709181 55.10585 98
14.709046 55.105415 99
14.708962 55.10601 100
14.708802 55.10614 106
14.708747 55.106182 108
14.70862 55.106277 110
14.708611 55.105816 111
14.708477 55.10639 112
14.708208 55.106136 113
14.708365 55.106483 114
14.708063 55.106247 115
14.708301 55.106533 116
14.707992 55.1063 117
14.708179 55.10662 118
14.707889 55.106384 119
14.708054 55.10676 120
14.707771 55.106476 121
14.70766 55.10656 123
14.707543 55.10665 125
14.707836 55.107018 126
14.707431 55.10674 127
14.707017 55.107525 128
14.707258 55.106873 129
14.706328 55.108116 130
14.70645 55.10752 131A
14.706273 55.10763 131B
14.706166 55.108253 132
14.706001 55.10784 133
14.705927 55.108376 134
14.705937 55.10789 135
14.706136 55.108677 136
14.705717 55.108032 137
14.705827 55.108665 138
14.705563 55.108173 139
14.705539 55.108765 140
14.705376 55.108337 141
14.704279 55.109676 142
14.704777 55.108776 145
14.704067 55.10935 153
14.712351 55.1018 32
14.741751 55.24686 2
14.713197 55.098305 2
14.712733 55.098392 3
14.713232 55.098446 4
14.712758 55.098537 5
14.713271 55.098576 6
14.712799 55.09866 7
14.713335 55.098694 8
14.712847 55.098843 9
14.713438 55.098827 10
14.712834 55.099 11
14.713473 55.098995 12
14.71358 55.09948 14
14.713404 55.09995 22
14.713031 55.10043 24
14.712938 55.10096 28
14.712253 55.102055 34
14.71217 55.102173 36
14.712124 55.102234 38
14.712361 55.10091 39
14.712025 55.10235 40
14.712094 55.101357 41
14.711898 55.10246 42
14.712159 55.10146 43
14.711813 55.102566 44
14.711983 55.10163 45
14.711747 55.10267 46
14.711819 55.10186 47
14.71163 55.102787 48
14.711713 55.102013 49
14.711532 55.10293 50
14.711559 55.102177 51
14.711442 55.10304 52
14.711472 55.10231 53
14.711334 55.103176 54
14.711315 55.102467 55
14.711227 55.103306 56
14.711237 55.10262 57
14.711206 55.103634 58
14.711176 55.102695 59
14.711023 55.102825 61
14.71095 55.102966 63
14.710432 55.10344 67
14.710231 55.103317 67A
14.710318 55.103344 67B
14.710392 55.103363 67C
14.710461 55.103455 67D
14.710244 55.103333 67E
14.710341 55.10335 67F
14.710409 55.10338 67G
14.710466 55.103405 67H
14.710631 55.10406 68
14.710363 55.103703 69
14.710527 55.104187 70
14.710221 55.103825 71
14.710456 55.104294 72
14.710177 55.10396 73
14.710404 55.10436 74
14.710089 55.10408 75
14.710293 55.104492 76
14.710047 55.104134 77
14.710215 55.104595 78
14.70996 55.10424 79
14.710132 55.104694 80
14.710073 55.104767 82
14.709857 55.104378 83
14.710033 55.10489 84
14.709752 55.10452 85
14.709853 55.10505 86
14.709651 55.10464 87
14.709745 55.10518 88
14.70949 55.104755 89
14.709631 55.105328 90
14.709412 55.104874 91
14.709583 55.10539 92
14.709332 55.10498 93
14.709492 55.1055 94
14.709259 55.105133 95
14.709409 55.1058 96
14.708819 55.105137 97
14.709181 55.10585 98
14.709046 55.105415 99
14.708962 55.10601 100
14.708802 55.10614 106
14.708747 55.106182 108
14.70862 55.106277 110
14.708611 55.105816 111
14.708477 55.10639 112
14.708208 55.106136 113
14.708365 55.106483 114
14.708063 55.106247 115
14.708301 55.106533 116
14.707992 55.1063 117
14.708179 55.10662 118
14.707889 55.106384 119
14.708054 55.10676 120
14.707771 55.106476 121
14.70766 55.10656 123
14.707543 55.10665 125
14.707836 55.107018 126
14.707431 55.10674 127
14.707017 55.107525 128
14.707258 55.106873 129
14.706328 55.108116 130
14.70645 55.10752 131A
14.706273 55.10763 131B
14.706166 55.108253 132
14.706001 55.10784 133
14.705927 55.108376 134
14.705937 55.10789 135
14.706136 55.108677 136
14.705717 55.108032 137
14.705827 55.108665 138
14.705563 55.108173 139
14.705539 55.108765 140
14.705376 55.108337 141
14.704279 55.109676 142
14.704777 55.108776 145
14.704067 55.10935 153
14.712351 55.1018 32
14.741751 55.24686 2
14.713197 55.098305 2
14.712733 55.098392 3
14.713232 55.098446 4
14.712758 55.098537 5
14.713271 55.098576 6
14.712799 55.09866 7
14.713335 55.098694 8
14.712847 55.098843 9
14.713438 55.098827 10
14.712834 55.099 11
14.713473 55.098995 12
14.71358 55.09948 14
14.713404 55.09995 22
14.713031 55.10043 24
14.712938 55.10096 28
14.712253 55.102055 34
14.71217 55.102173 36
14.712124 55.102234 38
14.712361 55.10091 39
14.712025 55.10235 40
14.712094 55.101357 41
14.711898 55.10246 42
14.712159 55.10146 43
14.711813 55.102566 44
14.711983 55.10163 45
14.711747 55.10267 46
14.711819 55.10186 47
14.71163 55.102787 48
14.711713 55.102013 49
14.711532 55.10293 50
14.711559 55.102177 51
14.711442 55.10304 52
14.711472 55.10231 53
14.711334 55.103176 54
14.711315 55.102467 55
14.711227 55.103306 56
14.711237 55.10262 57
14.711206 55.103634 58
14.711176 55.102695 59
14.711023 55.102825 61
14.71095 55.102966 63
14.710432 55.10344 67
14.710231 55.103317 67A
14.710318 55.103344 67B
14.710392 55.103363 67C
14.710461 55.103455 67D
14.710244 55.103333 67E
14.710341 55.10335 67F
14.710409 55.10338 67G
14.710466 55.103405 67H
14.710631 55.10406 68
14.710363 55.103703 69
14.710527 55.104187 70
14.710221 55.103825 71
14.710456 55.104294 72
14.710177 55.10396 73
14.710404 55.10436 74
14.710089 55.10408 75
14.710293 55.104492 76
14.710047 55.104134 77
14.710215 55.104595 78
14.70996 55.10424 79
14.710132 55.104694 80
14.710073 55.104767 82
14.709857 55.104378 83
14.710033 55.10489 84
14.709752 55.10452 85
14.709853 55.10505 86
14.709651 55.10464 87
14.709745 55.10518 88
14.70949 55.104755 89
14.709631 55.105328 90
14.709412 55.104874 91
14.709583 55.10539 92
14.709332 55.10498 93
14.709492 55.1055 94
14.709259 55.105133 95
14.709409 55.1058 96
14.708819 55.105137 97
14.709181 55.10585 98
14.709046 55.105415 99
14.708962 55.10601 100
14.708802 55.10614 106
14.708747 55.106182 108
14.70862 55.106277 110
14.708611 55.105816 111
14.708477 55.10639 112
14.708208 55.106136 113
14.708365 55.106483 114
14.708063 55.106247 115
14.708301 55.106533 116
14.707992 55.1063 117
14.708179 55.10662 118
14.707889 55.106384 119
14.708054 55.10676 120
14.707771 55.106476 121
14.70766 55.10656 123
14.707543 55.10665 125
14.707836 55.107018 126
14.707431 55.10674 127
14.707017 55.107525 128
14.707258 55.106873 129
14.706328 55.108116 130
14.70645 55.10752 131A
14.706273 55.10763 131B
14.706166 55.108253 132
14.706001 55.10784 133
14.705927 55.108376 134
14.705937 55.10789 135
14.706136 55.108677 136
14.705717 55.108032 137
14.705827 55.108665 138
14.705563 55.108173 139
14.705539 55.108765 140
14.705376 55.108337 141
14.704279 55.109676 142
14.704777 55.108776 145
14.704067 55.10935 153
14.712351 55.1018 32
14.741751 55.24686 2
14.713197 55.098305 2
14.712733 55.098392 3
14.713232 55.098446 4
14.712758 55.098537 5
14.713271 55.098576 6
14.712799 55.09866 7
14.713335 55.098694 8
14.712847 55.098843 9
14.713438 55.098827 10
14.712834 55.099 11
14.713473 55.098995 12
14.71358 55.09948 14
14.713404 55.09995 22
14.713031 55.10043 24
14.712938 55.10096 28
14.712253 55.102055 34
14.71217 55.102173 36
14.712124 55.102234 38
14.712361 55.10091 39
14.712025 55.10235 40
14.712094 55.101357 41
14.711898 55.10246 42
14.712159 55.10146 43
14.711813 55.102566 44
14.711983 55.10163 45
14.711747 55.10267 46
14.711819 55.10186 47
14.71163 55.102787 48
14.711713 55.102013 49
14.711532 55.10293 50
14.711559 55.102177 51
14.711442 55.10304 52
14.711472 55.10231 53
14.711334 55.103176 54
14.711315 55.102467 55
14.711227 55.103306 56
14.711237 55.10262 57
14.711206 55.103634 58
14.711176 55.102695 59
14.711023 55.102825 61
14.71095 55.102966 63
14.710432 55.10344 67
14.710231 55.103317 67A
14.710318 55.103344 67B
14.710392 55.103363 67C
14.710461 55.103455 67D
14.710244 55.103333 67E
14.710341 55.10335 67F
14.710409 55.10338 67G
14.710466 55.103405 67H
14.710631 55.10406 68
14.710363 55.103703 69
14.710527 55.104187 70
14.710221 55.103825 71
14.710456 55.104294 72
14.710177 55.10396 73
14.710404 55.10436 74
14.710089 55.10408 75
14.710293 55.104492 76
14.710047 55.104134 77
14.710215 55.104595 78
14.70996 55.10424 79
14.710132 55.104694 80
14.710073 55.104767 82
14.709857 55.104378 83
14.710033 55.10489 84
14.709752 55.10452 85
14.709853 55.10505 86
14.709651 55.10464 87
14.709745 55.10518 88
14.70949 55.104755 89
14.709631 55.105328 90
14.709412 55.104874 91
14.709583 55.10539 92
14.709332 55.10498 93
14.709492 55.1055 94
14.709259 55.105133 95
14.709409 55.1058 96
14.708819 55.105137 97
14.709181 55.10585 98
14.709046 55.105415 99
14.708962 55.10601 100
14.708802 55.10614 106
14.708747 55.106182 108
14.70862 55.106277 110
14.708611 55.105816 111
14.708477 55.10639 112
14.708208 55.106136 113
14.708365 55.106483 114
14.708063 55.106247 115
14.708301 55.106533 116
14.707992 55.1063 117
14.708179 55.10662 118
14.707889 55.106384 119
14.708054 55.10676 120
14.707771 55.106476 121
14.70766 55.10656 123
14.707543 55.10665 125
14.707836 55.107018 126
14.707431 55.10674 127
14.707017 55.107525 128
14.707258 55.106873 129
14.706328 55.108116 130
14.70645 55.10752 131A
14.706273 55.10763 131B
14.706166 55.108253 132
14.706001 55.10784 133
14.705927 55.108376 134
14.705937 55.10789 135
14.706136 55.108677 136
14.705717 55.108032 137
14.705827 55.108665 138
14.705563 55.108173 139
14.705539 55.108765 140
14.705376 55.108337 141
14.704279 55.109676 142
14.704777 55.108776 145
14.704067 55.10935 153
14.712351 55.1018 32
14.741751 55.24686 2
14.713197 55.098305 2
14.712733 55.098392 3
14.713232 55.098446 4
14.712758 55.098537 5
14.713271 55.098576 6
14.712799 55.09866 7
14.713335 55.098694 8
14.712847 55.098843 9
14.713438 55.098827 10
14.712834 55.099 11
14.713473 55.098995 12
14.71358 55.09948 14
14.713404 55.09995 22
14.713031 55.10043 24
14.712938 55.10096 28
14.712253 55.102055 34
14.71217 55.102173 36
14.712124 55.102234 38
14.712361 55.10091 39
14.712025 55.10235 40
14.712094 55.101357 41
14.711898 55.10246 42
14.712159 55.10146 43
14.711813 55.102566 44
14.711983 55.10163 45
14.711747 55.10267 46
14.711819 55.10186 47
14.71163 55.102787 48
14.711713 55.102013 49
14.711532 55.10293 50
14.711559 55.102177 51
14.711442 55.10304 52
14.711472 55.10231 53
14.711334 55.103176 54
14.711315 55.102467 55
14.711227 55.103306 56
14.711237 55.10262 57
14.711206 55.103634 58
14.711176 55.102695 59
14.711023 55.102825 61
14.71095 55.102966 63
14.710432 55.10344 67
14.710231 55.103317 67A
14.710318 55.103344 67B
14.710392 55.103363 67C
14.710461 55.103455 67D
14.710244 55.103333 67E
14.710341 55.10335 67F
14.710409 55.10338 67G
14.710466 55.103405 67H
14.710631 55.10406 68
14.710363 55.103703 69
14.710527 55.104187 70
14.710221 55.103825 71
14.710456 55.104294 72
14.710177 55.10396 73
14.710404 55.10436 74
14.710089 55.10408 75
14.710293 55.104492 76
14.710047 55.104134 77
14.710215 55.104595 78
14.70996 55.10424 79
14.710132 55.104694 80
14.710073 55.104767 82
14.709857 55.104378 83
14.710033 55.10489 84
14.709752 55.10452 85
14.709853 55.10505 86
14.709651 55.10464 87
14.709745 55.10518 88
14.70949 55.104755 89
14.709631 55.105328 90
14.709412 55.104874 91
14.709583 55.10539 92
14.709332 55.10498 93
14.709492 55.1055 94
14.709259 55.105133 95
14.709409 55.1058 96
14.708819 55.105137 97
14.709181 55.10585 98
14.709046 55.105415 99
14.708962 55.10601 100
14.708802 55.10614 106
14.708747 55.106182 108
14.70862 55.106277 110
14.708611 55.105816 111
14.708477 55.10639 112
14.708208 55.106136 113
14.708365 55.106483 114
14.708063 55.106247 115
14.708301 55.106533 116
14.707992 55.1063 117
14.708179 55.10662 118
14.707889 55.106384 119
14.708054 55.10676 120
14.707771 55.106476 121
14.70766 55.10656 123
14.707543 55.10665 125
14.707836 55.107018 126
14.707431 55.10674 127
14.707017 55.107525 128
14.707258 55.106873 129
14.706328 55.108116 130
14.70645 55.10752 131A
14.706273 55.10763 131B
14.706166 55.108253 132
14.706001 55.10784 133
14.705927 55.108376 134
14.705937 55.10789 135
14.706136 55.108677 136
14.705717 55.108032 137
14.705827 55.108665 138
14.705563 55.108173 139
14.705539 55.108765 140
14.705376 55.108337 141
14.704279 55.109676 142
14.704777 55.108776 145
14.704067 55.10935 153
14.712351 55.1018 32
14.741751 55.24686 2
