14.696799 55.104156 1
14.696813 55.10401 2
14.69701 55.10411 3
14.696998 55.10401 4
14.69715 55.104103 5
14.697097 55.104008 6
14.697322 55.104115 7
14.697183 55.104015 8
14.697493 55.104137 9
14.697286 55.104023 10
14.69761 55.10415 11
14.697406 55.104034 12
14.697712 55.10416 13
14.697527 55.104046 14
14.697793 55.104183 15
14.697687 55.10406 16
14.697933 55.104214 17
14.697748 55.104073 18
14.698074 55.104225 19
14.69782 55.10408 20
14.698183 55.10424 21
14.697909 55.10409 22
14.698438 55.10427 23
14.698236 55.104103 24
14.69855 55.104286 25
14.698394 55.104134 26
14.698692 55.104385 27
14.698498 55.104145 28
14.698426 55.104404 29
14.698604 55.104156 30
14.698062 55.104298 31
14.696799 55.104156 1
14.696813 55.10401 2
14.69701 55.10411 3
14.696998 55.10401 4
14.69715 55.104103 5
14.697097 55.104008 6
14.697322 55.104115 7
14.697183 55.104015 8
14.697493 55.104137 9
14.697286 55.104023 10
14.69761 55.10415 11
14.697406 55.104034 12
14.697712 55.10416 13
14.697527 55.104046 14
14.697793 55.104183 15
14.697687 55.10406 16
14.697933 55.104214 17
14.697748 55.104073 18
14.698074 55.104225 19
14.69782 55.10408 20
14.698183 55.10424 21
14.697909 55.10409 22
14.698438 55.10427 23
14.698236 55.104103 24
14.69855 55.104286 25
14.698394 55.104134 26
14.698692 55.104385 27
14.698498 55.104145 28
14.698426 55.104404 29
14.698604 55.104156 30
14.698062 55.104298 31
14.696799 55.104156 1
14.696813 55.10401 2
14.69701 55.10411 3
14.696998 55.10401 4
14.69715 55.104103 5
14.697097 55.104008 6
14.697322 55.104115 7
14.697183 55.104015 8
14.697493 55.104137 9
14.697286 55.104023 10
14.69761 55.10415 11
14.697406 55.104034 12
14.697712 55.10416 13
14.697527 55.104046 14
14.697793 55.104183 15
14.697687 55.10406 16
14.697933 55.104214 17
14.697748 55.104073 18
14.698074 55.104225 19
14.69782 55.10408 20
14.698183 55.10424 21
14.697909 55.10409 22
14.698438 55.10427 23
14.698236 55.104103 24
14.69855 55.104286 25
14.698394 55.104134 26
14.698692 55.104385 27
14.698498 55.104145 28
14.698426 55.104404 29
14.698604 55.104156 30
14.698062 55.104298 31
14.696799 55.104156 1
14.696813 55.10401 2
14.69701 55.10411 3
14.696998 55.10401 4
14.69715 55.104103 5
14.697097 55.104008 6
14.697322 55.104115 7
14.697183 55.104015 8
14.697493 55.104137 9
14.697286 55.104023 10
14.69761 55.10415 11
14.697406 55.104034 12
14.697712 55.10416 13
14.697527 55.104046 14
14.697793 55.104183 15
14.697687 55.10406 16
14.697933 55.104214 17
14.697748 55.104073 18
14.698074 55.104225 19
14.69782 55.10408 20
14.698183 55.10424 21
14.697909 55.10409 22
14.698438 55.10427 23
14.698236 55.104103 24
14.69855 55.104286 25
14.698394 55.104134 26
14.698692 55.104385 27
14.698498 55.104145 28
14.698426 55.104404 29
14.698604 55.104156 30
14.698062 55.104298 31
14.696799 55.104156 1
14.696813 55.10401 2
14.69701 55.10411 3
14.696998 55.10401 4
14.69715 55.104103 5
14.697097 55.104008 6
14.697322 55.104115 7
14.697183 55.104015 8
14.697493 55.104137 9
14.697286 55.104023 10
14.69761 55.10415 11
14.697406 55.104034 12
14.697712 55.10416 13
14.697527 55.104046 14
14.697793 55.104183 15
14.697687 55.10406 16
14.697933 55.104214 17
14.697748 55.104073 18
14.698074 55.104225 19
14.69782 55.10408 20
14.698183 55.10424 21
14.697909 55.10409 22
14.698438 55.10427 23
14.698236 55.104103 24
14.69855 55.104286 25
14.698394 55.104134 26
14.698692 55.104385 27
14.698498 55.104145 28
14.698426 55.104404 29
14.698604 55.104156 30
14.698062 55.104298 31
14.696799 55.104156 1
14.696813 55.10401 2
14.69701 55.10411 3
14.696998 55.10401 4
14.69715 55.104103 5
14.697097 55.104008 6
14.697322 55.104115 7
14.697183 55.104015 8
14.697493 55.104137 9
14.697286 55.104023 10
14.69761 55.10415 11
14.697406 55.104034 12
14.697712 55.10416 13
14.697527 55.104046 14
14.697793 55.104183 15
14.697687 55.10406 16
14.697933 55.104214 17
14.697748 55.104073 18
14.698074 55.104225 19
14.69782 55.10408 20
14.698183 55.10424 21
14.697909 55.10409 22
14.698438 55.10427 23
14.698236 55.104103 24
14.69855 55.104286 25
14.698394 55.104134 26
14.698692 55.104385 27
14.698498 55.104145 28
14.698426 55.104404 29
14.698604 55.104156 30
14.698062 55.104298 31
