14.780279 55.053013 2
14.780732 55.053 6
14.781323 55.053513 10
14.780531 55.053307 12
14.780253 55.05321 14
14.779889 55.0531 14A
14.77998 55.05328 16
14.780206 55.05355 18
14.780641 55.053707 22
14.780864 55.053844 22A
15.132331 55.062702 1
14.780279 55.053013 2
14.780732 55.053 6
14.781323 55.053513 10
14.780531 55.053307 12
14.780253 55.05321 14
14.779889 55.0531 14A
14.77998 55.05328 16
14.780206 55.05355 18
14.780641 55.053707 22
14.780864 55.053844 22A
15.132331 55.062702 1
14.780279 55.053013 2
14.780732 55.053 6
14.781323 55.053513 10
14.780531 55.053307 12
14.780253 55.05321 14
14.779889 55.0531 14A
14.77998 55.05328 16
14.780206 55.05355 18
14.780641 55.053707 22
14.780864 55.053844 22A
15.132331 55.062702 1
14.780279 55.053013 2
14.780732 55.053 6
14.781323 55.053513 10
14.780531 55.053307 12
14.780253 55.05321 14
14.779889 55.0531 14A
14.77998 55.05328 16
14.780206 55.05355 18
14.780641 55.053707 22
14.780864 55.053844 22A
15.132331 55.062702 1
14.780279 55.053013 2
14.780732 55.053 6
14.781323 55.053513 10
14.780531 55.053307 12
14.780253 55.05321 14
14.779889 55.0531 14A
14.77998 55.05328 16
14.780206 55.05355 18
14.780641 55.053707 22
14.780864 55.053844 22A
15.132331 55.062702 1
14.780279 55.053013 2
14.780732 55.053 6
14.781323 55.053513 10
14.780531 55.053307 12
14.780253 55.05321 14
14.779889 55.0531 14A
14.77998 55.05328 16
14.780206 55.05355 18
14.780641 55.053707 22
14.780864 55.053844 22A
15.132331 55.062702 1
