14.77661 55.146755 2
14.774757 55.148067 3
14.779289 55.147797 4
14.777153 55.149403 5
14.778375 55.147854 7
14.779807 55.152603 11
14.777924 55.152016 13
14.795621 55.15789 14
14.793334 55.16244 16
14.790429 55.15841 27
14.790497 55.15853 29
14.790199 55.158745 31
14.789649 55.15984 33
14.789268 55.15982 33A
14.791631 55.16132 35
14.791716 55.161423 37
14.792004 55.161777 41
14.784626 55.15169 6
14.780934 55.150246 9
14.786971 55.154037 12
14.787215 55.15409 12A
14.78656 55.156353 15
14.785935 55.156113 17
14.791787 55.16154 39
