14.711141 55.088703 2
14.710159 55.088375 3
14.711386 55.08883 4
14.711234 55.089054 6
14.710437 55.088745 7
14.710927 55.088905 8
14.709954 55.088535 5
14.898081 55.207493 1
14.711141 55.088703 2
14.710159 55.088375 3
14.711386 55.08883 4
14.711234 55.089054 6
14.710437 55.088745 7
14.710927 55.088905 8
14.709954 55.088535 5
14.898081 55.207493 1
14.711141 55.088703 2
14.710159 55.088375 3
14.711386 55.08883 4
14.711234 55.089054 6
14.710437 55.088745 7
14.710927 55.088905 8
14.709954 55.088535 5
14.898081 55.207493 1
14.711141 55.088703 2
14.710159 55.088375 3
14.711386 55.08883 4
14.711234 55.089054 6
14.710437 55.088745 7
14.710927 55.088905 8
14.709954 55.088535 5
14.898081 55.207493 1
14.711141 55.088703 2
14.710159 55.088375 3
14.711386 55.08883 4
14.711234 55.089054 6
14.710437 55.088745 7
14.710927 55.088905 8
14.709954 55.088535 5
14.898081 55.207493 1
14.711141 55.088703 2
14.710159 55.088375 3
14.711386 55.08883 4
14.711234 55.089054 6
14.710437 55.088745 7
14.710927 55.088905 8
14.709954 55.088535 5
14.898081 55.207493 1
