14.716186 55.10803 2
14.715951 55.108284 3
14.716405 55.10817 4
14.716166 55.108383 5
14.71665 55.108265 6
14.71638 55.108467 7
14.716911 55.108353 8
14.716606 55.108543 9
14.717171 55.108437 10
14.716842 55.10862 11
14.717421 55.10852 12
14.717073 55.108696 13
14.717302 55.10877 15
14.717729 55.108696 17
14.717875 55.108536 19
14.718039 55.108356 21
14.718186 55.108196 23
14.717726 55.108204 24
14.718331 55.108036 25
14.717458 55.108116 26
14.71794 55.108044 27
14.717189 55.10803 28
14.717714 55.107967 29
14.716938 55.10793 30
14.71749 55.1079 31
14.716703 55.107826 32
14.717261 55.107815 33
14.717041 55.10772 35
14.716186 55.10803 2
14.715951 55.108284 3
14.716405 55.10817 4
14.716166 55.108383 5
14.71665 55.108265 6
14.71638 55.108467 7
14.716911 55.108353 8
14.716606 55.108543 9
14.717171 55.108437 10
14.716842 55.10862 11
14.717421 55.10852 12
14.717073 55.108696 13
14.717302 55.10877 15
14.717729 55.108696 17
14.717875 55.108536 19
14.718039 55.108356 21
14.718186 55.108196 23
14.717726 55.108204 24
14.718331 55.108036 25
14.717458 55.108116 26
14.71794 55.108044 27
14.717189 55.10803 28
14.717714 55.107967 29
14.716938 55.10793 30
14.71749 55.1079 31
14.716703 55.107826 32
14.717261 55.107815 33
14.717041 55.10772 35
14.716186 55.10803 2
14.715951 55.108284 3
14.716405 55.10817 4
14.716166 55.108383 5
14.71665 55.108265 6
14.71638 55.108467 7
14.716911 55.108353 8
14.716606 55.108543 9
14.717171 55.108437 10
14.716842 55.10862 11
14.717421 55.10852 12
14.717073 55.108696 13
14.717302 55.10877 15
14.717729 55.108696 17
14.717875 55.108536 19
14.718039 55.108356 21
14.718186 55.108196 23
14.717726 55.108204 24
14.718331 55.108036 25
14.717458 55.108116 26
14.71794 55.108044 27
14.717189 55.10803 28
14.717714 55.107967 29
14.716938 55.10793 30
14.71749 55.1079 31
14.716703 55.107826 32
14.717261 55.107815 33
14.717041 55.10772 35
14.716186 55.10803 2
14.715951 55.108284 3
14.716405 55.10817 4
14.716166 55.108383 5
14.71665 55.108265 6
14.71638 55.108467 7
14.716911 55.108353 8
14.716606 55.108543 9
14.717171 55.108437 10
14.716842 55.10862 11
14.717421 55.10852 12
14.717073 55.108696 13
14.717302 55.10877 15
14.717729 55.108696 17
14.717875 55.108536 19
14.718039 55.108356 21
14.718186 55.108196 23
14.717726 55.108204 24
14.718331 55.108036 25
14.717458 55.108116 26
14.71794 55.108044 27
14.717189 55.10803 28
14.717714 55.107967 29
14.716938 55.10793 30
14.71749 55.1079 31
14.716703 55.107826 32
14.717261 55.107815 33
14.717041 55.10772 35
14.716186 55.10803 2
14.715951 55.108284 3
14.716405 55.10817 4
14.716166 55.108383 5
14.71665 55.108265 6
14.71638 55.108467 7
14.716911 55.108353 8
14.716606 55.108543 9
14.717171 55.108437 10
14.716842 55.10862 11
14.717421 55.10852 12
14.717073 55.108696 13
14.717302 55.10877 15
14.717729 55.108696 17
14.717875 55.108536 19
14.718039 55.108356 21
14.718186 55.108196 23
14.717726 55.108204 24
14.718331 55.108036 25
14.717458 55.108116 26
14.71794 55.108044 27
14.717189 55.10803 28
14.717714 55.107967 29
14.716938 55.10793 30
14.71749 55.1079 31
14.716703 55.107826 32
14.717261 55.107815 33
14.717041 55.10772 35
14.716186 55.10803 2
14.715951 55.108284 3
14.716405 55.10817 4
14.716166 55.108383 5
14.71665 55.108265 6
14.71638 55.108467 7
14.716911 55.108353 8
14.716606 55.108543 9
14.717171 55.108437 10
14.716842 55.10862 11
14.717421 55.10852 12
14.717073 55.108696 13
14.717302 55.10877 15
14.717729 55.108696 17
14.717875 55.108536 19
14.718039 55.108356 21
14.718186 55.108196 23
14.717726 55.108204 24
14.718331 55.108036 25
14.717458 55.108116 26
14.71794 55.108044 27
14.717189 55.10803 28
14.717714 55.107967 29
14.716938 55.10793 30
14.71749 55.1079 31
14.716703 55.107826 32
14.717261 55.107815 33
14.717041 55.10772 35
