14.757956 55.131218 2
14.758014 55.13207 3
14.761222 55.130905 4
14.758313 55.131954 5
14.758844 55.131718 5A
14.763468 55.13065 6
14.765168 55.13188 7
14.765943 55.130817 9
14.766325 55.13084 11
14.76831 55.131016 13
14.768455 55.13102 15
14.768596 55.131016 17A
14.768306 55.13078 17B
14.77229 55.13077 19
14.757933 55.128803 2A
14.758033 55.128372 2B
15.053339 55.144936 1
14.757956 55.131218 2
14.758014 55.13207 3
14.761222 55.130905 4
14.758313 55.131954 5
14.758844 55.131718 5A
14.763468 55.13065 6
14.765168 55.13188 7
14.765943 55.130817 9
14.766325 55.13084 11
14.76831 55.131016 13
14.768455 55.13102 15
14.768596 55.131016 17A
14.768306 55.13078 17B
14.77229 55.13077 19
14.757933 55.128803 2A
14.758033 55.128372 2B
15.053339 55.144936 1
14.757956 55.131218 2
14.758014 55.13207 3
14.761222 55.130905 4
14.758313 55.131954 5
14.758844 55.131718 5A
14.763468 55.13065 6
14.765168 55.13188 7
14.765943 55.130817 9
14.766325 55.13084 11
14.76831 55.131016 13
14.768455 55.13102 15
14.768596 55.131016 17A
14.768306 55.13078 17B
14.77229 55.13077 19
14.757933 55.128803 2A
14.758033 55.128372 2B
15.053339 55.144936 1
14.757956 55.131218 2
14.758014 55.13207 3
14.761222 55.130905 4
14.758313 55.131954 5
14.758844 55.131718 5A
14.763468 55.13065 6
14.765168 55.13188 7
14.765943 55.130817 9
14.766325 55.13084 11
14.76831 55.131016 13
14.768455 55.13102 15
14.768596 55.131016 17A
14.768306 55.13078 17B
14.77229 55.13077 19
14.757933 55.128803 2A
14.758033 55.128372 2B
15.053339 55.144936 1
14.757956 55.131218 2
14.758014 55.13207 3
14.761222 55.130905 4
14.758313 55.131954 5
14.758844 55.131718 5A
14.763468 55.13065 6
14.765168 55.13188 7
14.765943 55.130817 9
14.766325 55.13084 11
14.76831 55.131016 13
14.768455 55.13102 15
14.768596 55.131016 17A
14.768306 55.13078 17B
14.77229 55.13077 19
14.757933 55.128803 2A
14.758033 55.128372 2B
15.053339 55.144936 1
14.757956 55.131218 2
14.758014 55.13207 3
14.761222 55.130905 4
14.758313 55.131954 5
14.758844 55.131718 5A
14.763468 55.13065 6
14.765168 55.13188 7
14.765943 55.130817 9
14.766325 55.13084 11
14.76831 55.131016 13
14.768455 55.13102 15
14.768596 55.131016 17A
14.768306 55.13078 17B
14.77229 55.13077 19
14.757933 55.128803 2A
14.758033 55.128372 2B
15.053339 55.144936 1
