14.707802 55.1041 2
14.707764 55.104153 4
14.707324 55.104275 5
14.707676 55.104244 6
14.707249 55.104374 7
14.707629 55.1043 8
14.707211 55.104427 9
14.707555 55.1044 10
14.707123 55.104523 11
14.707511 55.104454 12
14.707085 55.104576 13
14.707441 55.10455 14
14.707008 55.104675 15
14.707388 55.10461 16
14.706968 55.10473 17
14.707323 55.1047 18
14.706887 55.104828 19
14.707273 55.10476 20
14.706841 55.104885 21
14.707208 55.10485 22
14.706771 55.10498 23
14.707156 55.10491 24
14.706725 55.10504 25
14.707079 55.105007 26
14.706654 55.105137 27
14.707028 55.10507 28
14.706603 55.105198 29
14.706949 55.105164 30
14.706535 55.105286 31
14.706908 55.10522 32
14.706479 55.105354 33
14.706839 55.105312 34
14.706412 55.105442 35
14.706788 55.105377 36
14.706365 55.1055 37
14.706721 55.10547 38
14.706673 55.105526 40
14.707373 55.104214 3
