14.716528 55.090546 1
14.716719 55.0905 2
14.716642 55.090675 3
14.716835 55.090633 4
14.716742 55.090775 5
14.716938 55.090733 6
14.716888 55.0909 7
14.717083 55.09085 8
14.717077 55.09103 9
14.717285 55.090984 10
14.717234 55.09113 11
14.717452 55.09109 12
14.716809 55.09124 13
14.716628 55.091305 14
14.71663 55.091125 15
14.716437 55.091183 16
14.716433 55.09098 17
14.716248 55.091034 18
14.716285 55.09085 19
14.716107 55.09091 20
14.716184 55.09076 21
14.716006 55.09082 22
14.716064 55.09063 23
14.715895 55.09067 24
14.716057 55.090473 25
14.715829 55.090538 26
14.876435 55.23475 1
14.716528 55.090546 1
14.716719 55.0905 2
14.716642 55.090675 3
14.716835 55.090633 4
14.716742 55.090775 5
14.716938 55.090733 6
14.716888 55.0909 7
14.717083 55.09085 8
14.717077 55.09103 9
14.717285 55.090984 10
14.717234 55.09113 11
14.717452 55.09109 12
14.716809 55.09124 13
14.716628 55.091305 14
14.71663 55.091125 15
14.716437 55.091183 16
14.716433 55.09098 17
14.716248 55.091034 18
14.716285 55.09085 19
14.716107 55.09091 20
14.716184 55.09076 21
14.716006 55.09082 22
14.716064 55.09063 23
14.715895 55.09067 24
14.716057 55.090473 25
14.715829 55.090538 26
14.876435 55.23475 1
14.716528 55.090546 1
14.716719 55.0905 2
14.716642 55.090675 3
14.716835 55.090633 4
14.716742 55.090775 5
14.716938 55.090733 6
14.716888 55.0909 7
14.717083 55.09085 8
14.717077 55.09103 9
14.717285 55.090984 10
14.717234 55.09113 11
14.717452 55.09109 12
14.716809 55.09124 13
14.716628 55.091305 14
14.71663 55.091125 15
14.716437 55.091183 16
14.716433 55.09098 17
14.716248 55.091034 18
14.716285 55.09085 19
14.716107 55.09091 20
14.716184 55.09076 21
14.716006 55.09082 22
14.716064 55.09063 23
14.715895 55.09067 24
14.716057 55.090473 25
14.715829 55.090538 26
14.876435 55.23475 1
14.716528 55.090546 1
14.716719 55.0905 2
14.716642 55.090675 3
14.716835 55.090633 4
14.716742 55.090775 5
14.716938 55.090733 6
14.716888 55.0909 7
14.717083 55.09085 8
14.717077 55.09103 9
14.717285 55.090984 10
14.717234 55.09113 11
14.717452 55.09109 12
14.716809 55.09124 13
14.716628 55.091305 14
14.71663 55.091125 15
14.716437 55.091183 16
14.716433 55.09098 17
14.716248 55.091034 18
14.716285 55.09085 19
14.716107 55.09091 20
14.716184 55.09076 21
14.716006 55.09082 22
14.716064 55.09063 23
14.715895 55.09067 24
14.716057 55.090473 25
14.715829 55.090538 26
14.876435 55.23475 1
14.716528 55.090546 1
14.716719 55.0905 2
14.716642 55.090675 3
14.716835 55.090633 4
14.716742 55.090775 5
14.716938 55.090733 6
14.716888 55.0909 7
14.717083 55.09085 8
14.717077 55.09103 9
14.717285 55.090984 10
14.717234 55.09113 11
14.717452 55.09109 12
14.716809 55.09124 13
14.716628 55.091305 14
14.71663 55.091125 15
14.716437 55.091183 16
14.716433 55.09098 17
14.716248 55.091034 18
14.716285 55.09085 19
14.716107 55.09091 20
14.716184 55.09076 21
14.716006 55.09082 22
14.716064 55.09063 23
14.715895 55.09067 24
14.716057 55.090473 25
14.715829 55.090538 26
14.876435 55.23475 1
14.716528 55.090546 1
14.716719 55.0905 2
14.716642 55.090675 3
14.716835 55.090633 4
14.716742 55.090775 5
14.716938 55.090733 6
14.716888 55.0909 7
14.717083 55.09085 8
14.717077 55.09103 9
14.717285 55.090984 10
14.717234 55.09113 11
14.717452 55.09109 12
14.716809 55.09124 13
14.716628 55.091305 14
14.71663 55.091125 15
14.716437 55.091183 16
14.716433 55.09098 17
14.716248 55.091034 18
14.716285 55.09085 19
14.716107 55.09091 20
14.716184 55.09076 21
14.716006 55.09082 22
14.716064 55.09063 23
14.715895 55.09067 24
14.716057 55.090473 25
14.715829 55.090538 26
14.876435 55.23475 1
