14.700058 55.095425 2
14.700552 55.095272 3
14.700152 55.095295 4
14.700677 55.0953 5
14.700186 55.095245 6
14.700766 55.095318 7
14.700238 55.095165 8
14.700892 55.09535 9
14.700237 55.095055 10
14.700971 55.095364 11
14.701104 55.095394 13
14.700501 55.09511 14
14.701168 55.095406 15
14.700642 55.095142 16
14.701322 55.095444 17
14.700711 55.095158 18
14.701401 55.09547 19
14.700826 55.095184 20
14.70152 55.09551 21
14.700912 55.095203 22
14.701592 55.09553 23
14.701049 55.09523 24
14.701958 55.09564 25
14.701129 55.09525 26
14.701476 55.09507 26A
14.701302 55.095287 28
14.701385 55.095306 30
14.701582 55.095276 32
14.701632 55.095383 34
14.701703 55.095406 36
14.701785 55.095432 38
14.702056 55.09552 40
