14.72048 55.15703 3
14.720918 55.157166 4
14.720201 55.157154 5
14.720875 55.157375 6
14.720108 55.157368 7
14.72094 55.157604 8
14.720471 55.157516 10
15.115738 55.026672 2
14.72048 55.15703 3
14.720918 55.157166 4
14.720201 55.157154 5
14.720875 55.157375 6
14.720108 55.157368 7
14.72094 55.157604 8
14.720471 55.157516 10
15.115738 55.026672 2
14.72048 55.15703 3
14.720918 55.157166 4
14.720201 55.157154 5
14.720875 55.157375 6
14.720108 55.157368 7
14.72094 55.157604 8
14.720471 55.157516 10
15.115738 55.026672 2
14.72048 55.15703 3
14.720918 55.157166 4
14.720201 55.157154 5
14.720875 55.157375 6
14.720108 55.157368 7
14.72094 55.157604 8
14.720471 55.157516 10
15.115738 55.026672 2
14.72048 55.15703 3
14.720918 55.157166 4
14.720201 55.157154 5
14.720875 55.157375 6
14.720108 55.157368 7
14.72094 55.157604 8
14.720471 55.157516 10
15.115738 55.026672 2
14.72048 55.15703 3
14.720918 55.157166 4
14.720201 55.157154 5
14.720875 55.157375 6
14.720108 55.157368 7
14.72094 55.157604 8
14.720471 55.157516 10
15.115738 55.026672 2
