14.731409 55.159946 9
14.731989 55.16002 11
14.732003 55.159557 13
14.73756 55.15821 15
14.734038 55.159317 16
14.739889 55.15864 17
14.731409 55.159946 9
14.731989 55.16002 11
14.732003 55.159557 13
14.73756 55.15821 15
14.734038 55.159317 16
14.739889 55.15864 17
14.731409 55.159946 9
14.731989 55.16002 11
14.732003 55.159557 13
14.73756 55.15821 15
14.734038 55.159317 16
14.739889 55.15864 17
14.731409 55.159946 9
14.731989 55.16002 11
14.732003 55.159557 13
14.73756 55.15821 15
14.734038 55.159317 16
14.739889 55.15864 17
14.731409 55.159946 9
14.731989 55.16002 11
14.732003 55.159557 13
14.73756 55.15821 15
14.734038 55.159317 16
14.739889 55.15864 17
14.731409 55.159946 9
14.731989 55.16002 11
14.732003 55.159557 13
14.73756 55.15821 15
14.734038 55.159317 16
14.739889 55.15864 17
