14.720049 55.10706 1
14.719742 55.10741 2
14.719708 55.10696 3
14.719569 55.10715 4
14.719404 55.10685 5
14.719224 55.10714 6
14.719123 55.106766 7
14.718975 55.106968 8
14.718807 55.10668 9
14.718683 55.10688 10
14.718508 55.106583 11
14.718342 55.106777 12
14.717994 55.10659 14
15.015575 55.141018 1
14.720049 55.10706 1
14.719742 55.10741 2
14.719708 55.10696 3
14.719569 55.10715 4
14.719404 55.10685 5
14.719224 55.10714 6
14.719123 55.106766 7
14.718975 55.106968 8
14.718807 55.10668 9
14.718683 55.10688 10
14.718508 55.106583 11
14.718342 55.106777 12
14.717994 55.10659 14
15.015575 55.141018 1
14.720049 55.10706 1
14.719742 55.10741 2
14.719708 55.10696 3
14.719569 55.10715 4
14.719404 55.10685 5
14.719224 55.10714 6
14.719123 55.106766 7
14.718975 55.106968 8
14.718807 55.10668 9
14.718683 55.10688 10
14.718508 55.106583 11
14.718342 55.106777 12
14.717994 55.10659 14
15.015575 55.141018 1
14.720049 55.10706 1
14.719742 55.10741 2
14.719708 55.10696 3
14.719569 55.10715 4
14.719404 55.10685 5
14.719224 55.10714 6
14.719123 55.106766 7
14.718975 55.106968 8
14.718807 55.10668 9
14.718683 55.10688 10
14.718508 55.106583 11
14.718342 55.106777 12
14.717994 55.10659 14
15.015575 55.141018 1
14.720049 55.10706 1
14.719742 55.10741 2
14.719708 55.10696 3
14.719569 55.10715 4
14.719404 55.10685 5
14.719224 55.10714 6
14.719123 55.106766 7
14.718975 55.106968 8
14.718807 55.10668 9
14.718683 55.10688 10
14.718508 55.106583 11
14.718342 55.106777 12
14.717994 55.10659 14
15.015575 55.141018 1
14.720049 55.10706 1
14.719742 55.10741 2
14.719708 55.10696 3
14.719569 55.10715 4
14.719404 55.10685 5
14.719224 55.10714 6
14.719123 55.106766 7
14.718975 55.106968 8
14.718807 55.10668 9
14.718683 55.10688 10
14.718508 55.106583 11
14.718342 55.106777 12
14.717994 55.10659 14
15.015575 55.141018 1
