14.71112 55.090424 2
14.711975 55.090744 3
14.710692 55.090252 4
14.712235 55.09053 5
14.710871 55.090046 6
14.711894 55.090385 7
14.711175 55.09016 8
14.712217 55.090076 9
14.711705 55.089893 10
14.712433 55.090103 11
14.711218 55.089783 12
14.712661 55.08995 13
14.711385 55.089558 14
14.71239 55.089848 15
14.71196 55.089684 16
14.71112 55.090424 2
14.711975 55.090744 3
14.710692 55.090252 4
14.712235 55.09053 5
14.710871 55.090046 6
14.711894 55.090385 7
14.711175 55.09016 8
14.712217 55.090076 9
14.711705 55.089893 10
14.712433 55.090103 11
14.711218 55.089783 12
14.712661 55.08995 13
14.711385 55.089558 14
14.71239 55.089848 15
14.71196 55.089684 16
14.71112 55.090424 2
14.711975 55.090744 3
14.710692 55.090252 4
14.712235 55.09053 5
14.710871 55.090046 6
14.711894 55.090385 7
14.711175 55.09016 8
14.712217 55.090076 9
14.711705 55.089893 10
14.712433 55.090103 11
14.711218 55.089783 12
14.712661 55.08995 13
14.711385 55.089558 14
14.71239 55.089848 15
14.71196 55.089684 16
14.71112 55.090424 2
14.711975 55.090744 3
14.710692 55.090252 4
14.712235 55.09053 5
14.710871 55.090046 6
14.711894 55.090385 7
14.711175 55.09016 8
14.712217 55.090076 9
14.711705 55.089893 10
14.712433 55.090103 11
14.711218 55.089783 12
14.712661 55.08995 13
14.711385 55.089558 14
14.71239 55.089848 15
14.71196 55.089684 16
14.71112 55.090424 2
14.711975 55.090744 3
14.710692 55.090252 4
14.712235 55.09053 5
14.710871 55.090046 6
14.711894 55.090385 7
14.711175 55.09016 8
14.712217 55.090076 9
14.711705 55.089893 10
14.712433 55.090103 11
14.711218 55.089783 12
14.712661 55.08995 13
14.711385 55.089558 14
14.71239 55.089848 15
14.71196 55.089684 16
14.71112 55.090424 2
14.711975 55.090744 3
14.710692 55.090252 4
14.712235 55.09053 5
14.710871 55.090046 6
14.711894 55.090385 7
14.711175 55.09016 8
14.712217 55.090076 9
14.711705 55.089893 10
14.712433 55.090103 11
14.711218 55.089783 12
14.712661 55.08995 13
14.711385 55.089558 14
14.71239 55.089848 15
14.71196 55.089684 16
