14.714956 55.11566 3
14.71455 55.11575 4
14.715458 55.11545 5
14.714423 55.115505 6
14.715748 55.1155 7
14.714996 55.115265 8
14.716224 55.11536 9
14.71657 55.11531 11
14.71582 55.115166 12
14.716955 55.11527 13
14.716138 55.115135 14
14.717351 55.11524 15
14.716492 55.115086 16
14.717749 55.11517 17
14.718303 55.115105 19
14.717231 55.115 20
14.718684 55.11507 21
14.717677 55.11491 22
14.719046 55.115013 23
14.718155 55.114887 24
14.719462 55.1151 25
14.718464 55.114845 26
14.719757 55.114933 27
14.718853 55.11481 28
14.719256 55.114754 30
14.719699 55.114704 32
14.71997 55.114677 34
14.715392 55.11522 10
14.716851 55.115044 18
