14.71099 55.098988 2
14.711148 55.099297 3
14.711068 55.09895 4
14.71123 55.099297 5
14.711156 55.098907 6
14.711466 55.09929 7
14.711236 55.09887 8
14.711553 55.09929 9
14.711317 55.09883 10
14.711781 55.099285 11
14.711411 55.098785 12
14.71187 55.099285 13
14.7115 55.098743 14
14.712099 55.099277 15
14.711367 55.099056 16
14.712185 55.099274 17
14.712422 55.099274 19
14.712429 55.098965 20A
14.71238 55.098785 20B
14.712522 55.09927 21
14.712747 55.099266 23
14.712824 55.099262 25
14.714108 55.09909 28
14.714198 55.099094 30
14.71446 55.099117 32
14.714554 55.099125 34
14.714804 55.099144 36
14.714888 55.09915 38
14.715142 55.099167 40
14.71524 55.099174 42
14.715022 55.099426 31
14.711841 55.099052 18
14.712386 55.09887 20C
