14.689716 55.10039 2
14.690141 55.100117 3
14.689748 55.100163 4
14.690216 55.098747 5
14.688811 55.099937 6
14.690243 55.098537 7
14.690126 55.10037 1A
14.751526 55.260303 11
14.689716 55.10039 2
14.690141 55.100117 3
14.689748 55.100163 4
14.690216 55.098747 5
14.688811 55.099937 6
14.690243 55.098537 7
14.690126 55.10037 1A
14.751526 55.260303 11
14.689716 55.10039 2
14.690141 55.100117 3
14.689748 55.100163 4
14.690216 55.098747 5
14.688811 55.099937 6
14.690243 55.098537 7
14.690126 55.10037 1A
14.751526 55.260303 11
14.689716 55.10039 2
14.690141 55.100117 3
14.689748 55.100163 4
14.690216 55.098747 5
14.688811 55.099937 6
14.690243 55.098537 7
14.690126 55.10037 1A
14.751526 55.260303 11
14.689716 55.10039 2
14.690141 55.100117 3
14.689748 55.100163 4
14.690216 55.098747 5
14.688811 55.099937 6
14.690243 55.098537 7
14.690126 55.10037 1A
14.751526 55.260303 11
14.689716 55.10039 2
14.690141 55.100117 3
14.689748 55.100163 4
14.690216 55.098747 5
14.688811 55.099937 6
14.690243 55.098537 7
14.690126 55.10037 1A
14.751526 55.260303 11
