14.694322 55.09232 1A
14.695651 55.092197 1C
14.694247 55.09302 2
14.693937 55.092583 3
14.692113 55.09335 5
14.691847 55.09329 7
14.691759 55.09322 7B
14.69331 55.093044 8
14.691561 55.09316 9
14.691766 55.093494 11
14.691482 55.09362 13
14.694112 55.09199 1B
14.694322 55.09232 1A
14.695651 55.092197 1C
14.694247 55.09302 2
14.693937 55.092583 3
14.692113 55.09335 5
14.691847 55.09329 7
14.691759 55.09322 7B
14.69331 55.093044 8
14.691561 55.09316 9
14.691766 55.093494 11
14.691482 55.09362 13
14.694112 55.09199 1B
14.694322 55.09232 1A
14.695651 55.092197 1C
14.694247 55.09302 2
14.693937 55.092583 3
14.692113 55.09335 5
14.691847 55.09329 7
14.691759 55.09322 7B
14.69331 55.093044 8
14.691561 55.09316 9
14.691766 55.093494 11
14.691482 55.09362 13
14.694112 55.09199 1B
14.694322 55.09232 1A
14.695651 55.092197 1C
14.694247 55.09302 2
14.693937 55.092583 3
14.692113 55.09335 5
14.691847 55.09329 7
14.691759 55.09322 7B
14.69331 55.093044 8
14.691561 55.09316 9
14.691766 55.093494 11
14.691482 55.09362 13
14.694112 55.09199 1B
14.694322 55.09232 1A
14.695651 55.092197 1C
14.694247 55.09302 2
14.693937 55.092583 3
14.692113 55.09335 5
14.691847 55.09329 7
14.691759 55.09322 7B
14.69331 55.093044 8
14.691561 55.09316 9
14.691766 55.093494 11
14.691482 55.09362 13
14.694112 55.09199 1B
14.694322 55.09232 1A
14.695651 55.092197 1C
14.694247 55.09302 2
14.693937 55.092583 3
14.692113 55.09335 5
14.691847 55.09329 7
14.691759 55.09322 7B
14.69331 55.093044 8
14.691561 55.09316 9
14.691766 55.093494 11
14.691482 55.09362 13
14.694112 55.09199 1B
