14.693635 55.102566 1
14.693835 55.102543 2
14.693712 55.10268 3
14.69387 55.102665 4
14.693741 55.102734 5
14.693897 55.10271 6
14.693776 55.102783 7
14.693923 55.102757 8
14.693818 55.102848 9
14.693952 55.10281 10
14.693975 55.102848 12
14.693854 55.102913 13
14.693994 55.102882 14
14.693871 55.102955 15
14.693635 55.102566 1
14.693835 55.102543 2
14.693712 55.10268 3
14.69387 55.102665 4
14.693741 55.102734 5
14.693897 55.10271 6
14.693776 55.102783 7
14.693923 55.102757 8
14.693818 55.102848 9
14.693952 55.10281 10
14.693975 55.102848 12
14.693854 55.102913 13
14.693994 55.102882 14
14.693871 55.102955 15
14.693635 55.102566 1
14.693835 55.102543 2
14.693712 55.10268 3
14.69387 55.102665 4
14.693741 55.102734 5
14.693897 55.10271 6
14.693776 55.102783 7
14.693923 55.102757 8
14.693818 55.102848 9
14.693952 55.10281 10
14.693975 55.102848 12
14.693854 55.102913 13
14.693994 55.102882 14
14.693871 55.102955 15
14.693635 55.102566 1
14.693835 55.102543 2
14.693712 55.10268 3
14.69387 55.102665 4
14.693741 55.102734 5
14.693897 55.10271 6
14.693776 55.102783 7
14.693923 55.102757 8
14.693818 55.102848 9
14.693952 55.10281 10
14.693975 55.102848 12
14.693854 55.102913 13
14.693994 55.102882 14
14.693871 55.102955 15
14.693635 55.102566 1
14.693835 55.102543 2
14.693712 55.10268 3
14.69387 55.102665 4
14.693741 55.102734 5
14.693897 55.10271 6
14.693776 55.102783 7
14.693923 55.102757 8
14.693818 55.102848 9
14.693952 55.10281 10
14.693975 55.102848 12
14.693854 55.102913 13
14.693994 55.102882 14
14.693871 55.102955 15
14.693635 55.102566 1
14.693835 55.102543 2
14.693712 55.10268 3
14.69387 55.102665 4
14.693741 55.102734 5
14.693897 55.10271 6
14.693776 55.102783 7
14.693923 55.102757 8
14.693818 55.102848 9
14.693952 55.10281 10
14.693975 55.102848 12
14.693854 55.102913 13
14.693994 55.102882 14
14.693871 55.102955 15
