14.721113 55.09551 3
14.721566 55.095573 4
14.72133 55.095726 5
14.721308 55.09551 99
14.721113 55.09551 3
14.721566 55.095573 4
14.72133 55.095726 5
14.721308 55.09551 99
14.721113 55.09551 3
14.721566 55.095573 4
14.72133 55.095726 5
14.721308 55.09551 99
14.721113 55.09551 3
14.721566 55.095573 4
14.72133 55.095726 5
14.721308 55.09551 99
14.721113 55.09551 3
14.721566 55.095573 4
14.72133 55.095726 5
14.721308 55.09551 99
14.721113 55.09551 3
14.721566 55.095573 4
14.72133 55.095726 5
14.721308 55.09551 99
