14.718373 55.1035 101
14.718558 55.103592 102
14.718812 55.103703 103
14.718684 55.102856 11
14.718363 55.10313 18
14.71815 55.10319 19
14.716866 55.10281 2
14.717943 55.103264 20
14.717681 55.10335 21
14.717993 55.102974 28A
14.718267 55.10297 28B
14.717769 55.102974 29
14.717074 55.102814 3
14.717541 55.102978 30
14.717319 55.102978 31
14.717101 55.102978 32
14.716864 55.10298 33
14.717296 55.10281 4
14.717533 55.10281 5
14.717758 55.102806 6
14.71797 55.10281 7
14.716261 55.103806 73
14.716419 55.10373 74
14.716678 55.103615 75
14.716875 55.103508 76
14.718168 55.102806 8
14.715996 55.103436 80
14.715865 55.10358 81
14.715796 55.103428 82
14.714693 55.10337 85
14.714327 55.103607 86
14.718363 55.102806 9
14.715046 55.10288 92
14.714734 55.10324 94
14.715769 55.103127 1
14.719016 55.1038 104
14.719222 55.103897 105
14.717471 55.103443 22
14.717258 55.10351 23
14.717017 55.1032 24
14.71714 55.10331 25
14.717398 55.103226 26
14.717623 55.10318 27
14.717024 55.104137 34
14.717268 55.104286 35
14.717505 55.10443 36
14.717707 55.104557 37
14.717941 55.1047 38
14.71816 55.10482 39
14.718729 55.104874 40
14.719464 55.10401 106
14.719743 55.104137 107
14.719926 55.104218 108
14.720061 55.104366 109
14.719955 55.104435 110
14.719664 55.104332 111
14.719547 55.104282 112
14.719394 55.104202 113
14.719209 55.104115 114
14.71904 55.10404 115
14.718812 55.10391 116
14.718477 55.103065 17
14.718929 55.104824 41
14.718405 55.104687 42
14.718201 55.104565 43
14.71797 55.104443 44
14.717756 55.104317 45
14.717273 55.104034 46
14.717451 55.10395 47
14.717512 55.10392 48
14.71778 55.103783 49
14.717949 55.103947 50
14.718113 55.104053 51
14.718288 55.104202 52
14.718666 55.1045 54
14.71884 55.104618 55
14.719181 55.10476 56
14.719256 55.10473 57
14.719481 55.10464 58
14.719691 55.104553 59
14.719752 55.104527 60
14.719044 55.10449 61
14.718912 55.104378 62
14.718748 55.10424 63
14.718546 55.104076 64
14.718377 55.10395 65
14.718227 55.103817 66
14.717957 55.103607 67
14.717895 55.10357 68
14.71752 55.10364 69
14.717193 55.103786 70
14.716757 55.10383 71
14.716512 55.10392 72
14.716566 55.10328 77
14.716334 55.10342 78
14.71641 55.10339 79
14.715499 55.1034 83
14.715099 55.10338 84
14.714362 55.10348 87
14.714419 55.103405 88
14.714519 55.10321 89
14.714703 55.102985 90
14.714789 55.10286 91
14.714998 55.103054 93
14.715118 55.103245 95
14.715547 55.10324 96
14.715919 55.103237 97
14.716331 55.103207 98
14.716452 55.103043 99
14.718455 55.104332 53
14.911243 55.10575 1
