14.726483 55.098003 3
14.726016 55.09781 4
14.726907 55.09801 5
14.726334 55.09779 6
14.727281 55.09795 7
14.726635 55.097755 8
14.727529 55.097916 9
14.726973 55.0977 10
14.727626 55.09772 11
14.727232 55.097588 12
14.727583 55.097515 14
14.800366 55.26827 1
14.726483 55.098003 3
14.726016 55.09781 4
14.726907 55.09801 5
14.726334 55.09779 6
14.727281 55.09795 7
14.726635 55.097755 8
14.727529 55.097916 9
14.726973 55.0977 10
14.727626 55.09772 11
14.727232 55.097588 12
14.727583 55.097515 14
14.800366 55.26827 1
14.726483 55.098003 3
14.726016 55.09781 4
14.726907 55.09801 5
14.726334 55.09779 6
14.727281 55.09795 7
14.726635 55.097755 8
14.727529 55.097916 9
14.726973 55.0977 10
14.727626 55.09772 11
14.727232 55.097588 12
14.727583 55.097515 14
14.800366 55.26827 1
14.726483 55.098003 3
14.726016 55.09781 4
14.726907 55.09801 5
14.726334 55.09779 6
14.727281 55.09795 7
14.726635 55.097755 8
14.727529 55.097916 9
14.726973 55.0977 10
14.727626 55.09772 11
14.727232 55.097588 12
14.727583 55.097515 14
14.800366 55.26827 1
14.726483 55.098003 3
14.726016 55.09781 4
14.726907 55.09801 5
14.726334 55.09779 6
14.727281 55.09795 7
14.726635 55.097755 8
14.727529 55.097916 9
14.726973 55.0977 10
14.727626 55.09772 11
14.727232 55.097588 12
14.727583 55.097515 14
14.800366 55.26827 1
14.726483 55.098003 3
14.726016 55.09781 4
14.726907 55.09801 5
14.726334 55.09779 6
14.727281 55.09795 7
14.726635 55.097755 8
14.727529 55.097916 9
14.726973 55.0977 10
14.727626 55.09772 11
14.727232 55.097588 12
14.727583 55.097515 14
14.800366 55.26827 1
