14.685644 55.098427 3
14.685074 55.099216 4
14.68531 55.09881 5
14.80911 55.26537 1
14.685644 55.098427 3
14.685074 55.099216 4
14.68531 55.09881 5
14.80911 55.26537 1
14.685644 55.098427 3
14.685074 55.099216 4
14.68531 55.09881 5
14.80911 55.26537 1
14.685644 55.098427 3
14.685074 55.099216 4
14.68531 55.09881 5
14.80911 55.26537 1
14.685644 55.098427 3
14.685074 55.099216 4
14.68531 55.09881 5
14.80911 55.26537 1
14.685644 55.098427 3
14.685074 55.099216 4
14.68531 55.09881 5
14.80911 55.26537 1
