14.756485 55.138268 2
14.756231 55.13793 3
14.756152 55.138275 4
14.755893 55.13789 5
14.755805 55.138233 6
14.755604 55.137676 7
14.755495 55.138245 8
14.754252 55.137787 9
14.753563 55.138092 10A
14.753761 55.138096 10B
14.753993 55.138123 12A
14.754173 55.138138 12B
14.754253 55.13758 13
14.753187 55.138065 14A
14.752997 55.13806 14B
14.754269 55.13751 15
14.752791 55.13805 16A
14.752598 55.138042 16B
14.754285 55.137356 17
14.752331 55.138126 18
14.754306 55.137203 19
14.751899 55.138184 20
14.754433 55.13702 21
14.752126 55.138515 22
14.754139 55.136997 23
14.752954 55.138382 24
14.753757 55.13701 25
14.753678 55.137257 27
14.75368 55.137512 29
14.753648 55.13775 31
14.753137 55.137764 33
14.75307 55.13752 35
14.753152 55.137245 37
14.753139 55.137 39
14.752552 55.13726 43
14.752516 55.137497 45
14.752549 55.1377 47
14.752077 55.137676 49
14.75202 55.13747 51
14.752049 55.137222 53
14.752025 55.13695 55
14.751598 55.136955 57
14.751563 55.13715 59
14.751511 55.137413 61
14.75151 55.137596 63
14.7515 55.137676 63A
14.750915 55.13765 65
14.750903 55.137424 67
14.750977 55.137184 69
14.750948 55.136917 71
14.750485 55.136898 73
14.750514 55.137123 75
14.750544 55.1374 77
14.750493 55.137623 79
14.75138 55.138172 50
14.752592 55.13696 41
14.754243 55.137707 11
14.705803 55.182896 1
14.756485 55.138268 2
14.756231 55.13793 3
14.756152 55.138275 4
14.755893 55.13789 5
14.755805 55.138233 6
14.755604 55.137676 7
14.755495 55.138245 8
14.754252 55.137787 9
14.753563 55.138092 10A
14.753761 55.138096 10B
14.753993 55.138123 12A
14.754173 55.138138 12B
14.754253 55.13758 13
14.753187 55.138065 14A
14.752997 55.13806 14B
14.754269 55.13751 15
14.752791 55.13805 16A
14.752598 55.138042 16B
14.754285 55.137356 17
14.752331 55.138126 18
14.754306 55.137203 19
14.751899 55.138184 20
14.754433 55.13702 21
14.752126 55.138515 22
14.754139 55.136997 23
14.752954 55.138382 24
14.753757 55.13701 25
14.753678 55.137257 27
14.75368 55.137512 29
14.753648 55.13775 31
14.753137 55.137764 33
14.75307 55.13752 35
14.753152 55.137245 37
14.753139 55.137 39
14.752552 55.13726 43
14.752516 55.137497 45
14.752549 55.1377 47
14.752077 55.137676 49
14.75202 55.13747 51
14.752049 55.137222 53
14.752025 55.13695 55
14.751598 55.136955 57
14.751563 55.13715 59
14.751511 55.137413 61
14.75151 55.137596 63
14.7515 55.137676 63A
14.750915 55.13765 65
14.750903 55.137424 67
14.750977 55.137184 69
14.750948 55.136917 71
14.750485 55.136898 73
14.750514 55.137123 75
14.750544 55.1374 77
14.750493 55.137623 79
14.75138 55.138172 50
14.752592 55.13696 41
14.754243 55.137707 11
14.705803 55.182896 1
14.756485 55.138268 2
14.756231 55.13793 3
14.756152 55.138275 4
14.755893 55.13789 5
14.755805 55.138233 6
14.755604 55.137676 7
14.755495 55.138245 8
14.754252 55.137787 9
14.753563 55.138092 10A
14.753761 55.138096 10B
14.753993 55.138123 12A
14.754173 55.138138 12B
14.754253 55.13758 13
14.753187 55.138065 14A
14.752997 55.13806 14B
14.754269 55.13751 15
14.752791 55.13805 16A
14.752598 55.138042 16B
14.754285 55.137356 17
14.752331 55.138126 18
14.754306 55.137203 19
14.751899 55.138184 20
14.754433 55.13702 21
14.752126 55.138515 22
14.754139 55.136997 23
14.752954 55.138382 24
14.753757 55.13701 25
14.753678 55.137257 27
14.75368 55.137512 29
14.753648 55.13775 31
14.753137 55.137764 33
14.75307 55.13752 35
14.753152 55.137245 37
14.753139 55.137 39
14.752552 55.13726 43
14.752516 55.137497 45
14.752549 55.1377 47
14.752077 55.137676 49
14.75202 55.13747 51
14.752049 55.137222 53
14.752025 55.13695 55
14.751598 55.136955 57
14.751563 55.13715 59
14.751511 55.137413 61
14.75151 55.137596 63
14.7515 55.137676 63A
14.750915 55.13765 65
14.750903 55.137424 67
14.750977 55.137184 69
14.750948 55.136917 71
14.750485 55.136898 73
14.750514 55.137123 75
14.750544 55.1374 77
14.750493 55.137623 79
14.75138 55.138172 50
14.752592 55.13696 41
14.754243 55.137707 11
14.705803 55.182896 1
14.756485 55.138268 2
14.756231 55.13793 3
14.756152 55.138275 4
14.755893 55.13789 5
14.755805 55.138233 6
14.755604 55.137676 7
14.755495 55.138245 8
14.754252 55.137787 9
14.753563 55.138092 10A
14.753761 55.138096 10B
14.753993 55.138123 12A
14.754173 55.138138 12B
14.754253 55.13758 13
14.753187 55.138065 14A
14.752997 55.13806 14B
14.754269 55.13751 15
14.752791 55.13805 16A
14.752598 55.138042 16B
14.754285 55.137356 17
14.752331 55.138126 18
14.754306 55.137203 19
14.751899 55.138184 20
14.754433 55.13702 21
14.752126 55.138515 22
14.754139 55.136997 23
14.752954 55.138382 24
14.753757 55.13701 25
14.753678 55.137257 27
14.75368 55.137512 29
14.753648 55.13775 31
14.753137 55.137764 33
14.75307 55.13752 35
14.753152 55.137245 37
14.753139 55.137 39
14.752552 55.13726 43
14.752516 55.137497 45
14.752549 55.1377 47
14.752077 55.137676 49
14.75202 55.13747 51
14.752049 55.137222 53
14.752025 55.13695 55
14.751598 55.136955 57
14.751563 55.13715 59
14.751511 55.137413 61
14.75151 55.137596 63
14.7515 55.137676 63A
14.750915 55.13765 65
14.750903 55.137424 67
14.750977 55.137184 69
14.750948 55.136917 71
14.750485 55.136898 73
14.750514 55.137123 75
14.750544 55.1374 77
14.750493 55.137623 79
14.75138 55.138172 50
14.752592 55.13696 41
14.754243 55.137707 11
14.705803 55.182896 1
14.756485 55.138268 2
14.756231 55.13793 3
14.756152 55.138275 4
14.755893 55.13789 5
14.755805 55.138233 6
14.755604 55.137676 7
14.755495 55.138245 8
14.754252 55.137787 9
14.753563 55.138092 10A
14.753761 55.138096 10B
14.753993 55.138123 12A
14.754173 55.138138 12B
14.754253 55.13758 13
14.753187 55.138065 14A
14.752997 55.13806 14B
14.754269 55.13751 15
14.752791 55.13805 16A
14.752598 55.138042 16B
14.754285 55.137356 17
14.752331 55.138126 18
14.754306 55.137203 19
14.751899 55.138184 20
14.754433 55.13702 21
14.752126 55.138515 22
14.754139 55.136997 23
14.752954 55.138382 24
14.753757 55.13701 25
14.753678 55.137257 27
14.75368 55.137512 29
14.753648 55.13775 31
14.753137 55.137764 33
14.75307 55.13752 35
14.753152 55.137245 37
14.753139 55.137 39
14.752552 55.13726 43
14.752516 55.137497 45
14.752549 55.1377 47
14.752077 55.137676 49
14.75202 55.13747 51
14.752049 55.137222 53
14.752025 55.13695 55
14.751598 55.136955 57
14.751563 55.13715 59
14.751511 55.137413 61
14.75151 55.137596 63
14.7515 55.137676 63A
14.750915 55.13765 65
14.750903 55.137424 67
14.750977 55.137184 69
14.750948 55.136917 71
14.750485 55.136898 73
14.750514 55.137123 75
14.750544 55.1374 77
14.750493 55.137623 79
14.75138 55.138172 50
14.752592 55.13696 41
14.754243 55.137707 11
14.705803 55.182896 1
14.756485 55.138268 2
14.756231 55.13793 3
14.756152 55.138275 4
14.755893 55.13789 5
14.755805 55.138233 6
14.755604 55.137676 7
14.755495 55.138245 8
14.754252 55.137787 9
14.753563 55.138092 10A
14.753761 55.138096 10B
14.753993 55.138123 12A
14.754173 55.138138 12B
14.754253 55.13758 13
14.753187 55.138065 14A
14.752997 55.13806 14B
14.754269 55.13751 15
14.752791 55.13805 16A
14.752598 55.138042 16B
14.754285 55.137356 17
14.752331 55.138126 18
14.754306 55.137203 19
14.751899 55.138184 20
14.754433 55.13702 21
14.752126 55.138515 22
14.754139 55.136997 23
14.752954 55.138382 24
14.753757 55.13701 25
14.753678 55.137257 27
14.75368 55.137512 29
14.753648 55.13775 31
14.753137 55.137764 33
14.75307 55.13752 35
14.753152 55.137245 37
14.753139 55.137 39
14.752552 55.13726 43
14.752516 55.137497 45
14.752549 55.1377 47
14.752077 55.137676 49
14.75202 55.13747 51
14.752049 55.137222 53
14.752025 55.13695 55
14.751598 55.136955 57
14.751563 55.13715 59
14.751511 55.137413 61
14.75151 55.137596 63
14.7515 55.137676 63A
14.750915 55.13765 65
14.750903 55.137424 67
14.750977 55.137184 69
14.750948 55.136917 71
14.750485 55.136898 73
14.750514 55.137123 75
14.750544 55.1374 77
14.750493 55.137623 79
14.75138 55.138172 50
14.752592 55.13696 41
14.754243 55.137707 11
14.705803 55.182896 1
