14.72904 55.13288 2
14.739297 55.133957 4
14.741803 55.127945 6
14.754657 55.13212 8
14.74131 55.13316 9
14.741789 55.133705 11
14.742869 55.13305 13
14.744566 55.133038 15
14.755426 55.132797 31
14.74622 55.132984 17
14.72904 55.13288 2
14.739297 55.133957 4
14.741803 55.127945 6
14.754657 55.13212 8
14.74131 55.13316 9
14.741789 55.133705 11
14.742869 55.13305 13
14.744566 55.133038 15
14.755426 55.132797 31
14.74622 55.132984 17
14.72904 55.13288 2
14.739297 55.133957 4
14.741803 55.127945 6
14.754657 55.13212 8
14.74131 55.13316 9
14.741789 55.133705 11
14.742869 55.13305 13
14.744566 55.133038 15
14.755426 55.132797 31
14.74622 55.132984 17
14.72904 55.13288 2
14.739297 55.133957 4
14.741803 55.127945 6
14.754657 55.13212 8
14.74131 55.13316 9
14.741789 55.133705 11
14.742869 55.13305 13
14.744566 55.133038 15
14.755426 55.132797 31
14.74622 55.132984 17
14.72904 55.13288 2
14.739297 55.133957 4
14.741803 55.127945 6
14.754657 55.13212 8
14.74131 55.13316 9
14.741789 55.133705 11
14.742869 55.13305 13
14.744566 55.133038 15
14.755426 55.132797 31
14.74622 55.132984 17
14.72904 55.13288 2
14.739297 55.133957 4
14.741803 55.127945 6
14.754657 55.13212 8
14.74131 55.13316 9
14.741789 55.133705 11
14.742869 55.13305 13
14.744566 55.133038 15
14.755426 55.132797 31
14.74622 55.132984 17
