14.800529 55.13886 3
14.79644 55.138123 5
14.798085 55.13657 9
14.800051 55.13615 11
14.801984 55.134857 13
14.798636 55.134605 15
14.790031 55.1372 2
14.793435 55.13646 4
14.795424 55.135048 7
14.794923 55.140533 1B
14.800529 55.13886 3
14.79644 55.138123 5
14.798085 55.13657 9
14.800051 55.13615 11
14.801984 55.134857 13
14.798636 55.134605 15
14.790031 55.1372 2
14.793435 55.13646 4
14.795424 55.135048 7
14.794923 55.140533 1B
14.800529 55.13886 3
14.79644 55.138123 5
14.798085 55.13657 9
14.800051 55.13615 11
14.801984 55.134857 13
14.798636 55.134605 15
14.790031 55.1372 2
14.793435 55.13646 4
14.795424 55.135048 7
14.794923 55.140533 1B
14.800529 55.13886 3
14.79644 55.138123 5
14.798085 55.13657 9
14.800051 55.13615 11
14.801984 55.134857 13
14.798636 55.134605 15
14.790031 55.1372 2
14.793435 55.13646 4
14.795424 55.135048 7
14.794923 55.140533 1B
14.800529 55.13886 3
14.79644 55.138123 5
14.798085 55.13657 9
14.800051 55.13615 11
14.801984 55.134857 13
14.798636 55.134605 15
14.790031 55.1372 2
14.793435 55.13646 4
14.795424 55.135048 7
14.794923 55.140533 1B
14.800529 55.13886 3
14.79644 55.138123 5
14.798085 55.13657 9
14.800051 55.13615 11
14.801984 55.134857 13
14.798636 55.134605 15
14.790031 55.1372 2
14.793435 55.13646 4
14.795424 55.135048 7
14.794923 55.140533 1B
