14.726443 55.100258 2
14.726462 55.10051 3
14.726684 55.10068 5
14.726837 55.100807 7
14.726443 55.100258 2
14.726462 55.10051 3
14.726684 55.10068 5
14.726837 55.100807 7
14.726443 55.100258 2
14.726462 55.10051 3
14.726684 55.10068 5
14.726837 55.100807 7
14.726443 55.100258 2
14.726462 55.10051 3
14.726684 55.10068 5
14.726837 55.100807 7
14.726443 55.100258 2
14.726462 55.10051 3
14.726684 55.10068 5
14.726837 55.100807 7
14.726443 55.100258 2
14.726462 55.10051 3
14.726684 55.10068 5
14.726837 55.100807 7
