14.704515 55.111588 2B
14.704444 55.111713 2C
14.703699 55.11134 3
14.70452 55.11191 4
14.70372 55.111473 5
14.704555 55.112 6
14.7039 55.111603 7
14.704639 55.1122 10
14.704763 55.11239 12
14.704795 55.11258 12A
14.704849 55.112682 14
14.704984 55.113026 16
14.705016 55.113113 18
14.70383 55.11227 19
14.703326 55.112858 19A
14.703117 55.112743 19C
14.703142 55.112865 19D
14.705041 55.11318 20
14.704302 55.112743 21
14.705085 55.113285 22
14.704292 55.11287 23
14.705107 55.113346 24
14.704321 55.11293 25
14.705147 55.113476 26
14.704363 55.113026 27
14.705221 55.11362 28
14.706036 55.11365 28A
14.704386 55.113075 29
14.705324 55.113796 30
14.704431 55.11317 31
14.705386 55.113953 32
14.704463 55.11324 33
14.70544 55.114086 34
14.704502 55.11333 35
14.705485 55.114197 36
14.704552 55.11343 37
14.705501 55.114315 38
14.704575 55.11348 39
14.705583 55.11444 40
14.705608 55.11459 42
14.704582 55.113724 43
14.705638 55.114662 44
14.704597 55.113853 45
14.705709 55.114834 46
14.704621 55.11393 47
14.705864 55.11509 48
14.704673 55.114056 49
14.707284 55.11509 50
14.704764 55.11415 51
14.706323 55.115334 52A
14.705966 55.115402 52B
14.704902 55.114407 53
14.706012 55.11558 54
14.704865 55.114536 55
14.706029 55.115696 56
14.704606 55.114742 57A
14.706052 55.115807 58
14.704979 55.114807 59
14.706036 55.115906 60
14.705033 55.114937 61
14.706041 55.1161 62
14.705053 55.11513 63
14.706105 55.11631 64
14.705139 55.11531 65
14.706116 55.116558 66
14.705235 55.11551 67
14.705287 55.115784 69
14.706152 55.11711 70
14.706166 55.11725 72
14.705487 55.116386 73
14.706181 55.11738 74
14.705408 55.116634 75
14.706274 55.117638 76
14.705548 55.11678 77
14.706771 55.117615 78
14.705576 55.11692 79
14.706479 55.11776 80
14.705655 55.117264 81
14.705136 55.117577 83
14.705667 55.11759 85
14.705471 55.11761 85A
14.705509 55.117725 87
14.709141 55.118702 100
14.706155 55.118347 101
14.704278 55.12104 103
14.703405 55.121056 103B
14.704187 55.12148 103C
14.708234 55.119926 104
14.708183 55.123165 105
14.712667 55.134567 105B
14.708266 55.120193 106
14.723293 55.134216 107
14.708331 55.120346 108
14.708575 55.12047 110
14.708683 55.1206 112
14.708862 55.12084 114
14.708984 55.121094 116
14.709496 55.121666 120
14.709988 55.12169 122
14.709738 55.121967 124
14.709929 55.12212 126
14.709991 55.122257 128
14.710007 55.1224 130
14.710261 55.12264 132
14.710422 55.122772 134
14.710422 55.12296 136
14.71071 55.12306 138A
14.710772 55.123226 138B
14.711115 55.12343 140
14.711429 55.12376 142
14.716456 55.12735 146
14.716823 55.127514 146A
14.716921 55.12896 146B
14.725264 55.13073 148
14.72528 55.13502 150
14.703171 55.112827 19E
14.712535 55.134575 105C
14.711864 55.12742 105A
14.704612 55.112133 8
