14.716705 55.08427 1
14.716214 55.083923 2
14.716883 55.08441 3
14.715851 55.083775 4
14.717203 55.08435 5
14.716189 55.083633 6
14.71696 55.084164 7
14.716464 55.083805 8
14.717375 55.083942 9
14.716922 55.083584 10
14.717686 55.084156 11
14.716615 55.08341 12
14.717962 55.084007 13
14.716971 55.083252 14
14.717739 55.083824 15
14.717193 55.08343 16
14.717472 55.08363 17
14.711857 55.179745 1
14.716705 55.08427 1
14.716214 55.083923 2
14.716883 55.08441 3
14.715851 55.083775 4
14.717203 55.08435 5
14.716189 55.083633 6
14.71696 55.084164 7
14.716464 55.083805 8
14.717375 55.083942 9
14.716922 55.083584 10
14.717686 55.084156 11
14.716615 55.08341 12
14.717962 55.084007 13
14.716971 55.083252 14
14.717739 55.083824 15
14.717193 55.08343 16
14.717472 55.08363 17
14.711857 55.179745 1
14.716705 55.08427 1
14.716214 55.083923 2
14.716883 55.08441 3
14.715851 55.083775 4
14.717203 55.08435 5
14.716189 55.083633 6
14.71696 55.084164 7
14.716464 55.083805 8
14.717375 55.083942 9
14.716922 55.083584 10
14.717686 55.084156 11
14.716615 55.08341 12
14.717962 55.084007 13
14.716971 55.083252 14
14.717739 55.083824 15
14.717193 55.08343 16
14.717472 55.08363 17
14.711857 55.179745 1
14.716705 55.08427 1
14.716214 55.083923 2
14.716883 55.08441 3
14.715851 55.083775 4
14.717203 55.08435 5
14.716189 55.083633 6
14.71696 55.084164 7
14.716464 55.083805 8
14.717375 55.083942 9
14.716922 55.083584 10
14.717686 55.084156 11
14.716615 55.08341 12
14.717962 55.084007 13
14.716971 55.083252 14
14.717739 55.083824 15
14.717193 55.08343 16
14.717472 55.08363 17
14.711857 55.179745 1
14.716705 55.08427 1
14.716214 55.083923 2
14.716883 55.08441 3
14.715851 55.083775 4
14.717203 55.08435 5
14.716189 55.083633 6
14.71696 55.084164 7
14.716464 55.083805 8
14.717375 55.083942 9
14.716922 55.083584 10
14.717686 55.084156 11
14.716615 55.08341 12
14.717962 55.084007 13
14.716971 55.083252 14
14.717739 55.083824 15
14.717193 55.08343 16
14.717472 55.08363 17
14.711857 55.179745 1
14.716705 55.08427 1
14.716214 55.083923 2
14.716883 55.08441 3
14.715851 55.083775 4
14.717203 55.08435 5
14.716189 55.083633 6
14.71696 55.084164 7
14.716464 55.083805 8
14.717375 55.083942 9
14.716922 55.083584 10
14.717686 55.084156 11
14.716615 55.08341 12
14.717962 55.084007 13
14.716971 55.083252 14
14.717739 55.083824 15
14.717193 55.08343 16
14.717472 55.08363 17
14.711857 55.179745 1
