14.695209 55.09981 1A
14.696188 55.099518 3
14.696276 55.09944 5
14.696393 55.099358 9
14.695209 55.09981 1A
14.696188 55.099518 3
14.696276 55.09944 5
14.696393 55.099358 9
14.695209 55.09981 1A
14.696188 55.099518 3
14.696276 55.09944 5
14.696393 55.099358 9
14.695209 55.09981 1A
14.696188 55.099518 3
14.696276 55.09944 5
14.696393 55.099358 9
14.695209 55.09981 1A
14.696188 55.099518 3
14.696276 55.09944 5
14.696393 55.099358 9
14.695209 55.09981 1A
14.696188 55.099518 3
14.696276 55.09944 5
14.696393 55.099358 9
