14.75377 55.1114 1
14.753642 55.11111 2
14.754038 55.11145 3
14.75368 55.111008 4
14.754311 55.1115 5
14.753711 55.110924 6
14.754583 55.11155 7
14.753747 55.110825 8
14.754833 55.111645 9
14.753772 55.11076 10
14.755177 55.11167 11
14.754103 55.111183 12
14.755501 55.11226 13B
14.754137 55.11109 14
14.755595 55.11175 15
14.754184 55.110966 16
14.755853 55.111843 17
14.754224 55.11086 18
14.756116 55.11187 19
14.754263 55.110752 20
14.756379 55.11194 21
14.754533 55.111305 22
14.756635 55.111996 23
14.75457 55.111214 24
14.756895 55.11204 25
14.754603 55.111122 26
14.757189 55.11206 27
14.754651 55.110992 28
14.757457 55.11211 29
14.754684 55.110897 30
14.757721 55.11216 31
14.754712 55.110825 32
14.757982 55.11221 33
14.754939 55.111347 34
14.75824 55.11226 35
14.755341 55.111393 36
14.755551 55.111126 36B
14.758504 55.11231 37
14.755642 55.111523 38
14.758771 55.11236 39
14.75594 55.111523 40
14.758982 55.112476 41
14.756222 55.11157 42
14.756469 55.111614 44
14.75673 55.11171 46
14.756999 55.11174 48
14.7573 55.111797 50
14.757661 55.11188 52
14.758068 55.11195 54
14.758194 55.11176 56
14.758685 55.11206 58
14.758951 55.11207 60
14.75545 55.112705 13
14.75377 55.1114 1
14.753642 55.11111 2
14.754038 55.11145 3
14.75368 55.111008 4
14.754311 55.1115 5
14.753711 55.110924 6
14.754583 55.11155 7
14.753747 55.110825 8
14.754833 55.111645 9
14.753772 55.11076 10
14.755177 55.11167 11
14.754103 55.111183 12
14.755501 55.11226 13B
14.754137 55.11109 14
14.755595 55.11175 15
14.754184 55.110966 16
14.755853 55.111843 17
14.754224 55.11086 18
14.756116 55.11187 19
14.754263 55.110752 20
14.756379 55.11194 21
14.754533 55.111305 22
14.756635 55.111996 23
14.75457 55.111214 24
14.756895 55.11204 25
14.754603 55.111122 26
14.757189 55.11206 27
14.754651 55.110992 28
14.757457 55.11211 29
14.754684 55.110897 30
14.757721 55.11216 31
14.754712 55.110825 32
14.757982 55.11221 33
14.754939 55.111347 34
14.75824 55.11226 35
14.755341 55.111393 36
14.755551 55.111126 36B
14.758504 55.11231 37
14.755642 55.111523 38
14.758771 55.11236 39
14.75594 55.111523 40
14.758982 55.112476 41
14.756222 55.11157 42
14.756469 55.111614 44
14.75673 55.11171 46
14.756999 55.11174 48
14.7573 55.111797 50
14.757661 55.11188 52
14.758068 55.11195 54
14.758194 55.11176 56
14.758685 55.11206 58
14.758951 55.11207 60
14.75545 55.112705 13
14.75377 55.1114 1
14.753642 55.11111 2
14.754038 55.11145 3
14.75368 55.111008 4
14.754311 55.1115 5
14.753711 55.110924 6
14.754583 55.11155 7
14.753747 55.110825 8
14.754833 55.111645 9
14.753772 55.11076 10
14.755177 55.11167 11
14.754103 55.111183 12
14.755501 55.11226 13B
14.754137 55.11109 14
14.755595 55.11175 15
14.754184 55.110966 16
14.755853 55.111843 17
14.754224 55.11086 18
14.756116 55.11187 19
14.754263 55.110752 20
14.756379 55.11194 21
14.754533 55.111305 22
14.756635 55.111996 23
14.75457 55.111214 24
14.756895 55.11204 25
14.754603 55.111122 26
14.757189 55.11206 27
14.754651 55.110992 28
14.757457 55.11211 29
14.754684 55.110897 30
14.757721 55.11216 31
14.754712 55.110825 32
14.757982 55.11221 33
14.754939 55.111347 34
14.75824 55.11226 35
14.755341 55.111393 36
14.755551 55.111126 36B
14.758504 55.11231 37
14.755642 55.111523 38
14.758771 55.11236 39
14.75594 55.111523 40
14.758982 55.112476 41
14.756222 55.11157 42
14.756469 55.111614 44
14.75673 55.11171 46
14.756999 55.11174 48
14.7573 55.111797 50
14.757661 55.11188 52
14.758068 55.11195 54
14.758194 55.11176 56
14.758685 55.11206 58
14.758951 55.11207 60
14.75545 55.112705 13
14.75377 55.1114 1
14.753642 55.11111 2
14.754038 55.11145 3
14.75368 55.111008 4
14.754311 55.1115 5
14.753711 55.110924 6
14.754583 55.11155 7
14.753747 55.110825 8
14.754833 55.111645 9
14.753772 55.11076 10
14.755177 55.11167 11
14.754103 55.111183 12
14.755501 55.11226 13B
14.754137 55.11109 14
14.755595 55.11175 15
14.754184 55.110966 16
14.755853 55.111843 17
14.754224 55.11086 18
14.756116 55.11187 19
14.754263 55.110752 20
14.756379 55.11194 21
14.754533 55.111305 22
14.756635 55.111996 23
14.75457 55.111214 24
14.756895 55.11204 25
14.754603 55.111122 26
14.757189 55.11206 27
14.754651 55.110992 28
14.757457 55.11211 29
14.754684 55.110897 30
14.757721 55.11216 31
14.754712 55.110825 32
14.757982 55.11221 33
14.754939 55.111347 34
14.75824 55.11226 35
14.755341 55.111393 36
14.755551 55.111126 36B
14.758504 55.11231 37
14.755642 55.111523 38
14.758771 55.11236 39
14.75594 55.111523 40
14.758982 55.112476 41
14.756222 55.11157 42
14.756469 55.111614 44
14.75673 55.11171 46
14.756999 55.11174 48
14.7573 55.111797 50
14.757661 55.11188 52
14.758068 55.11195 54
14.758194 55.11176 56
14.758685 55.11206 58
14.758951 55.11207 60
14.75545 55.112705 13
14.75377 55.1114 1
14.753642 55.11111 2
14.754038 55.11145 3
14.75368 55.111008 4
14.754311 55.1115 5
14.753711 55.110924 6
14.754583 55.11155 7
14.753747 55.110825 8
14.754833 55.111645 9
14.753772 55.11076 10
14.755177 55.11167 11
14.754103 55.111183 12
14.755501 55.11226 13B
14.754137 55.11109 14
14.755595 55.11175 15
14.754184 55.110966 16
14.755853 55.111843 17
14.754224 55.11086 18
14.756116 55.11187 19
14.754263 55.110752 20
14.756379 55.11194 21
14.754533 55.111305 22
14.756635 55.111996 23
14.75457 55.111214 24
14.756895 55.11204 25
14.754603 55.111122 26
14.757189 55.11206 27
14.754651 55.110992 28
14.757457 55.11211 29
14.754684 55.110897 30
14.757721 55.11216 31
14.754712 55.110825 32
14.757982 55.11221 33
14.754939 55.111347 34
14.75824 55.11226 35
14.755341 55.111393 36
14.755551 55.111126 36B
14.758504 55.11231 37
14.755642 55.111523 38
14.758771 55.11236 39
14.75594 55.111523 40
14.758982 55.112476 41
14.756222 55.11157 42
14.756469 55.111614 44
14.75673 55.11171 46
14.756999 55.11174 48
14.7573 55.111797 50
14.757661 55.11188 52
14.758068 55.11195 54
14.758194 55.11176 56
14.758685 55.11206 58
14.758951 55.11207 60
14.75545 55.112705 13
14.75377 55.1114 1
14.753642 55.11111 2
14.754038 55.11145 3
14.75368 55.111008 4
14.754311 55.1115 5
14.753711 55.110924 6
14.754583 55.11155 7
14.753747 55.110825 8
14.754833 55.111645 9
14.753772 55.11076 10
14.755177 55.11167 11
14.754103 55.111183 12
14.755501 55.11226 13B
14.754137 55.11109 14
14.755595 55.11175 15
14.754184 55.110966 16
14.755853 55.111843 17
14.754224 55.11086 18
14.756116 55.11187 19
14.754263 55.110752 20
14.756379 55.11194 21
14.754533 55.111305 22
14.756635 55.111996 23
14.75457 55.111214 24
14.756895 55.11204 25
14.754603 55.111122 26
14.757189 55.11206 27
14.754651 55.110992 28
14.757457 55.11211 29
14.754684 55.110897 30
14.757721 55.11216 31
14.754712 55.110825 32
14.757982 55.11221 33
14.754939 55.111347 34
14.75824 55.11226 35
14.755341 55.111393 36
14.755551 55.111126 36B
14.758504 55.11231 37
14.755642 55.111523 38
14.758771 55.11236 39
14.75594 55.111523 40
14.758982 55.112476 41
14.756222 55.11157 42
14.756469 55.111614 44
14.75673 55.11171 46
14.756999 55.11174 48
14.7573 55.111797 50
14.757661 55.11188 52
14.758068 55.11195 54
14.758194 55.11176 56
14.758685 55.11206 58
14.758951 55.11207 60
14.75545 55.112705 13
