14.699519 55.098114 2
14.699688 55.09826 3
14.699641 55.098145 4
14.699903 55.098312 5
14.699777 55.09817 6
14.699933 55.098198 8
15.128999 55.066982 1
14.699519 55.098114 2
14.699688 55.09826 3
14.699641 55.098145 4
14.699903 55.098312 5
14.699777 55.09817 6
14.699933 55.098198 8
15.128999 55.066982 1
14.699519 55.098114 2
14.699688 55.09826 3
14.699641 55.098145 4
14.699903 55.098312 5
14.699777 55.09817 6
14.699933 55.098198 8
15.128999 55.066982 1
14.699519 55.098114 2
14.699688 55.09826 3
14.699641 55.098145 4
14.699903 55.098312 5
14.699777 55.09817 6
14.699933 55.098198 8
15.128999 55.066982 1
14.699519 55.098114 2
14.699688 55.09826 3
14.699641 55.098145 4
14.699903 55.098312 5
14.699777 55.09817 6
14.699933 55.098198 8
15.128999 55.066982 1
14.699519 55.098114 2
14.699688 55.09826 3
14.699641 55.098145 4
14.699903 55.098312 5
14.699777 55.09817 6
14.699933 55.098198 8
15.128999 55.066982 1
