14.719113 55.110836 1
14.719621 55.10972 10
14.719782 55.109623 11
14.719993 55.109562 12
14.720253 55.109585 13
14.720121 55.10976 14
14.719914 55.10981 15
14.7198 55.109943 16
14.71971 55.11008 17
14.719599 55.11024 18
14.719529 55.110374 19
14.719116 55.11075 2
14.719479 55.1105 20
14.719442 55.110634 21
14.719479 55.110916 22
14.719709 55.110943 23
14.719954 55.110973 24
14.720211 55.110928 26
14.720349 55.110832 27
14.720447 55.11071 28
14.720525 55.11059 29
14.719116 55.110607 3
14.720613 55.110462 30
14.720678 55.110336 31
14.720755 55.11019 32
14.720781 55.110058 33
14.720767 55.109795 35
14.720619 55.109673 36
14.720464 55.10963 37
14.720357 55.109795 38
14.720491 55.109898 39
14.719161 55.110485 4
14.720472 55.11004 40
14.720443 55.11017 41
14.720382 55.110283 42
14.720305 55.110428 43
14.720224 55.11056 44
14.720132 55.11069 45
14.719964 55.1108 46
14.72001 55.110374 47
14.719221 55.110344 5
14.719271 55.11022 6
14.719342 55.110092 7
14.719422 55.109966 8
14.719513 55.10984 9
14.720801 55.10993 34
15.110086 55.021687 1
14.719113 55.110836 1
14.719621 55.10972 10
14.719782 55.109623 11
14.719993 55.109562 12
14.720253 55.109585 13
14.720121 55.10976 14
14.719914 55.10981 15
14.7198 55.109943 16
14.71971 55.11008 17
14.719599 55.11024 18
14.719529 55.110374 19
14.719116 55.11075 2
14.719479 55.1105 20
14.719442 55.110634 21
14.719479 55.110916 22
14.719709 55.110943 23
14.719954 55.110973 24
14.720211 55.110928 26
14.720349 55.110832 27
14.720447 55.11071 28
14.720525 55.11059 29
14.719116 55.110607 3
14.720613 55.110462 30
14.720678 55.110336 31
14.720755 55.11019 32
14.720781 55.110058 33
14.720767 55.109795 35
14.720619 55.109673 36
14.720464 55.10963 37
14.720357 55.109795 38
14.720491 55.109898 39
14.719161 55.110485 4
14.720472 55.11004 40
14.720443 55.11017 41
14.720382 55.110283 42
14.720305 55.110428 43
14.720224 55.11056 44
14.720132 55.11069 45
14.719964 55.1108 46
14.72001 55.110374 47
14.719221 55.110344 5
14.719271 55.11022 6
14.719342 55.110092 7
14.719422 55.109966 8
14.719513 55.10984 9
14.720801 55.10993 34
15.110086 55.021687 1
14.719113 55.110836 1
14.719621 55.10972 10
14.719782 55.109623 11
14.719993 55.109562 12
14.720253 55.109585 13
14.720121 55.10976 14
14.719914 55.10981 15
14.7198 55.109943 16
14.71971 55.11008 17
14.719599 55.11024 18
14.719529 55.110374 19
14.719116 55.11075 2
14.719479 55.1105 20
14.719442 55.110634 21
14.719479 55.110916 22
14.719709 55.110943 23
14.719954 55.110973 24
14.720211 55.110928 26
14.720349 55.110832 27
14.720447 55.11071 28
14.720525 55.11059 29
14.719116 55.110607 3
14.720613 55.110462 30
14.720678 55.110336 31
14.720755 55.11019 32
14.720781 55.110058 33
14.720767 55.109795 35
14.720619 55.109673 36
14.720464 55.10963 37
14.720357 55.109795 38
14.720491 55.109898 39
14.719161 55.110485 4
14.720472 55.11004 40
14.720443 55.11017 41
14.720382 55.110283 42
14.720305 55.110428 43
14.720224 55.11056 44
14.720132 55.11069 45
14.719964 55.1108 46
14.72001 55.110374 47
14.719221 55.110344 5
14.719271 55.11022 6
14.719342 55.110092 7
14.719422 55.109966 8
14.719513 55.10984 9
14.720801 55.10993 34
15.110086 55.021687 1
14.719113 55.110836 1
14.719621 55.10972 10
14.719782 55.109623 11
14.719993 55.109562 12
14.720253 55.109585 13
14.720121 55.10976 14
14.719914 55.10981 15
14.7198 55.109943 16
14.71971 55.11008 17
14.719599 55.11024 18
14.719529 55.110374 19
14.719116 55.11075 2
14.719479 55.1105 20
14.719442 55.110634 21
14.719479 55.110916 22
14.719709 55.110943 23
14.719954 55.110973 24
14.720211 55.110928 26
14.720349 55.110832 27
14.720447 55.11071 28
14.720525 55.11059 29
14.719116 55.110607 3
14.720613 55.110462 30
14.720678 55.110336 31
14.720755 55.11019 32
14.720781 55.110058 33
14.720767 55.109795 35
14.720619 55.109673 36
14.720464 55.10963 37
14.720357 55.109795 38
14.720491 55.109898 39
14.719161 55.110485 4
14.720472 55.11004 40
14.720443 55.11017 41
14.720382 55.110283 42
14.720305 55.110428 43
14.720224 55.11056 44
14.720132 55.11069 45
14.719964 55.1108 46
14.72001 55.110374 47
14.719221 55.110344 5
14.719271 55.11022 6
14.719342 55.110092 7
14.719422 55.109966 8
14.719513 55.10984 9
14.720801 55.10993 34
15.110086 55.021687 1
14.719113 55.110836 1
14.719621 55.10972 10
14.719782 55.109623 11
14.719993 55.109562 12
14.720253 55.109585 13
14.720121 55.10976 14
14.719914 55.10981 15
14.7198 55.109943 16
14.71971 55.11008 17
14.719599 55.11024 18
14.719529 55.110374 19
14.719116 55.11075 2
14.719479 55.1105 20
14.719442 55.110634 21
14.719479 55.110916 22
14.719709 55.110943 23
14.719954 55.110973 24
14.720211 55.110928 26
14.720349 55.110832 27
14.720447 55.11071 28
14.720525 55.11059 29
14.719116 55.110607 3
14.720613 55.110462 30
14.720678 55.110336 31
14.720755 55.11019 32
14.720781 55.110058 33
14.720767 55.109795 35
14.720619 55.109673 36
14.720464 55.10963 37
14.720357 55.109795 38
14.720491 55.109898 39
14.719161 55.110485 4
14.720472 55.11004 40
14.720443 55.11017 41
14.720382 55.110283 42
14.720305 55.110428 43
14.720224 55.11056 44
14.720132 55.11069 45
14.719964 55.1108 46
14.72001 55.110374 47
14.719221 55.110344 5
14.719271 55.11022 6
14.719342 55.110092 7
14.719422 55.109966 8
14.719513 55.10984 9
14.720801 55.10993 34
15.110086 55.021687 1
14.719113 55.110836 1
14.719621 55.10972 10
14.719782 55.109623 11
14.719993 55.109562 12
14.720253 55.109585 13
14.720121 55.10976 14
14.719914 55.10981 15
14.7198 55.109943 16
14.71971 55.11008 17
14.719599 55.11024 18
14.719529 55.110374 19
14.719116 55.11075 2
14.719479 55.1105 20
14.719442 55.110634 21
14.719479 55.110916 22
14.719709 55.110943 23
14.719954 55.110973 24
14.720211 55.110928 26
14.720349 55.110832 27
14.720447 55.11071 28
14.720525 55.11059 29
14.719116 55.110607 3
14.720613 55.110462 30
14.720678 55.110336 31
14.720755 55.11019 32
14.720781 55.110058 33
14.720767 55.109795 35
14.720619 55.109673 36
14.720464 55.10963 37
14.720357 55.109795 38
14.720491 55.109898 39
14.719161 55.110485 4
14.720472 55.11004 40
14.720443 55.11017 41
14.720382 55.110283 42
14.720305 55.110428 43
14.720224 55.11056 44
14.720132 55.11069 45
14.719964 55.1108 46
14.72001 55.110374 47
14.719221 55.110344 5
14.719271 55.11022 6
14.719342 55.110092 7
14.719422 55.109966 8
14.719513 55.10984 9
14.720801 55.10993 34
15.110086 55.021687 1
