14.718938 55.147167 2
14.720171 55.147427 3
14.719662 55.147137 4A
14.720144 55.147087 4B
14.720638 55.1475 5
14.721826 55.148052 5A
14.720937 55.14688 6
14.72122 55.14748 7
14.721364 55.14698 8
14.721603 55.147472 9
14.721725 55.14694 10
14.722012 55.14747 11
14.722919 55.147007 12
14.722407 55.1474 13
14.722986 55.14746 15
14.723464 55.147755 20
14.723079 55.147697 22
14.722508 55.147736 24
14.722126 55.147736 26
14.721531 55.14777 28
15.056643 55.02496 1
14.718938 55.147167 2
14.720171 55.147427 3
14.719662 55.147137 4A
14.720144 55.147087 4B
14.720638 55.1475 5
14.721826 55.148052 5A
14.720937 55.14688 6
14.72122 55.14748 7
14.721364 55.14698 8
14.721603 55.147472 9
14.721725 55.14694 10
14.722012 55.14747 11
14.722919 55.147007 12
14.722407 55.1474 13
14.722986 55.14746 15
14.723464 55.147755 20
14.723079 55.147697 22
14.722508 55.147736 24
14.722126 55.147736 26
14.721531 55.14777 28
15.056643 55.02496 1
14.718938 55.147167 2
14.720171 55.147427 3
14.719662 55.147137 4A
14.720144 55.147087 4B
14.720638 55.1475 5
14.721826 55.148052 5A
14.720937 55.14688 6
14.72122 55.14748 7
14.721364 55.14698 8
14.721603 55.147472 9
14.721725 55.14694 10
14.722012 55.14747 11
14.722919 55.147007 12
14.722407 55.1474 13
14.722986 55.14746 15
14.723464 55.147755 20
14.723079 55.147697 22
14.722508 55.147736 24
14.722126 55.147736 26
14.721531 55.14777 28
15.056643 55.02496 1
14.718938 55.147167 2
14.720171 55.147427 3
14.719662 55.147137 4A
14.720144 55.147087 4B
14.720638 55.1475 5
14.721826 55.148052 5A
14.720937 55.14688 6
14.72122 55.14748 7
14.721364 55.14698 8
14.721603 55.147472 9
14.721725 55.14694 10
14.722012 55.14747 11
14.722919 55.147007 12
14.722407 55.1474 13
14.722986 55.14746 15
14.723464 55.147755 20
14.723079 55.147697 22
14.722508 55.147736 24
14.722126 55.147736 26
14.721531 55.14777 28
15.056643 55.02496 1
14.718938 55.147167 2
14.720171 55.147427 3
14.719662 55.147137 4A
14.720144 55.147087 4B
14.720638 55.1475 5
14.721826 55.148052 5A
14.720937 55.14688 6
14.72122 55.14748 7
14.721364 55.14698 8
14.721603 55.147472 9
14.721725 55.14694 10
14.722012 55.14747 11
14.722919 55.147007 12
14.722407 55.1474 13
14.722986 55.14746 15
14.723464 55.147755 20
14.723079 55.147697 22
14.722508 55.147736 24
14.722126 55.147736 26
14.721531 55.14777 28
15.056643 55.02496 1
14.718938 55.147167 2
14.720171 55.147427 3
14.719662 55.147137 4A
14.720144 55.147087 4B
14.720638 55.1475 5
14.721826 55.148052 5A
14.720937 55.14688 6
14.72122 55.14748 7
14.721364 55.14698 8
14.721603 55.147472 9
14.721725 55.14694 10
14.722012 55.14747 11
14.722919 55.147007 12
14.722407 55.1474 13
14.722986 55.14746 15
14.723464 55.147755 20
14.723079 55.147697 22
14.722508 55.147736 24
14.722126 55.147736 26
14.721531 55.14777 28
15.056643 55.02496 1
