14.718241 55.0964 1A
14.717833 55.096466 1B
14.718568 55.096897 1C
14.719031 55.09638 2
14.718877 55.097557 3
14.719639 55.09722 4
14.71739 55.097797 5
14.720398 55.09769 6
14.716827 55.09821 7
14.71625 55.098385 9
14.716148 55.098343 9B
14.716079 55.09831 9C
14.716013 55.098274 9D
14.720281 55.098843 10
14.71609 55.098663 11
14.719745 55.098324 12
14.719161 55.098263 14
14.718396 55.098488 16
14.716712 55.09874 20
14.71655 55.09902 22
14.715997 55.09826 9E
14.719119 55.097885 14A
14.718594 55.098267 14B
14.719624 55.09807 14C
