14.716588 55.09018 4
14.716538 55.090096 6
14.716404 55.089947 8
14.716746 55.089905 10
14.716956 55.08979 12
14.717026 55.0896 14
14.717504 55.089897 20
14.717317 55.089775 18
14.717217 55.089714 16
14.731279 55.176693 1
14.716588 55.09018 4
14.716538 55.090096 6
14.716404 55.089947 8
14.716746 55.089905 10
14.716956 55.08979 12
14.717026 55.0896 14
14.717504 55.089897 20
14.717317 55.089775 18
14.717217 55.089714 16
14.731279 55.176693 1
14.716588 55.09018 4
14.716538 55.090096 6
14.716404 55.089947 8
14.716746 55.089905 10
14.716956 55.08979 12
14.717026 55.0896 14
14.717504 55.089897 20
14.717317 55.089775 18
14.717217 55.089714 16
14.731279 55.176693 1
14.716588 55.09018 4
14.716538 55.090096 6
14.716404 55.089947 8
14.716746 55.089905 10
14.716956 55.08979 12
14.717026 55.0896 14
14.717504 55.089897 20
14.717317 55.089775 18
14.717217 55.089714 16
14.731279 55.176693 1
14.716588 55.09018 4
14.716538 55.090096 6
14.716404 55.089947 8
14.716746 55.089905 10
14.716956 55.08979 12
14.717026 55.0896 14
14.717504 55.089897 20
14.717317 55.089775 18
14.717217 55.089714 16
14.731279 55.176693 1
14.716588 55.09018 4
14.716538 55.090096 6
14.716404 55.089947 8
14.716746 55.089905 10
14.716956 55.08979 12
14.717026 55.0896 14
14.717504 55.089897 20
14.717317 55.089775 18
14.717217 55.089714 16
14.731279 55.176693 1
