14.699714 55.10534 2
14.699609 55.105465 3
14.699754 55.105408 4
14.699744 55.10561 5
14.699864 55.105534 6
14.699652 55.10564 7
14.700085 55.10577 8
14.700069 55.106052 9
14.700127 55.10581 10
14.700351 55.106136 12
14.700373 55.10618 14
14.699962 55.10561 6A
14.90334 55.075256 1
14.699714 55.10534 2
14.699609 55.105465 3
14.699754 55.105408 4
14.699744 55.10561 5
14.699864 55.105534 6
14.699652 55.10564 7
14.700085 55.10577 8
14.700069 55.106052 9
14.700127 55.10581 10
14.700351 55.106136 12
14.700373 55.10618 14
14.699962 55.10561 6A
14.90334 55.075256 1
14.699714 55.10534 2
14.699609 55.105465 3
14.699754 55.105408 4
14.699744 55.10561 5
14.699864 55.105534 6
14.699652 55.10564 7
14.700085 55.10577 8
14.700069 55.106052 9
14.700127 55.10581 10
14.700351 55.106136 12
14.700373 55.10618 14
14.699962 55.10561 6A
14.90334 55.075256 1
14.699714 55.10534 2
14.699609 55.105465 3
14.699754 55.105408 4
14.699744 55.10561 5
14.699864 55.105534 6
14.699652 55.10564 7
14.700085 55.10577 8
14.700069 55.106052 9
14.700127 55.10581 10
14.700351 55.106136 12
14.700373 55.10618 14
14.699962 55.10561 6A
14.90334 55.075256 1
14.699714 55.10534 2
14.699609 55.105465 3
14.699754 55.105408 4
14.699744 55.10561 5
14.699864 55.105534 6
14.699652 55.10564 7
14.700085 55.10577 8
14.700069 55.106052 9
14.700127 55.10581 10
14.700351 55.106136 12
14.700373 55.10618 14
14.699962 55.10561 6A
14.90334 55.075256 1
14.699714 55.10534 2
14.699609 55.105465 3
14.699754 55.105408 4
14.699744 55.10561 5
14.699864 55.105534 6
14.699652 55.10564 7
14.700085 55.10577 8
14.700069 55.106052 9
14.700127 55.10581 10
14.700351 55.106136 12
14.700373 55.10618 14
14.699962 55.10561 6A
14.90334 55.075256 1
