14.702628 55.09823 2
14.702336 55.09851 3
14.702721 55.0982 4
14.702426 55.098495 5
14.702794 55.098175 6
14.702796 55.098305 9
14.703293 55.09822 11
14.703143 55.098034 8
14.7026 55.098457 7
14.702628 55.09823 2
14.702336 55.09851 3
14.702721 55.0982 4
14.702426 55.098495 5
14.702794 55.098175 6
14.702796 55.098305 9
14.703293 55.09822 11
14.703143 55.098034 8
14.7026 55.098457 7
14.702628 55.09823 2
14.702336 55.09851 3
14.702721 55.0982 4
14.702426 55.098495 5
14.702794 55.098175 6
14.702796 55.098305 9
14.703293 55.09822 11
14.703143 55.098034 8
14.7026 55.098457 7
14.702628 55.09823 2
14.702336 55.09851 3
14.702721 55.0982 4
14.702426 55.098495 5
14.702794 55.098175 6
14.702796 55.098305 9
14.703293 55.09822 11
14.703143 55.098034 8
14.7026 55.098457 7
14.702628 55.09823 2
14.702336 55.09851 3
14.702721 55.0982 4
14.702426 55.098495 5
14.702794 55.098175 6
14.702796 55.098305 9
14.703293 55.09822 11
14.703143 55.098034 8
14.7026 55.098457 7
14.702628 55.09823 2
14.702336 55.09851 3
14.702721 55.0982 4
14.702426 55.098495 5
14.702794 55.098175 6
14.702796 55.098305 9
14.703293 55.09822 11
14.703143 55.098034 8
14.7026 55.098457 7
