14.826815 55.14069 3
14.840098 55.139233 4
14.833102 55.14137 5
14.8421 55.1442 6
14.837893 55.143185 7
14.841664 55.145153 8
14.826815 55.14069 3
14.840098 55.139233 4
14.833102 55.14137 5
14.8421 55.1442 6
14.837893 55.143185 7
14.841664 55.145153 8
14.826815 55.14069 3
14.840098 55.139233 4
14.833102 55.14137 5
14.8421 55.1442 6
14.837893 55.143185 7
14.841664 55.145153 8
14.826815 55.14069 3
14.840098 55.139233 4
14.833102 55.14137 5
14.8421 55.1442 6
14.837893 55.143185 7
14.841664 55.145153 8
14.826815 55.14069 3
14.840098 55.139233 4
14.833102 55.14137 5
14.8421 55.1442 6
14.837893 55.143185 7
14.841664 55.145153 8
14.826815 55.14069 3
14.840098 55.139233 4
14.833102 55.14137 5
14.8421 55.1442 6
14.837893 55.143185 7
14.841664 55.145153 8
