14.715591 55.104 106
14.714771 55.105614 107
14.715035 55.10482 100
14.715122 55.104694 101
14.715205 55.104572 102
14.715301 55.10442 103
14.715408 55.104267 104
14.715525 55.104115 105
14.714857 55.1055 108
14.714937 55.105377 109
14.71502 55.105247 110
14.715122 55.105114 111
14.715208 55.10499 112
14.715295 55.104874 113
14.715378 55.104744 114
14.715467 55.104618 115
14.715558 55.104492 116
14.715673 55.10432 117
14.714599 55.10544 95
14.71468 55.105324 96
14.714771 55.10519 97
14.714866 55.105064 98
14.714938 55.104946 99
14.71577 55.104168 118
14.714509 55.105564 94
14.715591 55.104 106
14.714771 55.105614 107
14.715035 55.10482 100
14.715122 55.104694 101
14.715205 55.104572 102
14.715301 55.10442 103
14.715408 55.104267 104
14.715525 55.104115 105
14.714857 55.1055 108
14.714937 55.105377 109
14.71502 55.105247 110
14.715122 55.105114 111
14.715208 55.10499 112
14.715295 55.104874 113
14.715378 55.104744 114
14.715467 55.104618 115
14.715558 55.104492 116
14.715673 55.10432 117
14.714599 55.10544 95
14.71468 55.105324 96
14.714771 55.10519 97
14.714866 55.105064 98
14.714938 55.104946 99
14.71577 55.104168 118
14.714509 55.105564 94
14.715591 55.104 106
14.714771 55.105614 107
14.715035 55.10482 100
14.715122 55.104694 101
14.715205 55.104572 102
14.715301 55.10442 103
14.715408 55.104267 104
14.715525 55.104115 105
14.714857 55.1055 108
14.714937 55.105377 109
14.71502 55.105247 110
14.715122 55.105114 111
14.715208 55.10499 112
14.715295 55.104874 113
14.715378 55.104744 114
14.715467 55.104618 115
14.715558 55.104492 116
14.715673 55.10432 117
14.714599 55.10544 95
14.71468 55.105324 96
14.714771 55.10519 97
14.714866 55.105064 98
14.714938 55.104946 99
14.71577 55.104168 118
14.714509 55.105564 94
14.715591 55.104 106
14.714771 55.105614 107
14.715035 55.10482 100
14.715122 55.104694 101
14.715205 55.104572 102
14.715301 55.10442 103
14.715408 55.104267 104
14.715525 55.104115 105
14.714857 55.1055 108
14.714937 55.105377 109
14.71502 55.105247 110
14.715122 55.105114 111
14.715208 55.10499 112
14.715295 55.104874 113
14.715378 55.104744 114
14.715467 55.104618 115
14.715558 55.104492 116
14.715673 55.10432 117
14.714599 55.10544 95
14.71468 55.105324 96
14.714771 55.10519 97
14.714866 55.105064 98
14.714938 55.104946 99
14.71577 55.104168 118
14.714509 55.105564 94
14.715591 55.104 106
14.714771 55.105614 107
14.715035 55.10482 100
14.715122 55.104694 101
14.715205 55.104572 102
14.715301 55.10442 103
14.715408 55.104267 104
14.715525 55.104115 105
14.714857 55.1055 108
14.714937 55.105377 109
14.71502 55.105247 110
14.715122 55.105114 111
14.715208 55.10499 112
14.715295 55.104874 113
14.715378 55.104744 114
14.715467 55.104618 115
14.715558 55.104492 116
14.715673 55.10432 117
14.714599 55.10544 95
14.71468 55.105324 96
14.714771 55.10519 97
14.714866 55.105064 98
14.714938 55.104946 99
14.71577 55.104168 118
14.714509 55.105564 94
14.715591 55.104 106
14.714771 55.105614 107
14.715035 55.10482 100
14.715122 55.104694 101
14.715205 55.104572 102
14.715301 55.10442 103
14.715408 55.104267 104
14.715525 55.104115 105
14.714857 55.1055 108
14.714937 55.105377 109
14.71502 55.105247 110
14.715122 55.105114 111
14.715208 55.10499 112
14.715295 55.104874 113
14.715378 55.104744 114
14.715467 55.104618 115
14.715558 55.104492 116
14.715673 55.10432 117
14.714599 55.10544 95
14.71468 55.105324 96
14.714771 55.10519 97
14.714866 55.105064 98
14.714938 55.104946 99
14.71577 55.104168 118
14.714509 55.105564 94
