14.703058 55.091972 2
14.703258 55.09223 3
14.703595 55.092083 4
14.703396 55.092236 5
14.70377 55.092102 6
14.703522 55.092243 7
14.7041 55.092133 8
14.80013 55.27829 2
14.703058 55.091972 2
14.703258 55.09223 3
14.703595 55.092083 4
14.703396 55.092236 5
14.70377 55.092102 6
14.703522 55.092243 7
14.7041 55.092133 8
14.80013 55.27829 2
14.703058 55.091972 2
14.703258 55.09223 3
14.703595 55.092083 4
14.703396 55.092236 5
14.70377 55.092102 6
14.703522 55.092243 7
14.7041 55.092133 8
14.80013 55.27829 2
14.703058 55.091972 2
14.703258 55.09223 3
14.703595 55.092083 4
14.703396 55.092236 5
14.70377 55.092102 6
14.703522 55.092243 7
14.7041 55.092133 8
14.80013 55.27829 2
14.703058 55.091972 2
14.703258 55.09223 3
14.703595 55.092083 4
14.703396 55.092236 5
14.70377 55.092102 6
14.703522 55.092243 7
14.7041 55.092133 8
14.80013 55.27829 2
14.703058 55.091972 2
14.703258 55.09223 3
14.703595 55.092083 4
14.703396 55.092236 5
14.70377 55.092102 6
14.703522 55.092243 7
14.7041 55.092133 8
14.80013 55.27829 2
