14.761416 55.13832 2
14.761763 55.13887 3
14.76169 55.138466 4
14.762073 55.139053 5
14.762093 55.13859 6
14.762423 55.138752 8
14.762815 55.138935 10
14.763072 55.139153 12
15.107105 55.0222 1
14.761416 55.13832 2
14.761763 55.13887 3
14.76169 55.138466 4
14.762073 55.139053 5
14.762093 55.13859 6
14.762423 55.138752 8
14.762815 55.138935 10
14.763072 55.139153 12
15.107105 55.0222 1
14.761416 55.13832 2
14.761763 55.13887 3
14.76169 55.138466 4
14.762073 55.139053 5
14.762093 55.13859 6
14.762423 55.138752 8
14.762815 55.138935 10
14.763072 55.139153 12
15.107105 55.0222 1
14.761416 55.13832 2
14.761763 55.13887 3
14.76169 55.138466 4
14.762073 55.139053 5
14.762093 55.13859 6
14.762423 55.138752 8
14.762815 55.138935 10
14.763072 55.139153 12
15.107105 55.0222 1
14.761416 55.13832 2
14.761763 55.13887 3
14.76169 55.138466 4
14.762073 55.139053 5
14.762093 55.13859 6
14.762423 55.138752 8
14.762815 55.138935 10
14.763072 55.139153 12
15.107105 55.0222 1
14.761416 55.13832 2
14.761763 55.13887 3
14.76169 55.138466 4
14.762073 55.139053 5
14.762093 55.13859 6
14.762423 55.138752 8
14.762815 55.138935 10
14.763072 55.139153 12
15.107105 55.0222 1
