14.698109 55.098656 2
14.698341 55.098534 3
14.698139 55.098583 4
14.698359 55.09846 5
14.698166 55.098488 6
14.698471 55.098354 7
14.698364 55.09825 8
14.698617 55.09837 9
14.698514 55.09816 10
14.698732 55.098377 11
14.698499 55.097828 12
14.698608 55.097862 14
14.698618 55.09824 15
14.698776 55.09785 16
14.698771 55.098167 17
14.69884 55.097733 18
14.698778 55.09813 19
14.698882 55.097683 20
14.698819 55.09806 21
14.698744 55.097565 22
14.699017 55.097767 23
14.698797 55.097576 24
14.699062 55.0977 25
14.698928 55.097607 26
14.699094 55.097622 27
14.698948 55.097572 28
14.698971 55.097534 30
14.698975 55.09745 32
14.698811 55.098385 13
