14.697104 55.099243 3
14.697166 55.098812 4
14.697464 55.09928 5
14.697231 55.098732 6
14.69747 55.099464 7
14.697292 55.098675 8
14.697709 55.099377 9
14.697668 55.098675 10
14.698066 55.099213 11A
14.698164 55.099052 13
14.697879 55.09872 14
14.698256 55.098927 15
14.69802 55.09875 16
14.697661 55.098988 20
14.697323 55.099266 3A
14.697104 55.099243 3
14.697166 55.098812 4
14.697464 55.09928 5
14.697231 55.098732 6
14.69747 55.099464 7
14.697292 55.098675 8
14.697709 55.099377 9
14.697668 55.098675 10
14.698066 55.099213 11A
14.698164 55.099052 13
14.697879 55.09872 14
14.698256 55.098927 15
14.69802 55.09875 16
14.697661 55.098988 20
14.697323 55.099266 3A
14.697104 55.099243 3
14.697166 55.098812 4
14.697464 55.09928 5
14.697231 55.098732 6
14.69747 55.099464 7
14.697292 55.098675 8
14.697709 55.099377 9
14.697668 55.098675 10
14.698066 55.099213 11A
14.698164 55.099052 13
14.697879 55.09872 14
14.698256 55.098927 15
14.69802 55.09875 16
14.697661 55.098988 20
14.697323 55.099266 3A
14.697104 55.099243 3
14.697166 55.098812 4
14.697464 55.09928 5
14.697231 55.098732 6
14.69747 55.099464 7
14.697292 55.098675 8
14.697709 55.099377 9
14.697668 55.098675 10
14.698066 55.099213 11A
14.698164 55.099052 13
14.697879 55.09872 14
14.698256 55.098927 15
14.69802 55.09875 16
14.697661 55.098988 20
14.697323 55.099266 3A
14.697104 55.099243 3
14.697166 55.098812 4
14.697464 55.09928 5
14.697231 55.098732 6
14.69747 55.099464 7
14.697292 55.098675 8
14.697709 55.099377 9
14.697668 55.098675 10
14.698066 55.099213 11A
14.698164 55.099052 13
14.697879 55.09872 14
14.698256 55.098927 15
14.69802 55.09875 16
14.697661 55.098988 20
14.697323 55.099266 3A
14.697104 55.099243 3
14.697166 55.098812 4
14.697464 55.09928 5
14.697231 55.098732 6
14.69747 55.099464 7
14.697292 55.098675 8
14.697709 55.099377 9
14.697668 55.098675 10
14.698066 55.099213 11A
14.698164 55.099052 13
14.697879 55.09872 14
14.698256 55.098927 15
14.69802 55.09875 16
14.697661 55.098988 20
14.697323 55.099266 3A
