14.757065 55.13875 3
14.756365 55.13964 4
14.756443 55.13894 6
14.756462 55.138798 8
14.757066 55.138355 9
14.756618 55.138634 10
14.757195 55.138065 11
14.756484 55.138454 12
14.756721 55.137737 14
14.756682 55.137558 16
14.756993 55.136913 16A
14.757485 55.13684 17
14.757014 55.136547 18
14.75762 55.135857 23
14.755741 55.135464 24
14.757072 55.135563 26
14.757486 55.134296 29
14.757161 55.13496 30
14.757077 55.13499 32
14.75699 55.135 34
14.757358 55.132694 35
14.756892 55.135006 36
14.757314 55.132294 37
14.755567 55.134483 38
14.758672 55.129665 43
14.754474 55.13026 58
14.75254 55.128727 62
14.751486 55.127735 64
14.752266 55.125645 66
