14.702154 55.10338 1
14.702371 55.1033 2
14.702207 55.103542 3
14.702546 55.103485 4
14.702433 55.103775 5
14.702609 55.103474 6
14.702474 55.10386 7
14.702666 55.103466 8
14.702503 55.103916 9
14.702731 55.10345 10
14.702527 55.103966 11
14.702786 55.10342 12
14.702571 55.10405 13
14.702841 55.103413 14
14.702596 55.104103 15
14.702891 55.103397 16
14.702621 55.104156 17
14.702611 55.103622 18
14.702704 55.104336 19
14.70267 55.103725 20
14.70269 55.10377 22
14.702828 55.103745 24
14.702737 55.10388 26
14.702766 55.103947 28
14.702794 55.103996 30
14.702827 55.104076 32
14.70286 55.10413 34
14.702934 55.104294 36
14.961631 55.18187 1
