14.696261 55.10271 1
14.696296 55.10255 2
14.696414 55.102543 4
14.696975 55.10254 5
14.696556 55.102505 6
14.697275 55.10247 7
14.696653 55.10248 8
14.697931 55.10232 9
14.696793 55.102448 10
14.696757 55.10247 10A
14.696919 55.102425 10B
14.696731 55.102333 10D
14.696709 55.10228 10E
14.698185 55.102295 11
14.697095 55.102375 12
14.698421 55.102272 13
14.697451 55.102295 14
14.698538 55.102257 15
14.69764 55.102203 16A
14.697835 55.1022 16B
14.698162 55.102154 20
14.698 55.10218 18
14.945295 55.175022 1
14.696261 55.10271 1
14.696296 55.10255 2
14.696414 55.102543 4
14.696975 55.10254 5
14.696556 55.102505 6
14.697275 55.10247 7
14.696653 55.10248 8
14.697931 55.10232 9
14.696793 55.102448 10
14.696757 55.10247 10A
14.696919 55.102425 10B
14.696731 55.102333 10D
14.696709 55.10228 10E
14.698185 55.102295 11
14.697095 55.102375 12
14.698421 55.102272 13
14.697451 55.102295 14
14.698538 55.102257 15
14.69764 55.102203 16A
14.697835 55.1022 16B
14.698162 55.102154 20
14.698 55.10218 18
14.945295 55.175022 1
14.696261 55.10271 1
14.696296 55.10255 2
14.696414 55.102543 4
14.696975 55.10254 5
14.696556 55.102505 6
14.697275 55.10247 7
14.696653 55.10248 8
14.697931 55.10232 9
14.696793 55.102448 10
14.696757 55.10247 10A
14.696919 55.102425 10B
14.696731 55.102333 10D
14.696709 55.10228 10E
14.698185 55.102295 11
14.697095 55.102375 12
14.698421 55.102272 13
14.697451 55.102295 14
14.698538 55.102257 15
14.69764 55.102203 16A
14.697835 55.1022 16B
14.698162 55.102154 20
14.698 55.10218 18
14.945295 55.175022 1
14.696261 55.10271 1
14.696296 55.10255 2
14.696414 55.102543 4
14.696975 55.10254 5
14.696556 55.102505 6
14.697275 55.10247 7
14.696653 55.10248 8
14.697931 55.10232 9
14.696793 55.102448 10
14.696757 55.10247 10A
14.696919 55.102425 10B
14.696731 55.102333 10D
14.696709 55.10228 10E
14.698185 55.102295 11
14.697095 55.102375 12
14.698421 55.102272 13
14.697451 55.102295 14
14.698538 55.102257 15
14.69764 55.102203 16A
14.697835 55.1022 16B
14.698162 55.102154 20
14.698 55.10218 18
14.945295 55.175022 1
14.696261 55.10271 1
14.696296 55.10255 2
14.696414 55.102543 4
14.696975 55.10254 5
14.696556 55.102505 6
14.697275 55.10247 7
14.696653 55.10248 8
14.697931 55.10232 9
14.696793 55.102448 10
14.696757 55.10247 10A
14.696919 55.102425 10B
14.696731 55.102333 10D
14.696709 55.10228 10E
14.698185 55.102295 11
14.697095 55.102375 12
14.698421 55.102272 13
14.697451 55.102295 14
14.698538 55.102257 15
14.69764 55.102203 16A
14.697835 55.1022 16B
14.698162 55.102154 20
14.698 55.10218 18
14.945295 55.175022 1
14.696261 55.10271 1
14.696296 55.10255 2
14.696414 55.102543 4
14.696975 55.10254 5
14.696556 55.102505 6
14.697275 55.10247 7
14.696653 55.10248 8
14.697931 55.10232 9
14.696793 55.102448 10
14.696757 55.10247 10A
14.696919 55.102425 10B
14.696731 55.102333 10D
14.696709 55.10228 10E
14.698185 55.102295 11
14.697095 55.102375 12
14.698421 55.102272 13
14.697451 55.102295 14
14.698538 55.102257 15
14.69764 55.102203 16A
14.697835 55.1022 16B
14.698162 55.102154 20
14.698 55.10218 18
14.945295 55.175022 1
