14.701291 55.108246 1
14.702141 55.108265 2
14.701227 55.108192 3
14.702166 55.108295 4
14.7011 55.108204 5
14.702189 55.10833 6
14.700934 55.108246 7
14.702211 55.108368 8
14.700893 55.10829 9
14.700903 55.108356 11
14.702257 55.10844 12
14.700979 55.10848 13
14.702279 55.10848 14
14.701025 55.108536 15
14.702302 55.108513 16
14.701151 55.108532 17
14.702325 55.10855 18
14.701073 55.108673 19
14.702348 55.10859 20
14.70099 55.108723 21
14.70237 55.108624 22
14.701056 55.10883 23
14.702393 55.10866 24
14.70111 55.108913 25
14.702416 55.1087 26
14.701239 55.108913 27
14.702436 55.108734 28
14.701375 55.10887 29
14.702125 55.10874 30
14.702064 55.108746 32
14.702003 55.10876 34
14.701942 55.108772 36
14.701881 55.108784 38
14.70182 55.1088 40
14.701759 55.10881 42
14.701698 55.108826 44
14.701637 55.108837 46
14.701566 55.108856 48
14.702234 55.108406 10
15.136367 55.066696 1
