14.695713 55.10338 2
14.696076 55.10343 3
14.696036 55.10333 4
14.849146 55.23354 8
14.856317 55.24041 1
14.695713 55.10338 2
14.696076 55.10343 3
14.696036 55.10333 4
14.849146 55.23354 8
14.856317 55.24041 1
14.695713 55.10338 2
14.696076 55.10343 3
14.696036 55.10333 4
14.849146 55.23354 8
14.856317 55.24041 1
14.695713 55.10338 2
14.696076 55.10343 3
14.696036 55.10333 4
14.849146 55.23354 8
14.856317 55.24041 1
14.695713 55.10338 2
14.696076 55.10343 3
14.696036 55.10333 4
14.849146 55.23354 8
14.856317 55.24041 1
14.695713 55.10338 2
14.696076 55.10343 3
14.696036 55.10333 4
14.849146 55.23354 8
14.856317 55.24041 1
