14.752419 55.103374 2
14.752995 55.103592 3
14.754046 55.10324 4
14.753413 55.103634 5
14.754774 55.103188 6
14.753634 55.103546 7
14.758739 55.101643 8
14.753917 55.10358 9
14.764705 55.097145 10
14.754116 55.103497 11
14.754392 55.1035 13
14.771389 55.09907 14
14.754622 55.10345 15
14.774776 55.100765 16
14.757512 55.102634 17
14.776049 55.100853 18
14.765772 55.102425 19
14.77821 55.101242 20
14.768203 55.10531 21
14.781239 55.101677 22
14.768939 55.103546 23
14.774368 55.102497 27
14.776587 55.102745 29
14.888614 55.090546 1
14.752419 55.103374 2
14.752995 55.103592 3
14.754046 55.10324 4
14.753413 55.103634 5
14.754774 55.103188 6
14.753634 55.103546 7
14.758739 55.101643 8
14.753917 55.10358 9
14.764705 55.097145 10
14.754116 55.103497 11
14.754392 55.1035 13
14.771389 55.09907 14
14.754622 55.10345 15
14.774776 55.100765 16
14.757512 55.102634 17
14.776049 55.100853 18
14.765772 55.102425 19
14.77821 55.101242 20
14.768203 55.10531 21
14.781239 55.101677 22
14.768939 55.103546 23
14.774368 55.102497 27
14.776587 55.102745 29
14.888614 55.090546 1
14.752419 55.103374 2
14.752995 55.103592 3
14.754046 55.10324 4
14.753413 55.103634 5
14.754774 55.103188 6
14.753634 55.103546 7
14.758739 55.101643 8
14.753917 55.10358 9
14.764705 55.097145 10
14.754116 55.103497 11
14.754392 55.1035 13
14.771389 55.09907 14
14.754622 55.10345 15
14.774776 55.100765 16
14.757512 55.102634 17
14.776049 55.100853 18
14.765772 55.102425 19
14.77821 55.101242 20
14.768203 55.10531 21
14.781239 55.101677 22
14.768939 55.103546 23
14.774368 55.102497 27
14.776587 55.102745 29
14.888614 55.090546 1
14.752419 55.103374 2
14.752995 55.103592 3
14.754046 55.10324 4
14.753413 55.103634 5
14.754774 55.103188 6
14.753634 55.103546 7
14.758739 55.101643 8
14.753917 55.10358 9
14.764705 55.097145 10
14.754116 55.103497 11
14.754392 55.1035 13
14.771389 55.09907 14
14.754622 55.10345 15
14.774776 55.100765 16
14.757512 55.102634 17
14.776049 55.100853 18
14.765772 55.102425 19
14.77821 55.101242 20
14.768203 55.10531 21
14.781239 55.101677 22
14.768939 55.103546 23
14.774368 55.102497 27
14.776587 55.102745 29
14.888614 55.090546 1
14.752419 55.103374 2
14.752995 55.103592 3
14.754046 55.10324 4
14.753413 55.103634 5
14.754774 55.103188 6
14.753634 55.103546 7
14.758739 55.101643 8
14.753917 55.10358 9
14.764705 55.097145 10
14.754116 55.103497 11
14.754392 55.1035 13
14.771389 55.09907 14
14.754622 55.10345 15
14.774776 55.100765 16
14.757512 55.102634 17
14.776049 55.100853 18
14.765772 55.102425 19
14.77821 55.101242 20
14.768203 55.10531 21
14.781239 55.101677 22
14.768939 55.103546 23
14.774368 55.102497 27
14.776587 55.102745 29
14.888614 55.090546 1
14.752419 55.103374 2
14.752995 55.103592 3
14.754046 55.10324 4
14.753413 55.103634 5
14.754774 55.103188 6
14.753634 55.103546 7
14.758739 55.101643 8
14.753917 55.10358 9
14.764705 55.097145 10
14.754116 55.103497 11
14.754392 55.1035 13
14.771389 55.09907 14
14.754622 55.10345 15
14.774776 55.100765 16
14.757512 55.102634 17
14.776049 55.100853 18
14.765772 55.102425 19
14.77821 55.101242 20
14.768203 55.10531 21
14.781239 55.101677 22
14.768939 55.103546 23
14.774368 55.102497 27
14.776587 55.102745 29
14.888614 55.090546 1
