14.696946 55.103573 1
14.697033 55.103477 2
14.696751 55.103413 2A
14.697167 55.10357 3
14.697171 55.10347 4
14.697295 55.103573 5
14.69728 55.103474 6
14.697703 55.10362 7
14.697455 55.103485 8
14.697646 55.103497 10
14.698345 55.10382 11
14.698091 55.10358 12
14.698586 55.10384 13
14.6982 55.103592 14
14.698758 55.103912 15
14.698395 55.103638 16
14.698837 55.103947 17
14.698627 55.103706 18
14.698916 55.103985 19
14.698757 55.103767 20
14.699057 55.104046 21
14.698862 55.103817 22
14.699258 55.103912 24
14.698097 55.103687 9
