14.704834 55.103848 3
14.704033 55.103657 4
14.704931 55.10385 5
14.704118 55.103664 6
14.705034 55.10386 7
14.70422 55.103672 8
14.705136 55.103867 9
14.704289 55.103676 10
14.705327 55.104088 11
14.704405 55.103683 12
14.704485 55.10369 14
14.705581 55.103924 15
14.704587 55.1037 16
14.705681 55.103928 17
14.704662 55.103703 18
14.705882 55.103947 19
14.704779 55.103714 20
14.705985 55.103954 21
14.704867 55.103718 22
14.706181 55.10397 23
14.704948 55.103725 24
14.70628 55.103973 25
14.705024 55.10373 26
14.706487 55.10399 27
14.705178 55.103745 28
14.706591 55.103996 29
14.705264 55.10375 30
14.706818 55.104015 31
14.705339 55.103756 32
14.706916 55.104023 33
14.705454 55.103764 34
14.707195 55.10404 35
14.705546 55.103767 36
15.127188 55.059998 4
14.704834 55.103848 3
14.704033 55.103657 4
14.704931 55.10385 5
14.704118 55.103664 6
14.705034 55.10386 7
14.70422 55.103672 8
14.705136 55.103867 9
14.704289 55.103676 10
14.705327 55.104088 11
14.704405 55.103683 12
14.704485 55.10369 14
14.705581 55.103924 15
14.704587 55.1037 16
14.705681 55.103928 17
14.704662 55.103703 18
14.705882 55.103947 19
14.704779 55.103714 20
14.705985 55.103954 21
14.704867 55.103718 22
14.706181 55.10397 23
14.704948 55.103725 24
14.70628 55.103973 25
14.705024 55.10373 26
14.706487 55.10399 27
14.705178 55.103745 28
14.706591 55.103996 29
14.705264 55.10375 30
14.706818 55.104015 31
14.705339 55.103756 32
14.706916 55.104023 33
14.705454 55.103764 34
14.707195 55.10404 35
14.705546 55.103767 36
15.127188 55.059998 4
14.704834 55.103848 3
14.704033 55.103657 4
14.704931 55.10385 5
14.704118 55.103664 6
14.705034 55.10386 7
14.70422 55.103672 8
14.705136 55.103867 9
14.704289 55.103676 10
14.705327 55.104088 11
14.704405 55.103683 12
14.704485 55.10369 14
14.705581 55.103924 15
14.704587 55.1037 16
14.705681 55.103928 17
14.704662 55.103703 18
14.705882 55.103947 19
14.704779 55.103714 20
14.705985 55.103954 21
14.704867 55.103718 22
14.706181 55.10397 23
14.704948 55.103725 24
14.70628 55.103973 25
14.705024 55.10373 26
14.706487 55.10399 27
14.705178 55.103745 28
14.706591 55.103996 29
14.705264 55.10375 30
14.706818 55.104015 31
14.705339 55.103756 32
14.706916 55.104023 33
14.705454 55.103764 34
14.707195 55.10404 35
14.705546 55.103767 36
15.127188 55.059998 4
14.704834 55.103848 3
14.704033 55.103657 4
14.704931 55.10385 5
14.704118 55.103664 6
14.705034 55.10386 7
14.70422 55.103672 8
14.705136 55.103867 9
14.704289 55.103676 10
14.705327 55.104088 11
14.704405 55.103683 12
14.704485 55.10369 14
14.705581 55.103924 15
14.704587 55.1037 16
14.705681 55.103928 17
14.704662 55.103703 18
14.705882 55.103947 19
14.704779 55.103714 20
14.705985 55.103954 21
14.704867 55.103718 22
14.706181 55.10397 23
14.704948 55.103725 24
14.70628 55.103973 25
14.705024 55.10373 26
14.706487 55.10399 27
14.705178 55.103745 28
14.706591 55.103996 29
14.705264 55.10375 30
14.706818 55.104015 31
14.705339 55.103756 32
14.706916 55.104023 33
14.705454 55.103764 34
14.707195 55.10404 35
14.705546 55.103767 36
15.127188 55.059998 4
14.704834 55.103848 3
14.704033 55.103657 4
14.704931 55.10385 5
14.704118 55.103664 6
14.705034 55.10386 7
14.70422 55.103672 8
14.705136 55.103867 9
14.704289 55.103676 10
14.705327 55.104088 11
14.704405 55.103683 12
14.704485 55.10369 14
14.705581 55.103924 15
14.704587 55.1037 16
14.705681 55.103928 17
14.704662 55.103703 18
14.705882 55.103947 19
14.704779 55.103714 20
14.705985 55.103954 21
14.704867 55.103718 22
14.706181 55.10397 23
14.704948 55.103725 24
14.70628 55.103973 25
14.705024 55.10373 26
14.706487 55.10399 27
14.705178 55.103745 28
14.706591 55.103996 29
14.705264 55.10375 30
14.706818 55.104015 31
14.705339 55.103756 32
14.706916 55.104023 33
14.705454 55.103764 34
14.707195 55.10404 35
14.705546 55.103767 36
15.127188 55.059998 4
14.704834 55.103848 3
14.704033 55.103657 4
14.704931 55.10385 5
14.704118 55.103664 6
14.705034 55.10386 7
14.70422 55.103672 8
14.705136 55.103867 9
14.704289 55.103676 10
14.705327 55.104088 11
14.704405 55.103683 12
14.704485 55.10369 14
14.705581 55.103924 15
14.704587 55.1037 16
14.705681 55.103928 17
14.704662 55.103703 18
14.705882 55.103947 19
14.704779 55.103714 20
14.705985 55.103954 21
14.704867 55.103718 22
14.706181 55.10397 23
14.704948 55.103725 24
14.70628 55.103973 25
14.705024 55.10373 26
14.706487 55.10399 27
14.705178 55.103745 28
14.706591 55.103996 29
14.705264 55.10375 30
14.706818 55.104015 31
14.705339 55.103756 32
14.706916 55.104023 33
14.705454 55.103764 34
14.707195 55.10404 35
14.705546 55.103767 36
15.127188 55.059998 4
