14.699009 55.09871 2
14.699053 55.09863 4
14.699328 55.098503 5
14.699126 55.098515 6
14.699367 55.09842 7
14.699184 55.098423 8
14.699407 55.098335 9
14.699219 55.098366 10
14.699538 55.098003 11
14.699257 55.09829 12
14.699583 55.09795 13
14.699305 55.09822 14
14.699749 55.097904 15
14.699347 55.09797 16
14.69992 55.097904 17
14.69956 55.09778 18
14.699725 55.09781 19
14.69971 55.09764 20
14.699879 55.09772 21
14.699767 55.09759 22
14.699919 55.097656 23
14.699822 55.097534 24
14.69997 55.097595 25
14.699871 55.097473 26
14.700006 55.09754 27
14.699882 55.09733 28
14.70006 55.09747 29
14.700099 55.09741 31
14.96755 55.16567 1
14.699009 55.09871 2
14.699053 55.09863 4
14.699328 55.098503 5
14.699126 55.098515 6
14.699367 55.09842 7
14.699184 55.098423 8
14.699407 55.098335 9
14.699219 55.098366 10
14.699538 55.098003 11
14.699257 55.09829 12
14.699583 55.09795 13
14.699305 55.09822 14
14.699749 55.097904 15
14.699347 55.09797 16
14.69992 55.097904 17
14.69956 55.09778 18
14.699725 55.09781 19
14.69971 55.09764 20
14.699879 55.09772 21
14.699767 55.09759 22
14.699919 55.097656 23
14.699822 55.097534 24
14.69997 55.097595 25
14.699871 55.097473 26
14.700006 55.09754 27
14.699882 55.09733 28
14.70006 55.09747 29
14.700099 55.09741 31
14.96755 55.16567 1
14.699009 55.09871 2
14.699053 55.09863 4
14.699328 55.098503 5
14.699126 55.098515 6
14.699367 55.09842 7
14.699184 55.098423 8
14.699407 55.098335 9
14.699219 55.098366 10
14.699538 55.098003 11
14.699257 55.09829 12
14.699583 55.09795 13
14.699305 55.09822 14
14.699749 55.097904 15
14.699347 55.09797 16
14.69992 55.097904 17
14.69956 55.09778 18
14.699725 55.09781 19
14.69971 55.09764 20
14.699879 55.09772 21
14.699767 55.09759 22
14.699919 55.097656 23
14.699822 55.097534 24
14.69997 55.097595 25
14.699871 55.097473 26
14.700006 55.09754 27
14.699882 55.09733 28
14.70006 55.09747 29
14.700099 55.09741 31
14.96755 55.16567 1
14.699009 55.09871 2
14.699053 55.09863 4
14.699328 55.098503 5
14.699126 55.098515 6
14.699367 55.09842 7
14.699184 55.098423 8
14.699407 55.098335 9
14.699219 55.098366 10
14.699538 55.098003 11
14.699257 55.09829 12
14.699583 55.09795 13
14.699305 55.09822 14
14.699749 55.097904 15
14.699347 55.09797 16
14.69992 55.097904 17
14.69956 55.09778 18
14.699725 55.09781 19
14.69971 55.09764 20
14.699879 55.09772 21
14.699767 55.09759 22
14.699919 55.097656 23
14.699822 55.097534 24
14.69997 55.097595 25
14.699871 55.097473 26
14.700006 55.09754 27
14.699882 55.09733 28
14.70006 55.09747 29
14.700099 55.09741 31
14.96755 55.16567 1
14.699009 55.09871 2
14.699053 55.09863 4
14.699328 55.098503 5
14.699126 55.098515 6
14.699367 55.09842 7
14.699184 55.098423 8
14.699407 55.098335 9
14.699219 55.098366 10
14.699538 55.098003 11
14.699257 55.09829 12
14.699583 55.09795 13
14.699305 55.09822 14
14.699749 55.097904 15
14.699347 55.09797 16
14.69992 55.097904 17
14.69956 55.09778 18
14.699725 55.09781 19
14.69971 55.09764 20
14.699879 55.09772 21
14.699767 55.09759 22
14.699919 55.097656 23
14.699822 55.097534 24
14.69997 55.097595 25
14.699871 55.097473 26
14.700006 55.09754 27
14.699882 55.09733 28
14.70006 55.09747 29
14.700099 55.09741 31
14.96755 55.16567 1
14.699009 55.09871 2
14.699053 55.09863 4
14.699328 55.098503 5
14.699126 55.098515 6
14.699367 55.09842 7
14.699184 55.098423 8
14.699407 55.098335 9
14.699219 55.098366 10
14.699538 55.098003 11
14.699257 55.09829 12
14.699583 55.09795 13
14.699305 55.09822 14
14.699749 55.097904 15
14.699347 55.09797 16
14.69992 55.097904 17
14.69956 55.09778 18
14.699725 55.09781 19
14.69971 55.09764 20
14.699879 55.09772 21
14.699767 55.09759 22
14.699919 55.097656 23
14.699822 55.097534 24
14.69997 55.097595 25
14.699871 55.097473 26
14.700006 55.09754 27
14.699882 55.09733 28
14.70006 55.09747 29
14.700099 55.09741 31
14.96755 55.16567 1
