14.700497 55.10129 1
14.700249 55.101128 2
14.700672 55.10114 3
14.700365 55.100952 4
14.700887 55.101 5
14.701084 55.100853 5B
14.700404 55.1009 6
14.70119 55.100765 7
14.700214 55.10079 8
14.70131 55.10064 9
14.700488 55.100777 10
14.701403 55.100536 11
14.700531 55.10072 12A
14.700554 55.100677 12B
14.700574 55.100636 12C
14.700504 55.10064 12D
14.701482 55.100456 13
14.700578 55.100594 14
14.700657 55.10043 16
14.701041 55.100334 18
14.701329 55.10031 22
14.701475 55.100246 24
14.700497 55.10129 1
14.700249 55.101128 2
14.700672 55.10114 3
14.700365 55.100952 4
14.700887 55.101 5
14.701084 55.100853 5B
14.700404 55.1009 6
14.70119 55.100765 7
14.700214 55.10079 8
14.70131 55.10064 9
14.700488 55.100777 10
14.701403 55.100536 11
14.700531 55.10072 12A
14.700554 55.100677 12B
14.700574 55.100636 12C
14.700504 55.10064 12D
14.701482 55.100456 13
14.700578 55.100594 14
14.700657 55.10043 16
14.701041 55.100334 18
14.701329 55.10031 22
14.701475 55.100246 24
14.700497 55.10129 1
14.700249 55.101128 2
14.700672 55.10114 3
14.700365 55.100952 4
14.700887 55.101 5
14.701084 55.100853 5B
14.700404 55.1009 6
14.70119 55.100765 7
14.700214 55.10079 8
14.70131 55.10064 9
14.700488 55.100777 10
14.701403 55.100536 11
14.700531 55.10072 12A
14.700554 55.100677 12B
14.700574 55.100636 12C
14.700504 55.10064 12D
14.701482 55.100456 13
14.700578 55.100594 14
14.700657 55.10043 16
14.701041 55.100334 18
14.701329 55.10031 22
14.701475 55.100246 24
14.700497 55.10129 1
14.700249 55.101128 2
14.700672 55.10114 3
14.700365 55.100952 4
14.700887 55.101 5
14.701084 55.100853 5B
14.700404 55.1009 6
14.70119 55.100765 7
14.700214 55.10079 8
14.70131 55.10064 9
14.700488 55.100777 10
14.701403 55.100536 11
14.700531 55.10072 12A
14.700554 55.100677 12B
14.700574 55.100636 12C
14.700504 55.10064 12D
14.701482 55.100456 13
14.700578 55.100594 14
14.700657 55.10043 16
14.701041 55.100334 18
14.701329 55.10031 22
14.701475 55.100246 24
14.700497 55.10129 1
14.700249 55.101128 2
14.700672 55.10114 3
14.700365 55.100952 4
14.700887 55.101 5
14.701084 55.100853 5B
14.700404 55.1009 6
14.70119 55.100765 7
14.700214 55.10079 8
14.70131 55.10064 9
14.700488 55.100777 10
14.701403 55.100536 11
14.700531 55.10072 12A
14.700554 55.100677 12B
14.700574 55.100636 12C
14.700504 55.10064 12D
14.701482 55.100456 13
14.700578 55.100594 14
14.700657 55.10043 16
14.701041 55.100334 18
14.701329 55.10031 22
14.701475 55.100246 24
14.700497 55.10129 1
14.700249 55.101128 2
14.700672 55.10114 3
14.700365 55.100952 4
14.700887 55.101 5
14.701084 55.100853 5B
14.700404 55.1009 6
14.70119 55.100765 7
14.700214 55.10079 8
14.70131 55.10064 9
14.700488 55.100777 10
14.701403 55.100536 11
14.700531 55.10072 12A
14.700554 55.100677 12B
14.700574 55.100636 12C
14.700504 55.10064 12D
14.701482 55.100456 13
14.700578 55.100594 14
14.700657 55.10043 16
14.701041 55.100334 18
14.701329 55.10031 22
14.701475 55.100246 24
