14.695246 55.10285 2
14.695166 55.103004 3
14.695281 55.102894 4
14.695237 55.103092 5
14.6953 55.102932 6
14.695292 55.103153 7
14.695366 55.102997 8
14.695347 55.10322 9
14.695456 55.103104 10
14.69556 55.103474 11
14.6955 55.10316 12
14.695629 55.103546 13
14.695594 55.103275 14
14.69582 55.103535 16
14.695802 55.10373 17
14.695889 55.103607 18
14.69587 55.103798 19
14.696022 55.103756 20
14.695949 55.10388 21
14.696062 55.1038 22
14.695994 55.103928 23
14.696144 55.103893 24
14.696093 55.10403 25
14.69648 55.104233 27
14.695733 55.103653 15
14.695246 55.10285 2
14.695166 55.103004 3
14.695281 55.102894 4
14.695237 55.103092 5
14.6953 55.102932 6
14.695292 55.103153 7
14.695366 55.102997 8
14.695347 55.10322 9
14.695456 55.103104 10
14.69556 55.103474 11
14.6955 55.10316 12
14.695629 55.103546 13
14.695594 55.103275 14
14.69582 55.103535 16
14.695802 55.10373 17
14.695889 55.103607 18
14.69587 55.103798 19
14.696022 55.103756 20
14.695949 55.10388 21
14.696062 55.1038 22
14.695994 55.103928 23
14.696144 55.103893 24
14.696093 55.10403 25
14.69648 55.104233 27
14.695733 55.103653 15
14.695246 55.10285 2
14.695166 55.103004 3
14.695281 55.102894 4
14.695237 55.103092 5
14.6953 55.102932 6
14.695292 55.103153 7
14.695366 55.102997 8
14.695347 55.10322 9
14.695456 55.103104 10
14.69556 55.103474 11
14.6955 55.10316 12
14.695629 55.103546 13
14.695594 55.103275 14
14.69582 55.103535 16
14.695802 55.10373 17
14.695889 55.103607 18
14.69587 55.103798 19
14.696022 55.103756 20
14.695949 55.10388 21
14.696062 55.1038 22
14.695994 55.103928 23
14.696144 55.103893 24
14.696093 55.10403 25
14.69648 55.104233 27
14.695733 55.103653 15
14.695246 55.10285 2
14.695166 55.103004 3
14.695281 55.102894 4
14.695237 55.103092 5
14.6953 55.102932 6
14.695292 55.103153 7
14.695366 55.102997 8
14.695347 55.10322 9
14.695456 55.103104 10
14.69556 55.103474 11
14.6955 55.10316 12
14.695629 55.103546 13
14.695594 55.103275 14
14.69582 55.103535 16
14.695802 55.10373 17
14.695889 55.103607 18
14.69587 55.103798 19
14.696022 55.103756 20
14.695949 55.10388 21
14.696062 55.1038 22
14.695994 55.103928 23
14.696144 55.103893 24
14.696093 55.10403 25
14.69648 55.104233 27
14.695733 55.103653 15
14.695246 55.10285 2
14.695166 55.103004 3
14.695281 55.102894 4
14.695237 55.103092 5
14.6953 55.102932 6
14.695292 55.103153 7
14.695366 55.102997 8
14.695347 55.10322 9
14.695456 55.103104 10
14.69556 55.103474 11
14.6955 55.10316 12
14.695629 55.103546 13
14.695594 55.103275 14
14.69582 55.103535 16
14.695802 55.10373 17
14.695889 55.103607 18
14.69587 55.103798 19
14.696022 55.103756 20
14.695949 55.10388 21
14.696062 55.1038 22
14.695994 55.103928 23
14.696144 55.103893 24
14.696093 55.10403 25
14.69648 55.104233 27
14.695733 55.103653 15
14.695246 55.10285 2
14.695166 55.103004 3
14.695281 55.102894 4
14.695237 55.103092 5
14.6953 55.102932 6
14.695292 55.103153 7
14.695366 55.102997 8
14.695347 55.10322 9
14.695456 55.103104 10
14.69556 55.103474 11
14.6955 55.10316 12
14.695629 55.103546 13
14.695594 55.103275 14
14.69582 55.103535 16
14.695802 55.10373 17
14.695889 55.103607 18
14.69587 55.103798 19
14.696022 55.103756 20
14.695949 55.10388 21
14.696062 55.1038 22
14.695994 55.103928 23
14.696144 55.103893 24
14.696093 55.10403 25
14.69648 55.104233 27
14.695733 55.103653 15
