14.701673 55.10486 1
14.701388 55.104797 2
14.701824 55.10484 3
14.701779 55.104725 4
14.701673 55.10486 1
14.701388 55.104797 2
14.701824 55.10484 3
14.701779 55.104725 4
14.701673 55.10486 1
14.701388 55.104797 2
14.701824 55.10484 3
14.701779 55.104725 4
14.701673 55.10486 1
14.701388 55.104797 2
14.701824 55.10484 3
14.701779 55.104725 4
14.701673 55.10486 1
14.701388 55.104797 2
14.701824 55.10484 3
14.701779 55.104725 4
14.701673 55.10486 1
14.701388 55.104797 2
14.701824 55.10484 3
14.701779 55.104725 4
