14.698776 55.099094 1A
14.698926 55.099133 1B
14.699359 55.09916 3
14.94463 55.073223 1
14.698776 55.099094 1A
14.698926 55.099133 1B
14.699359 55.09916 3
14.94463 55.073223 1
14.698776 55.099094 1A
14.698926 55.099133 1B
14.699359 55.09916 3
14.94463 55.073223 1
14.698776 55.099094 1A
14.698926 55.099133 1B
14.699359 55.09916 3
14.94463 55.073223 1
14.698776 55.099094 1A
14.698926 55.099133 1B
14.699359 55.09916 3
14.94463 55.073223 1
14.698776 55.099094 1A
14.698926 55.099133 1B
14.699359 55.09916 3
14.94463 55.073223 1
