14.702927 55.101048 1B
14.703106 55.100903 2
14.702964 55.101086 3
14.703112 55.10097 4A
14.703122 55.101048 4B
14.702997 55.10126 5A
14.703088 55.101673 7
14.703207 55.10135 8
14.703121 55.101765 9
14.70344 55.101467 10
14.703154 55.10187 11
14.703168 55.101982 13
14.703204 55.102066 15
14.703359 55.101894 16
14.703221 55.10213 17
14.704139 55.102062 18A
14.703237 55.10219 19
14.703463 55.102253 20
14.703256 55.10225 21
14.703553 55.10275 22
14.703551 55.102875 24
14.703355 55.103172 25
14.704146 55.102966 26A
14.704287 55.10296 26B
14.704379 55.103096 26C
14.70452 55.103085 26D
14.704058 55.10312 26E
14.703914 55.103127 26F
14.703362 55.103306 27
14.703558 55.10309 28
14.703365 55.103355 29
14.703562 55.10314 30
14.70337 55.103428 31
14.703569 55.103226 32
14.703374 55.10348 33
14.703735 55.103436 34
14.703382 55.103546 35
14.703384 55.1036 37
14.703294 55.103703 39
14.703304 55.103836 41
14.703584 55.1038 42
14.703412 55.104023 43
14.703591 55.10385 44
14.703414 55.104073 45
14.703609 55.103928 46
14.703605 55.103992 46A
14.703421 55.1042 47
14.703611 55.10416 48
14.70343 55.104435 49
14.703648 55.104324 50
14.704075 55.104332 50A
14.703432 55.10452 51
14.70366 55.104507 52
14.703436 55.104576 53
14.703669 55.10456 54
14.70344 55.104668 55
14.703675 55.104645 56
14.703445 55.104713 57
14.703682 55.1049 58
14.703475 55.1049 59
14.703686 55.104958 60
14.703482 55.105137 61
14.70369 55.10508 62
14.703486 55.10521 63
14.703708 55.105385 64
14.703717 55.10548 66
14.703499 55.10538 67
14.703718 55.10554 68
14.703503 55.105457 69
14.703737 55.1057 70
14.704139 55.105675 70A
14.703506 55.10551 71
14.703696 55.10597 72
14.703518 55.10556 73
14.703684 55.10614 74
14.70347 55.10567 75
14.703485 55.105976 75A
14.703684 55.106205 76
14.703482 55.10609 77
14.703683 55.10629 78
14.703483 55.10615 79
14.703685 55.106346 80
14.703474 55.10623 81
14.703698 55.106464 82
14.703473 55.106297 83
14.703718 55.106525 84
14.703495 55.10638 85
14.70374 55.10662 86
14.703497 55.10643 87
14.70376 55.10667 88
14.703506 55.10651 89
14.703785 55.10676 90
14.703523 55.10656 91
14.703545 55.10664 93
14.703821 55.106888 94A
14.703885 55.106934 94B
14.703564 55.10669 95
14.703862 55.107018 96A
14.703936 55.10707 96B
14.703582 55.106773 97
14.70395 55.107166 98
14.703596 55.106827 99
14.703629 55.106934 101
14.704094 55.107334 102
14.703646 55.106987 103
14.704122 55.107388 104
14.703663 55.107067 105
14.704262 55.107674 106
14.703674 55.10712 107
14.704303 55.10774 108
14.703694 55.107204 109
14.704341 55.1078 110
14.703716 55.10728 111
14.703283 55.107517 111A
14.704374 55.107857 112
14.70377 55.107414 113
14.70452 55.108112 114
14.703804 55.10747 115
14.704756 55.108376 116
14.703837 55.10753 117
14.703925 55.107704 119
14.70401 55.10785 121
14.704183 55.108257 123
14.703742 55.108345 123C
14.704239 55.108494 125
14.703984 55.10723 100
14.703802 55.106808 92
14.703494 55.10529 65
14.703364 55.101715 14
14.703333 55.10158 12
14.703456 55.102123 18
14.702874 55.10101 1A
14.703152 55.101215 6
