14.716964 55.09025 4
14.71704 55.090206 6
14.717107 55.090168 8
14.717178 55.09013 10
14.717251 55.090088 12
14.717324 55.09005 14
14.717401 55.090008 16
15.007955 54.999687 1
14.716964 55.09025 4
14.71704 55.090206 6
14.717107 55.090168 8
14.717178 55.09013 10
14.717251 55.090088 12
14.717324 55.09005 14
14.717401 55.090008 16
15.007955 54.999687 1
14.716964 55.09025 4
14.71704 55.090206 6
14.717107 55.090168 8
14.717178 55.09013 10
14.717251 55.090088 12
14.717324 55.09005 14
14.717401 55.090008 16
15.007955 54.999687 1
14.716964 55.09025 4
14.71704 55.090206 6
14.717107 55.090168 8
14.717178 55.09013 10
14.717251 55.090088 12
14.717324 55.09005 14
14.717401 55.090008 16
15.007955 54.999687 1
14.716964 55.09025 4
14.71704 55.090206 6
14.717107 55.090168 8
14.717178 55.09013 10
14.717251 55.090088 12
14.717324 55.09005 14
14.717401 55.090008 16
15.007955 54.999687 1
14.716964 55.09025 4
14.71704 55.090206 6
14.717107 55.090168 8
14.717178 55.09013 10
14.717251 55.090088 12
14.717324 55.09005 14
14.717401 55.090008 16
15.007955 54.999687 1
