14.711399 55.094448 4
14.711736 55.09439 6
14.714103 55.093952 12
14.71404 55.09389 14
14.713972 55.09382 16
14.713904 55.09375 18
14.714439 55.09388 20
14.714377 55.09382 22
14.713952 55.09425 23
14.714311 55.09375 24
14.714236 55.093674 26
14.714706 55.09374 30
14.714633 55.093662 32
14.714567 55.09359 34
14.714485 55.09351 36
14.715101 55.093727 38
14.715028 55.093655 40
14.714958 55.093575 42
14.71489 55.09351 44
14.714797 55.09341 46
14.714941 55.093388 48
14.71429 55.093494 50
14.714791 55.093826 28
14.711399 55.094448 4
14.711736 55.09439 6
14.714103 55.093952 12
14.71404 55.09389 14
14.713972 55.09382 16
14.713904 55.09375 18
14.714439 55.09388 20
14.714377 55.09382 22
14.713952 55.09425 23
14.714311 55.09375 24
14.714236 55.093674 26
14.714706 55.09374 30
14.714633 55.093662 32
14.714567 55.09359 34
14.714485 55.09351 36
14.715101 55.093727 38
14.715028 55.093655 40
14.714958 55.093575 42
14.71489 55.09351 44
14.714797 55.09341 46
14.714941 55.093388 48
14.71429 55.093494 50
14.714791 55.093826 28
14.711399 55.094448 4
14.711736 55.09439 6
14.714103 55.093952 12
14.71404 55.09389 14
14.713972 55.09382 16
14.713904 55.09375 18
14.714439 55.09388 20
14.714377 55.09382 22
14.713952 55.09425 23
14.714311 55.09375 24
14.714236 55.093674 26
14.714706 55.09374 30
14.714633 55.093662 32
14.714567 55.09359 34
14.714485 55.09351 36
14.715101 55.093727 38
14.715028 55.093655 40
14.714958 55.093575 42
14.71489 55.09351 44
14.714797 55.09341 46
14.714941 55.093388 48
14.71429 55.093494 50
14.714791 55.093826 28
14.711399 55.094448 4
14.711736 55.09439 6
14.714103 55.093952 12
14.71404 55.09389 14
14.713972 55.09382 16
14.713904 55.09375 18
14.714439 55.09388 20
14.714377 55.09382 22
14.713952 55.09425 23
14.714311 55.09375 24
14.714236 55.093674 26
14.714706 55.09374 30
14.714633 55.093662 32
14.714567 55.09359 34
14.714485 55.09351 36
14.715101 55.093727 38
14.715028 55.093655 40
14.714958 55.093575 42
14.71489 55.09351 44
14.714797 55.09341 46
14.714941 55.093388 48
14.71429 55.093494 50
14.714791 55.093826 28
14.711399 55.094448 4
14.711736 55.09439 6
14.714103 55.093952 12
14.71404 55.09389 14
14.713972 55.09382 16
14.713904 55.09375 18
14.714439 55.09388 20
14.714377 55.09382 22
14.713952 55.09425 23
14.714311 55.09375 24
14.714236 55.093674 26
14.714706 55.09374 30
14.714633 55.093662 32
14.714567 55.09359 34
14.714485 55.09351 36
14.715101 55.093727 38
14.715028 55.093655 40
14.714958 55.093575 42
14.71489 55.09351 44
14.714797 55.09341 46
14.714941 55.093388 48
14.71429 55.093494 50
14.714791 55.093826 28
14.711399 55.094448 4
14.711736 55.09439 6
14.714103 55.093952 12
14.71404 55.09389 14
14.713972 55.09382 16
14.713904 55.09375 18
14.714439 55.09388 20
14.714377 55.09382 22
14.713952 55.09425 23
14.714311 55.09375 24
14.714236 55.093674 26
14.714706 55.09374 30
14.714633 55.093662 32
14.714567 55.09359 34
14.714485 55.09351 36
14.715101 55.093727 38
14.715028 55.093655 40
14.714958 55.093575 42
14.71489 55.09351 44
14.714797 55.09341 46
14.714941 55.093388 48
14.71429 55.093494 50
14.714791 55.093826 28
