14.700645 55.09699 3
14.700394 55.096992 4
14.700796 55.096874 5
14.700223 55.096886 6
14.700876 55.09681 7
14.700401 55.09688 8
14.700989 55.096745 9
14.700521 55.096905 10
14.70108 55.096676 11
14.700651 55.09682 12A
14.700425 55.096672 12B
14.701145 55.09664 13
14.70078 55.096725 14
14.70169 55.096264 15A
14.701736 55.0962 15B
14.7018 55.09611 15C
14.700868 55.09666 16
14.701837 55.09601 17
14.700952 55.096592 18
14.701878 55.095963 19
14.701051 55.09654 20
14.70224 55.0956 21
14.701112 55.096493 22
14.702478 55.09535 23
14.701198 55.096405 24
14.702523 55.095276 25
14.701342 55.09626 26
14.701399 55.096203 28
14.701445 55.096157 30
14.701516 55.09608 32
14.701573 55.096027 34
14.701636 55.095966 36
14.701838 55.095757 38
14.701895 55.09571 40
14.701931 55.095673 42
14.702128 55.09548 44
14.702171 55.09543 46
14.702228 55.095383 48
14.702307 55.095238 50
14.700416 55.097153 1
