14.712853 55.102535 3
14.712754 55.102703 5
14.71264 55.102875 7
14.712521 55.103043 9
14.712398 55.1032 11
14.712259 55.103367 13
14.712125 55.10352 15
14.711982 55.103683 17
14.711962 55.104126 18
14.71167 55.104034 19
14.711854 55.104263 20
14.711743 55.104404 22
14.71145 55.104313 23
14.711638 55.104546 24
14.711343 55.104446 25
14.711527 55.104683 26
14.711242 55.104607 27
14.711422 55.104816 28
14.711109 55.10475 29
14.711317 55.104954 30
14.711006 55.104897 31
14.711209 55.105087 32
14.710888 55.105034 33
14.711104 55.105225 34
14.710781 55.10517 35
14.711018 55.105347 36
14.710718 55.105328 37
14.71295 55.103 8
14.711559 55.104176 21
14.986707 55.00286 1
