14.709613 55.10626 5
14.70924 55.106407 7
14.709571 55.10645 9
14.710609 55.10639 10
14.709915 55.106483 11
14.709751 55.10777 12
14.711003 55.107994 12A
14.711014 55.10795 12B
14.709613 55.10626 5
14.70924 55.106407 7
14.709571 55.10645 9
14.710609 55.10639 10
14.709915 55.106483 11
14.709751 55.10777 12
14.711003 55.107994 12A
14.711014 55.10795 12B
14.709613 55.10626 5
14.70924 55.106407 7
14.709571 55.10645 9
14.710609 55.10639 10
14.709915 55.106483 11
14.709751 55.10777 12
14.711003 55.107994 12A
14.711014 55.10795 12B
14.709613 55.10626 5
14.70924 55.106407 7
14.709571 55.10645 9
14.710609 55.10639 10
14.709915 55.106483 11
14.709751 55.10777 12
14.711003 55.107994 12A
14.711014 55.10795 12B
14.709613 55.10626 5
14.70924 55.106407 7
14.709571 55.10645 9
14.710609 55.10639 10
14.709915 55.106483 11
14.709751 55.10777 12
14.711003 55.107994 12A
14.711014 55.10795 12B
14.709613 55.10626 5
14.70924 55.106407 7
14.709571 55.10645 9
14.710609 55.10639 10
14.709915 55.106483 11
14.709751 55.10777 12
14.711003 55.107994 12A
14.711014 55.10795 12B
