14.71054 55.09826 2
14.710171 55.097973 3
14.710182 55.098106 5
14.710185 55.098244 7
14.710199 55.098396 9
14.710093 55.098564 11
14.71054 55.09826 2
14.710171 55.097973 3
14.710182 55.098106 5
14.710185 55.098244 7
14.710199 55.098396 9
14.710093 55.098564 11
14.71054 55.09826 2
14.710171 55.097973 3
14.710182 55.098106 5
14.710185 55.098244 7
14.710199 55.098396 9
14.710093 55.098564 11
14.71054 55.09826 2
14.710171 55.097973 3
14.710182 55.098106 5
14.710185 55.098244 7
14.710199 55.098396 9
14.710093 55.098564 11
14.71054 55.09826 2
14.710171 55.097973 3
14.710182 55.098106 5
14.710185 55.098244 7
14.710199 55.098396 9
14.710093 55.098564 11
14.71054 55.09826 2
14.710171 55.097973 3
14.710182 55.098106 5
14.710185 55.098244 7
14.710199 55.098396 9
14.710093 55.098564 11
