14.698557 55.098114 3
14.698405 55.09798 6
14.698521 55.098007 8
14.698635 55.098034 10
14.698491 55.0979 6A
14.698557 55.098114 3
14.698405 55.09798 6
14.698521 55.098007 8
14.698635 55.098034 10
14.698491 55.0979 6A
14.698557 55.098114 3
14.698405 55.09798 6
14.698521 55.098007 8
14.698635 55.098034 10
14.698491 55.0979 6A
14.698557 55.098114 3
14.698405 55.09798 6
14.698521 55.098007 8
14.698635 55.098034 10
14.698491 55.0979 6A
14.698557 55.098114 3
14.698405 55.09798 6
14.698521 55.098007 8
14.698635 55.098034 10
14.698491 55.0979 6A
14.698557 55.098114 3
14.698405 55.09798 6
14.698521 55.098007 8
14.698635 55.098034 10
14.698491 55.0979 6A
