14.75389 55.139572 3
14.753221 55.138973 4
14.753818 55.139317 5
14.753778 55.139126 7
14.753717 55.1389 9
14.753726 55.138706 11
14.753643 55.13849 13
14.75389 55.139572 3
14.753221 55.138973 4
14.753818 55.139317 5
14.753778 55.139126 7
14.753717 55.1389 9
14.753726 55.138706 11
14.753643 55.13849 13
14.75389 55.139572 3
14.753221 55.138973 4
14.753818 55.139317 5
14.753778 55.139126 7
14.753717 55.1389 9
14.753726 55.138706 11
14.753643 55.13849 13
14.75389 55.139572 3
14.753221 55.138973 4
14.753818 55.139317 5
14.753778 55.139126 7
14.753717 55.1389 9
14.753726 55.138706 11
14.753643 55.13849 13
14.75389 55.139572 3
14.753221 55.138973 4
14.753818 55.139317 5
14.753778 55.139126 7
14.753717 55.1389 9
14.753726 55.138706 11
14.753643 55.13849 13
14.75389 55.139572 3
14.753221 55.138973 4
14.753818 55.139317 5
14.753778 55.139126 7
14.753717 55.1389 9
14.753726 55.138706 11
14.753643 55.13849 13
