14.757083 55.140438 2
14.756601 55.14058 3
14.757555 55.140907 4
14.756847 55.140743 5
14.757828 55.14082 6
14.756988 55.14089 7
14.758131 55.14074 8
14.757089 55.141052 9
14.757435 55.141323 11
14.758616 55.141468 12
14.759088 55.142834 14
14.758266 55.141586 12A
14.757083 55.140438 2
14.756601 55.14058 3
14.757555 55.140907 4
14.756847 55.140743 5
14.757828 55.14082 6
14.756988 55.14089 7
14.758131 55.14074 8
14.757089 55.141052 9
14.757435 55.141323 11
14.758616 55.141468 12
14.759088 55.142834 14
14.758266 55.141586 12A
14.757083 55.140438 2
14.756601 55.14058 3
14.757555 55.140907 4
14.756847 55.140743 5
14.757828 55.14082 6
14.756988 55.14089 7
14.758131 55.14074 8
14.757089 55.141052 9
14.757435 55.141323 11
14.758616 55.141468 12
14.759088 55.142834 14
14.758266 55.141586 12A
14.757083 55.140438 2
14.756601 55.14058 3
14.757555 55.140907 4
14.756847 55.140743 5
14.757828 55.14082 6
14.756988 55.14089 7
14.758131 55.14074 8
14.757089 55.141052 9
14.757435 55.141323 11
14.758616 55.141468 12
14.759088 55.142834 14
14.758266 55.141586 12A
14.757083 55.140438 2
14.756601 55.14058 3
14.757555 55.140907 4
14.756847 55.140743 5
14.757828 55.14082 6
14.756988 55.14089 7
14.758131 55.14074 8
14.757089 55.141052 9
14.757435 55.141323 11
14.758616 55.141468 12
14.759088 55.142834 14
14.758266 55.141586 12A
14.757083 55.140438 2
14.756601 55.14058 3
14.757555 55.140907 4
14.756847 55.140743 5
14.757828 55.14082 6
14.756988 55.14089 7
14.758131 55.14074 8
14.757089 55.141052 9
14.757435 55.141323 11
14.758616 55.141468 12
14.759088 55.142834 14
14.758266 55.141586 12A
