14.702542 55.11122 2
14.701535 55.111115 5
14.701626 55.111324 9
14.701192 55.1115 11
14.701088 55.111664 13
14.701086 55.111874 15
14.701473 55.111626 17
14.701655 55.11176 19
14.702038 55.111435 25
14.702079 55.111523 27
14.70212 55.11162 29
14.702366 55.111694 33
14.702489 55.111675 35
14.702739 55.111637 37
14.702868 55.11162 39
14.702852 55.111427 41
14.702812 55.11134 43
14.703112 55.111225 6
14.702159 55.111702 31
14.702542 55.11122 2
14.701535 55.111115 5
14.701626 55.111324 9
14.701192 55.1115 11
14.701088 55.111664 13
14.701086 55.111874 15
14.701473 55.111626 17
14.701655 55.11176 19
14.702038 55.111435 25
14.702079 55.111523 27
14.70212 55.11162 29
14.702366 55.111694 33
14.702489 55.111675 35
14.702739 55.111637 37
14.702868 55.11162 39
14.702852 55.111427 41
14.702812 55.11134 43
14.703112 55.111225 6
14.702159 55.111702 31
14.702542 55.11122 2
14.701535 55.111115 5
14.701626 55.111324 9
14.701192 55.1115 11
14.701088 55.111664 13
14.701086 55.111874 15
14.701473 55.111626 17
14.701655 55.11176 19
14.702038 55.111435 25
14.702079 55.111523 27
14.70212 55.11162 29
14.702366 55.111694 33
14.702489 55.111675 35
14.702739 55.111637 37
14.702868 55.11162 39
14.702852 55.111427 41
14.702812 55.11134 43
14.703112 55.111225 6
14.702159 55.111702 31
14.702542 55.11122 2
14.701535 55.111115 5
14.701626 55.111324 9
14.701192 55.1115 11
14.701088 55.111664 13
14.701086 55.111874 15
14.701473 55.111626 17
14.701655 55.11176 19
14.702038 55.111435 25
14.702079 55.111523 27
14.70212 55.11162 29
14.702366 55.111694 33
14.702489 55.111675 35
14.702739 55.111637 37
14.702868 55.11162 39
14.702852 55.111427 41
14.702812 55.11134 43
14.703112 55.111225 6
14.702159 55.111702 31
14.702542 55.11122 2
14.701535 55.111115 5
14.701626 55.111324 9
14.701192 55.1115 11
14.701088 55.111664 13
14.701086 55.111874 15
14.701473 55.111626 17
14.701655 55.11176 19
14.702038 55.111435 25
14.702079 55.111523 27
14.70212 55.11162 29
14.702366 55.111694 33
14.702489 55.111675 35
14.702739 55.111637 37
14.702868 55.11162 39
14.702852 55.111427 41
14.702812 55.11134 43
14.703112 55.111225 6
14.702159 55.111702 31
14.702542 55.11122 2
14.701535 55.111115 5
14.701626 55.111324 9
14.701192 55.1115 11
14.701088 55.111664 13
14.701086 55.111874 15
14.701473 55.111626 17
14.701655 55.11176 19
14.702038 55.111435 25
14.702079 55.111523 27
14.70212 55.11162 29
14.702366 55.111694 33
14.702489 55.111675 35
14.702739 55.111637 37
14.702868 55.11162 39
14.702852 55.111427 41
14.702812 55.11134 43
14.703112 55.111225 6
14.702159 55.111702 31
