14.702385 55.099255 3
14.70249 55.099117 4
14.702537 55.099255 5
14.702594 55.099113 6
14.702601 55.099255 7
14.70276 55.099113 8
14.702754 55.09925 9
14.702854 55.099113 10
14.702828 55.09925 11
14.703018 55.09911 12
14.702974 55.09925 13
14.703092 55.09911 14
14.70308 55.09925 15
14.703252 55.09911 16
14.703349 55.099106 18
14.703515 55.09923 19
14.70348 55.099094 20
14.703656 55.09922 21
14.703558 55.099087 22
14.703739 55.099216 23
14.703706 55.099075 24
14.703877 55.09921 25
14.703811 55.099068 26
14.70396 55.0992 27
14.703961 55.099056 28
14.704121 55.099186 29
14.704107 55.099045 30
14.704214 55.09918 31
14.704196 55.09904 32
14.704388 55.099167 33
14.704338 55.09903 34
14.704467 55.09916 35
14.704472 55.09902 36
14.704621 55.099148 37
14.704551 55.09901 38
14.704872 55.09913 39A
14.704894 55.099174 39B
14.704905 55.099213 39C
14.704921 55.09926 39D
14.704924 55.099304 39E
14.704929 55.099392 39F
14.704926 55.09945 39G
14.70494 55.099506 39H
14.704839 55.099415 39K
14.704857 55.09948 39L
14.704865 55.099537 39M
14.704645 55.099007 40
14.705516 55.099087 41
14.70495 55.09898 42
14.705538 55.099144 43
14.705033 55.098976 44
14.705557 55.0992 45
14.705174 55.098965 46
14.705575 55.099274 47
14.70525 55.09896 48
14.705607 55.09933 49
14.705376 55.09895 50
14.705628 55.0994 51
14.705465 55.09894 52
14.705644 55.09945 53
14.705597 55.09893 54
14.705662 55.0995 55
14.705686 55.098923 56
14.705741 55.099228 57
14.705811 55.098915 58
14.705845 55.099216 59
14.705886 55.098907 60
14.705939 55.09921 61
14.706047 55.098896 62
14.706054 55.0992 63
14.702385 55.099255 3
14.70249 55.099117 4
14.702537 55.099255 5
14.702594 55.099113 6
14.702601 55.099255 7
14.70276 55.099113 8
14.702754 55.09925 9
14.702854 55.099113 10
14.702828 55.09925 11
14.703018 55.09911 12
14.702974 55.09925 13
14.703092 55.09911 14
14.70308 55.09925 15
14.703252 55.09911 16
14.703349 55.099106 18
14.703515 55.09923 19
14.70348 55.099094 20
14.703656 55.09922 21
14.703558 55.099087 22
14.703739 55.099216 23
14.703706 55.099075 24
14.703877 55.09921 25
14.703811 55.099068 26
14.70396 55.0992 27
14.703961 55.099056 28
14.704121 55.099186 29
14.704107 55.099045 30
14.704214 55.09918 31
14.704196 55.09904 32
14.704388 55.099167 33
14.704338 55.09903 34
14.704467 55.09916 35
14.704472 55.09902 36
14.704621 55.099148 37
14.704551 55.09901 38
14.704872 55.09913 39A
14.704894 55.099174 39B
14.704905 55.099213 39C
14.704921 55.09926 39D
14.704924 55.099304 39E
14.704929 55.099392 39F
14.704926 55.09945 39G
14.70494 55.099506 39H
14.704839 55.099415 39K
14.704857 55.09948 39L
14.704865 55.099537 39M
14.704645 55.099007 40
14.705516 55.099087 41
14.70495 55.09898 42
14.705538 55.099144 43
14.705033 55.098976 44
14.705557 55.0992 45
14.705174 55.098965 46
14.705575 55.099274 47
14.70525 55.09896 48
14.705607 55.09933 49
14.705376 55.09895 50
14.705628 55.0994 51
14.705465 55.09894 52
14.705644 55.09945 53
14.705597 55.09893 54
14.705662 55.0995 55
14.705686 55.098923 56
14.705741 55.099228 57
14.705811 55.098915 58
14.705845 55.099216 59
14.705886 55.098907 60
14.705939 55.09921 61
14.706047 55.098896 62
14.706054 55.0992 63
14.702385 55.099255 3
14.70249 55.099117 4
14.702537 55.099255 5
14.702594 55.099113 6
14.702601 55.099255 7
14.70276 55.099113 8
14.702754 55.09925 9
14.702854 55.099113 10
14.702828 55.09925 11
14.703018 55.09911 12
14.702974 55.09925 13
14.703092 55.09911 14
14.70308 55.09925 15
14.703252 55.09911 16
14.703349 55.099106 18
14.703515 55.09923 19
14.70348 55.099094 20
14.703656 55.09922 21
14.703558 55.099087 22
14.703739 55.099216 23
14.703706 55.099075 24
14.703877 55.09921 25
14.703811 55.099068 26
14.70396 55.0992 27
14.703961 55.099056 28
14.704121 55.099186 29
14.704107 55.099045 30
14.704214 55.09918 31
14.704196 55.09904 32
14.704388 55.099167 33
14.704338 55.09903 34
14.704467 55.09916 35
14.704472 55.09902 36
14.704621 55.099148 37
14.704551 55.09901 38
14.704872 55.09913 39A
14.704894 55.099174 39B
14.704905 55.099213 39C
14.704921 55.09926 39D
14.704924 55.099304 39E
14.704929 55.099392 39F
14.704926 55.09945 39G
14.70494 55.099506 39H
14.704839 55.099415 39K
14.704857 55.09948 39L
14.704865 55.099537 39M
14.704645 55.099007 40
14.705516 55.099087 41
14.70495 55.09898 42
14.705538 55.099144 43
14.705033 55.098976 44
14.705557 55.0992 45
14.705174 55.098965 46
14.705575 55.099274 47
14.70525 55.09896 48
14.705607 55.09933 49
14.705376 55.09895 50
14.705628 55.0994 51
14.705465 55.09894 52
14.705644 55.09945 53
14.705597 55.09893 54
14.705662 55.0995 55
14.705686 55.098923 56
14.705741 55.099228 57
14.705811 55.098915 58
14.705845 55.099216 59
14.705886 55.098907 60
14.705939 55.09921 61
14.706047 55.098896 62
14.706054 55.0992 63
14.702385 55.099255 3
14.70249 55.099117 4
14.702537 55.099255 5
14.702594 55.099113 6
14.702601 55.099255 7
14.70276 55.099113 8
14.702754 55.09925 9
14.702854 55.099113 10
14.702828 55.09925 11
14.703018 55.09911 12
14.702974 55.09925 13
14.703092 55.09911 14
14.70308 55.09925 15
14.703252 55.09911 16
14.703349 55.099106 18
14.703515 55.09923 19
14.70348 55.099094 20
14.703656 55.09922 21
14.703558 55.099087 22
14.703739 55.099216 23
14.703706 55.099075 24
14.703877 55.09921 25
14.703811 55.099068 26
14.70396 55.0992 27
14.703961 55.099056 28
14.704121 55.099186 29
14.704107 55.099045 30
14.704214 55.09918 31
14.704196 55.09904 32
14.704388 55.099167 33
14.704338 55.09903 34
14.704467 55.09916 35
14.704472 55.09902 36
14.704621 55.099148 37
14.704551 55.09901 38
14.704872 55.09913 39A
14.704894 55.099174 39B
14.704905 55.099213 39C
14.704921 55.09926 39D
14.704924 55.099304 39E
14.704929 55.099392 39F
14.704926 55.09945 39G
14.70494 55.099506 39H
14.704839 55.099415 39K
14.704857 55.09948 39L
14.704865 55.099537 39M
14.704645 55.099007 40
14.705516 55.099087 41
14.70495 55.09898 42
14.705538 55.099144 43
14.705033 55.098976 44
14.705557 55.0992 45
14.705174 55.098965 46
14.705575 55.099274 47
14.70525 55.09896 48
14.705607 55.09933 49
14.705376 55.09895 50
14.705628 55.0994 51
14.705465 55.09894 52
14.705644 55.09945 53
14.705597 55.09893 54
14.705662 55.0995 55
14.705686 55.098923 56
14.705741 55.099228 57
14.705811 55.098915 58
14.705845 55.099216 59
14.705886 55.098907 60
14.705939 55.09921 61
14.706047 55.098896 62
14.706054 55.0992 63
14.702385 55.099255 3
14.70249 55.099117 4
14.702537 55.099255 5
14.702594 55.099113 6
14.702601 55.099255 7
14.70276 55.099113 8
14.702754 55.09925 9
14.702854 55.099113 10
14.702828 55.09925 11
14.703018 55.09911 12
14.702974 55.09925 13
14.703092 55.09911 14
14.70308 55.09925 15
14.703252 55.09911 16
14.703349 55.099106 18
14.703515 55.09923 19
14.70348 55.099094 20
14.703656 55.09922 21
14.703558 55.099087 22
14.703739 55.099216 23
14.703706 55.099075 24
14.703877 55.09921 25
14.703811 55.099068 26
14.70396 55.0992 27
14.703961 55.099056 28
14.704121 55.099186 29
14.704107 55.099045 30
14.704214 55.09918 31
14.704196 55.09904 32
14.704388 55.099167 33
14.704338 55.09903 34
14.704467 55.09916 35
14.704472 55.09902 36
14.704621 55.099148 37
14.704551 55.09901 38
14.704872 55.09913 39A
14.704894 55.099174 39B
14.704905 55.099213 39C
14.704921 55.09926 39D
14.704924 55.099304 39E
14.704929 55.099392 39F
14.704926 55.09945 39G
14.70494 55.099506 39H
14.704839 55.099415 39K
14.704857 55.09948 39L
14.704865 55.099537 39M
14.704645 55.099007 40
14.705516 55.099087 41
14.70495 55.09898 42
14.705538 55.099144 43
14.705033 55.098976 44
14.705557 55.0992 45
14.705174 55.098965 46
14.705575 55.099274 47
14.70525 55.09896 48
14.705607 55.09933 49
14.705376 55.09895 50
14.705628 55.0994 51
14.705465 55.09894 52
14.705644 55.09945 53
14.705597 55.09893 54
14.705662 55.0995 55
14.705686 55.098923 56
14.705741 55.099228 57
14.705811 55.098915 58
14.705845 55.099216 59
14.705886 55.098907 60
14.705939 55.09921 61
14.706047 55.098896 62
14.706054 55.0992 63
14.702385 55.099255 3
14.70249 55.099117 4
14.702537 55.099255 5
14.702594 55.099113 6
14.702601 55.099255 7
14.70276 55.099113 8
14.702754 55.09925 9
14.702854 55.099113 10
14.702828 55.09925 11
14.703018 55.09911 12
14.702974 55.09925 13
14.703092 55.09911 14
14.70308 55.09925 15
14.703252 55.09911 16
14.703349 55.099106 18
14.703515 55.09923 19
14.70348 55.099094 20
14.703656 55.09922 21
14.703558 55.099087 22
14.703739 55.099216 23
14.703706 55.099075 24
14.703877 55.09921 25
14.703811 55.099068 26
14.70396 55.0992 27
14.703961 55.099056 28
14.704121 55.099186 29
14.704107 55.099045 30
14.704214 55.09918 31
14.704196 55.09904 32
14.704388 55.099167 33
14.704338 55.09903 34
14.704467 55.09916 35
14.704472 55.09902 36
14.704621 55.099148 37
14.704551 55.09901 38
14.704872 55.09913 39A
14.704894 55.099174 39B
14.704905 55.099213 39C
14.704921 55.09926 39D
14.704924 55.099304 39E
14.704929 55.099392 39F
14.704926 55.09945 39G
14.70494 55.099506 39H
14.704839 55.099415 39K
14.704857 55.09948 39L
14.704865 55.099537 39M
14.704645 55.099007 40
14.705516 55.099087 41
14.70495 55.09898 42
14.705538 55.099144 43
14.705033 55.098976 44
14.705557 55.0992 45
14.705174 55.098965 46
14.705575 55.099274 47
14.70525 55.09896 48
14.705607 55.09933 49
14.705376 55.09895 50
14.705628 55.0994 51
14.705465 55.09894 52
14.705644 55.09945 53
14.705597 55.09893 54
14.705662 55.0995 55
14.705686 55.098923 56
14.705741 55.099228 57
14.705811 55.098915 58
14.705845 55.099216 59
14.705886 55.098907 60
14.705939 55.09921 61
14.706047 55.098896 62
14.706054 55.0992 63
