14.75836 55.139923 2
14.758296 55.14038 3A
14.758226 55.140224 3B
14.759169 55.139866 4
14.759283 55.140694 5
14.759148 55.139675 6
14.76002 55.140102 7A
14.759993 55.140503 7B
14.760391 55.1407 7C
14.759926 55.13986 8
14.760409 55.140095 9
14.76022 55.139847 10
14.76066 55.140083 11
14.76088 55.139828 12
14.760913 55.140087 13
14.762088 55.139786 14
14.761029 55.14008 15
14.762657 55.139763 16
14.761262 55.140064 17
14.76297 55.139725 18
14.762939 55.139416 18A
14.761592 55.140053 19
14.76336 55.139698 20
14.761901 55.14004 21
14.764329 55.139626 22
14.762392 55.140064 23
14.764659 55.13969 24
14.762793 55.140053 25
14.76507 55.139683 26
14.763158 55.14004 27
14.762809 55.138214 28A
14.763504 55.140068 29
14.763882 55.14002 31
14.768935 55.14012 34
14.768793 55.140263 36
14.76882 55.140392 38
14.768362 55.140484 39
14.768862 55.14063 40
14.76834 55.140633 41
14.769148 55.140736 42A
14.768883 55.140755 42B
14.768401 55.140923 43
14.768956 55.140877 44
14.768424 55.141354 45
14.7662 55.14256 47
14.773433 55.145924 60
14.765894 55.139637 28
14.766349 55.13969 30
14.768567 55.139874 32
14.76566 55.139927 33
14.766603 55.13991 35
14.767022 55.139835 37
14.759996 55.14058 7D
14.760152 55.140106 7F
14.75836 55.139923 2
14.758296 55.14038 3A
14.758226 55.140224 3B
14.759169 55.139866 4
14.759283 55.140694 5
14.759148 55.139675 6
14.76002 55.140102 7A
14.759993 55.140503 7B
14.760391 55.1407 7C
14.759926 55.13986 8
14.760409 55.140095 9
14.76022 55.139847 10
14.76066 55.140083 11
14.76088 55.139828 12
14.760913 55.140087 13
14.762088 55.139786 14
14.761029 55.14008 15
14.762657 55.139763 16
14.761262 55.140064 17
14.76297 55.139725 18
14.762939 55.139416 18A
14.761592 55.140053 19
14.76336 55.139698 20
14.761901 55.14004 21
14.764329 55.139626 22
14.762392 55.140064 23
14.764659 55.13969 24
14.762793 55.140053 25
14.76507 55.139683 26
14.763158 55.14004 27
14.762809 55.138214 28A
14.763504 55.140068 29
14.763882 55.14002 31
14.768935 55.14012 34
14.768793 55.140263 36
14.76882 55.140392 38
14.768362 55.140484 39
14.768862 55.14063 40
14.76834 55.140633 41
14.769148 55.140736 42A
14.768883 55.140755 42B
14.768401 55.140923 43
14.768956 55.140877 44
14.768424 55.141354 45
14.7662 55.14256 47
14.773433 55.145924 60
14.765894 55.139637 28
14.766349 55.13969 30
14.768567 55.139874 32
14.76566 55.139927 33
14.766603 55.13991 35
14.767022 55.139835 37
14.759996 55.14058 7D
14.760152 55.140106 7F
14.75836 55.139923 2
14.758296 55.14038 3A
14.758226 55.140224 3B
14.759169 55.139866 4
14.759283 55.140694 5
14.759148 55.139675 6
14.76002 55.140102 7A
14.759993 55.140503 7B
14.760391 55.1407 7C
14.759926 55.13986 8
14.760409 55.140095 9
14.76022 55.139847 10
14.76066 55.140083 11
14.76088 55.139828 12
14.760913 55.140087 13
14.762088 55.139786 14
14.761029 55.14008 15
14.762657 55.139763 16
14.761262 55.140064 17
14.76297 55.139725 18
14.762939 55.139416 18A
14.761592 55.140053 19
14.76336 55.139698 20
14.761901 55.14004 21
14.764329 55.139626 22
14.762392 55.140064 23
14.764659 55.13969 24
14.762793 55.140053 25
14.76507 55.139683 26
14.763158 55.14004 27
14.762809 55.138214 28A
14.763504 55.140068 29
14.763882 55.14002 31
14.768935 55.14012 34
14.768793 55.140263 36
14.76882 55.140392 38
14.768362 55.140484 39
14.768862 55.14063 40
14.76834 55.140633 41
14.769148 55.140736 42A
14.768883 55.140755 42B
14.768401 55.140923 43
14.768956 55.140877 44
14.768424 55.141354 45
14.7662 55.14256 47
14.773433 55.145924 60
14.765894 55.139637 28
14.766349 55.13969 30
14.768567 55.139874 32
14.76566 55.139927 33
14.766603 55.13991 35
14.767022 55.139835 37
14.759996 55.14058 7D
14.760152 55.140106 7F
14.75836 55.139923 2
14.758296 55.14038 3A
14.758226 55.140224 3B
14.759169 55.139866 4
14.759283 55.140694 5
14.759148 55.139675 6
14.76002 55.140102 7A
14.759993 55.140503 7B
14.760391 55.1407 7C
14.759926 55.13986 8
14.760409 55.140095 9
14.76022 55.139847 10
14.76066 55.140083 11
14.76088 55.139828 12
14.760913 55.140087 13
14.762088 55.139786 14
14.761029 55.14008 15
14.762657 55.139763 16
14.761262 55.140064 17
14.76297 55.139725 18
14.762939 55.139416 18A
14.761592 55.140053 19
14.76336 55.139698 20
14.761901 55.14004 21
14.764329 55.139626 22
14.762392 55.140064 23
14.764659 55.13969 24
14.762793 55.140053 25
14.76507 55.139683 26
14.763158 55.14004 27
14.762809 55.138214 28A
14.763504 55.140068 29
14.763882 55.14002 31
14.768935 55.14012 34
14.768793 55.140263 36
14.76882 55.140392 38
14.768362 55.140484 39
14.768862 55.14063 40
14.76834 55.140633 41
14.769148 55.140736 42A
14.768883 55.140755 42B
14.768401 55.140923 43
14.768956 55.140877 44
14.768424 55.141354 45
14.7662 55.14256 47
14.773433 55.145924 60
14.765894 55.139637 28
14.766349 55.13969 30
14.768567 55.139874 32
14.76566 55.139927 33
14.766603 55.13991 35
14.767022 55.139835 37
14.759996 55.14058 7D
14.760152 55.140106 7F
14.75836 55.139923 2
14.758296 55.14038 3A
14.758226 55.140224 3B
14.759169 55.139866 4
14.759283 55.140694 5
14.759148 55.139675 6
14.76002 55.140102 7A
14.759993 55.140503 7B
14.760391 55.1407 7C
14.759926 55.13986 8
14.760409 55.140095 9
14.76022 55.139847 10
14.76066 55.140083 11
14.76088 55.139828 12
14.760913 55.140087 13
14.762088 55.139786 14
14.761029 55.14008 15
14.762657 55.139763 16
14.761262 55.140064 17
14.76297 55.139725 18
14.762939 55.139416 18A
14.761592 55.140053 19
14.76336 55.139698 20
14.761901 55.14004 21
14.764329 55.139626 22
14.762392 55.140064 23
14.764659 55.13969 24
14.762793 55.140053 25
14.76507 55.139683 26
14.763158 55.14004 27
14.762809 55.138214 28A
14.763504 55.140068 29
14.763882 55.14002 31
14.768935 55.14012 34
14.768793 55.140263 36
14.76882 55.140392 38
14.768362 55.140484 39
14.768862 55.14063 40
14.76834 55.140633 41
14.769148 55.140736 42A
14.768883 55.140755 42B
14.768401 55.140923 43
14.768956 55.140877 44
14.768424 55.141354 45
14.7662 55.14256 47
14.773433 55.145924 60
14.765894 55.139637 28
14.766349 55.13969 30
14.768567 55.139874 32
14.76566 55.139927 33
14.766603 55.13991 35
14.767022 55.139835 37
14.759996 55.14058 7D
14.760152 55.140106 7F
14.75836 55.139923 2
14.758296 55.14038 3A
14.758226 55.140224 3B
14.759169 55.139866 4
14.759283 55.140694 5
14.759148 55.139675 6
14.76002 55.140102 7A
14.759993 55.140503 7B
14.760391 55.1407 7C
14.759926 55.13986 8
14.760409 55.140095 9
14.76022 55.139847 10
14.76066 55.140083 11
14.76088 55.139828 12
14.760913 55.140087 13
14.762088 55.139786 14
14.761029 55.14008 15
14.762657 55.139763 16
14.761262 55.140064 17
14.76297 55.139725 18
14.762939 55.139416 18A
14.761592 55.140053 19
14.76336 55.139698 20
14.761901 55.14004 21
14.764329 55.139626 22
14.762392 55.140064 23
14.764659 55.13969 24
14.762793 55.140053 25
14.76507 55.139683 26
14.763158 55.14004 27
14.762809 55.138214 28A
14.763504 55.140068 29
14.763882 55.14002 31
14.768935 55.14012 34
14.768793 55.140263 36
14.76882 55.140392 38
14.768362 55.140484 39
14.768862 55.14063 40
14.76834 55.140633 41
14.769148 55.140736 42A
14.768883 55.140755 42B
14.768401 55.140923 43
14.768956 55.140877 44
14.768424 55.141354 45
14.7662 55.14256 47
14.773433 55.145924 60
14.765894 55.139637 28
14.766349 55.13969 30
14.768567 55.139874 32
14.76566 55.139927 33
14.766603 55.13991 35
14.767022 55.139835 37
14.759996 55.14058 7D
14.760152 55.140106 7F
