14.725579 55.10021 2
14.725789 55.100075 3
14.725405 55.100063 4
14.725655 55.099934 5
14.725356 55.100014 6
14.725564 55.09984 7
14.725233 55.09989 8
14.7254 55.099663 9
14.725092 55.099735 10
14.72524 55.099506 11
14.725004 55.09962 12
14.724876 55.09952 14
14.725579 55.10021 2
14.725789 55.100075 3
14.725405 55.100063 4
14.725655 55.099934 5
14.725356 55.100014 6
14.725564 55.09984 7
14.725233 55.09989 8
14.7254 55.099663 9
14.725092 55.099735 10
14.72524 55.099506 11
14.725004 55.09962 12
14.724876 55.09952 14
14.725579 55.10021 2
14.725789 55.100075 3
14.725405 55.100063 4
14.725655 55.099934 5
14.725356 55.100014 6
14.725564 55.09984 7
14.725233 55.09989 8
14.7254 55.099663 9
14.725092 55.099735 10
14.72524 55.099506 11
14.725004 55.09962 12
14.724876 55.09952 14
14.725579 55.10021 2
14.725789 55.100075 3
14.725405 55.100063 4
14.725655 55.099934 5
14.725356 55.100014 6
14.725564 55.09984 7
14.725233 55.09989 8
14.7254 55.099663 9
14.725092 55.099735 10
14.72524 55.099506 11
14.725004 55.09962 12
14.724876 55.09952 14
14.725579 55.10021 2
14.725789 55.100075 3
14.725405 55.100063 4
14.725655 55.099934 5
14.725356 55.100014 6
14.725564 55.09984 7
14.725233 55.09989 8
14.7254 55.099663 9
14.725092 55.099735 10
14.72524 55.099506 11
14.725004 55.09962 12
14.724876 55.09952 14
14.725579 55.10021 2
14.725789 55.100075 3
14.725405 55.100063 4
14.725655 55.099934 5
14.725356 55.100014 6
14.725564 55.09984 7
14.725233 55.09989 8
14.7254 55.099663 9
14.725092 55.099735 10
14.72524 55.099506 11
14.725004 55.09962 12
14.724876 55.09952 14
