14.699837 55.10264 2A
14.699916 55.102715 2B
14.699837 55.10299 3
14.700031 55.10285 4
14.700177 55.10281 4A
14.700335 55.102818 4B
14.699933 55.1031 5
14.69988 55.10308 5A
14.699898 55.103127 5B
14.700082 55.102936 6
14.700039 55.103226 7A
14.700082 55.103275 7B
14.700256 55.10314 8
14.700132 55.10337 9
14.700365 55.10327 10
14.700437 55.10376 11
14.700433 55.103355 12
14.700793 55.10382 14
14.700902 55.103966 16
14.700944 55.10403 18
14.700996 55.104095 20
14.70086 55.104275 21
14.701041 55.104156 22
14.700884 55.104366 23
14.701085 55.104244 24
14.700913 55.104446 25
14.701125 55.10433 26
14.70094 55.10452 27
14.701184 55.104446 28
14.70082 55.104546 29
14.701209 55.104492 30
14.700872 55.10461 31
14.701227 55.104538 32
14.700968 55.1046 33
14.701018 55.104725 33B
14.701269 55.104618 34
14.701126 55.105003 35
14.701318 55.104706 36A
14.701176 55.105137 37
14.701418 55.10491 38
14.701208 55.105217 39
14.701452 55.10502 40
14.701242 55.1053 41
14.701544 55.105125 42A
14.701547 55.10516 42B
14.701575 55.105247 44
14.70017 55.10297 6A
14.700187 55.10305 6B
14.700501 55.103893 19
14.699837 55.10264 2A
14.699916 55.102715 2B
14.699837 55.10299 3
14.700031 55.10285 4
14.700177 55.10281 4A
14.700335 55.102818 4B
14.699933 55.1031 5
14.69988 55.10308 5A
14.699898 55.103127 5B
14.700082 55.102936 6
14.700039 55.103226 7A
14.700082 55.103275 7B
14.700256 55.10314 8
14.700132 55.10337 9
14.700365 55.10327 10
14.700437 55.10376 11
14.700433 55.103355 12
14.700793 55.10382 14
14.700902 55.103966 16
14.700944 55.10403 18
14.700996 55.104095 20
14.70086 55.104275 21
14.701041 55.104156 22
14.700884 55.104366 23
14.701085 55.104244 24
14.700913 55.104446 25
14.701125 55.10433 26
14.70094 55.10452 27
14.701184 55.104446 28
14.70082 55.104546 29
14.701209 55.104492 30
14.700872 55.10461 31
14.701227 55.104538 32
14.700968 55.1046 33
14.701018 55.104725 33B
14.701269 55.104618 34
14.701126 55.105003 35
14.701318 55.104706 36A
14.701176 55.105137 37
14.701418 55.10491 38
14.701208 55.105217 39
14.701452 55.10502 40
14.701242 55.1053 41
14.701544 55.105125 42A
14.701547 55.10516 42B
14.701575 55.105247 44
14.70017 55.10297 6A
14.700187 55.10305 6B
14.700501 55.103893 19
14.699837 55.10264 2A
14.699916 55.102715 2B
14.699837 55.10299 3
14.700031 55.10285 4
14.700177 55.10281 4A
14.700335 55.102818 4B
14.699933 55.1031 5
14.69988 55.10308 5A
14.699898 55.103127 5B
14.700082 55.102936 6
14.700039 55.103226 7A
14.700082 55.103275 7B
14.700256 55.10314 8
14.700132 55.10337 9
14.700365 55.10327 10
14.700437 55.10376 11
14.700433 55.103355 12
14.700793 55.10382 14
14.700902 55.103966 16
14.700944 55.10403 18
14.700996 55.104095 20
14.70086 55.104275 21
14.701041 55.104156 22
14.700884 55.104366 23
14.701085 55.104244 24
14.700913 55.104446 25
14.701125 55.10433 26
14.70094 55.10452 27
14.701184 55.104446 28
14.70082 55.104546 29
14.701209 55.104492 30
14.700872 55.10461 31
14.701227 55.104538 32
14.700968 55.1046 33
14.701018 55.104725 33B
14.701269 55.104618 34
14.701126 55.105003 35
14.701318 55.104706 36A
14.701176 55.105137 37
14.701418 55.10491 38
14.701208 55.105217 39
14.701452 55.10502 40
14.701242 55.1053 41
14.701544 55.105125 42A
14.701547 55.10516 42B
14.701575 55.105247 44
14.70017 55.10297 6A
14.700187 55.10305 6B
14.700501 55.103893 19
14.699837 55.10264 2A
14.699916 55.102715 2B
14.699837 55.10299 3
14.700031 55.10285 4
14.700177 55.10281 4A
14.700335 55.102818 4B
14.699933 55.1031 5
14.69988 55.10308 5A
14.699898 55.103127 5B
14.700082 55.102936 6
14.700039 55.103226 7A
14.700082 55.103275 7B
14.700256 55.10314 8
14.700132 55.10337 9
14.700365 55.10327 10
14.700437 55.10376 11
14.700433 55.103355 12
14.700793 55.10382 14
14.700902 55.103966 16
14.700944 55.10403 18
14.700996 55.104095 20
14.70086 55.104275 21
14.701041 55.104156 22
14.700884 55.104366 23
14.701085 55.104244 24
14.700913 55.104446 25
14.701125 55.10433 26
14.70094 55.10452 27
14.701184 55.104446 28
14.70082 55.104546 29
14.701209 55.104492 30
14.700872 55.10461 31
14.701227 55.104538 32
14.700968 55.1046 33
14.701018 55.104725 33B
14.701269 55.104618 34
14.701126 55.105003 35
14.701318 55.104706 36A
14.701176 55.105137 37
14.701418 55.10491 38
14.701208 55.105217 39
14.701452 55.10502 40
14.701242 55.1053 41
14.701544 55.105125 42A
14.701547 55.10516 42B
14.701575 55.105247 44
14.70017 55.10297 6A
14.700187 55.10305 6B
14.700501 55.103893 19
14.699837 55.10264 2A
14.699916 55.102715 2B
14.699837 55.10299 3
14.700031 55.10285 4
14.700177 55.10281 4A
14.700335 55.102818 4B
14.699933 55.1031 5
14.69988 55.10308 5A
14.699898 55.103127 5B
14.700082 55.102936 6
14.700039 55.103226 7A
14.700082 55.103275 7B
14.700256 55.10314 8
14.700132 55.10337 9
14.700365 55.10327 10
14.700437 55.10376 11
14.700433 55.103355 12
14.700793 55.10382 14
14.700902 55.103966 16
14.700944 55.10403 18
14.700996 55.104095 20
14.70086 55.104275 21
14.701041 55.104156 22
14.700884 55.104366 23
14.701085 55.104244 24
14.700913 55.104446 25
14.701125 55.10433 26
14.70094 55.10452 27
14.701184 55.104446 28
14.70082 55.104546 29
14.701209 55.104492 30
14.700872 55.10461 31
14.701227 55.104538 32
14.700968 55.1046 33
14.701018 55.104725 33B
14.701269 55.104618 34
14.701126 55.105003 35
14.701318 55.104706 36A
14.701176 55.105137 37
14.701418 55.10491 38
14.701208 55.105217 39
14.701452 55.10502 40
14.701242 55.1053 41
14.701544 55.105125 42A
14.701547 55.10516 42B
14.701575 55.105247 44
14.70017 55.10297 6A
14.700187 55.10305 6B
14.700501 55.103893 19
14.699837 55.10264 2A
14.699916 55.102715 2B
14.699837 55.10299 3
14.700031 55.10285 4
14.700177 55.10281 4A
14.700335 55.102818 4B
14.699933 55.1031 5
14.69988 55.10308 5A
14.699898 55.103127 5B
14.700082 55.102936 6
14.700039 55.103226 7A
14.700082 55.103275 7B
14.700256 55.10314 8
14.700132 55.10337 9
14.700365 55.10327 10
14.700437 55.10376 11
14.700433 55.103355 12
14.700793 55.10382 14
14.700902 55.103966 16
14.700944 55.10403 18
14.700996 55.104095 20
14.70086 55.104275 21
14.701041 55.104156 22
14.700884 55.104366 23
14.701085 55.104244 24
14.700913 55.104446 25
14.701125 55.10433 26
14.70094 55.10452 27
14.701184 55.104446 28
14.70082 55.104546 29
14.701209 55.104492 30
14.700872 55.10461 31
14.701227 55.104538 32
14.700968 55.1046 33
14.701018 55.104725 33B
14.701269 55.104618 34
14.701126 55.105003 35
14.701318 55.104706 36A
14.701176 55.105137 37
14.701418 55.10491 38
14.701208 55.105217 39
14.701452 55.10502 40
14.701242 55.1053 41
14.701544 55.105125 42A
14.701547 55.10516 42B
14.701575 55.105247 44
14.70017 55.10297 6A
14.700187 55.10305 6B
14.700501 55.103893 19
