14.692136 55.103104 2
14.692998 55.10307 10
14.694398 55.103794 14
14.694513 55.103886 16
14.692916 55.10311 6
14.693014 55.103157 8
14.692136 55.103104 2
14.692998 55.10307 10
14.694398 55.103794 14
14.694513 55.103886 16
14.692916 55.10311 6
14.693014 55.103157 8
14.692136 55.103104 2
14.692998 55.10307 10
14.694398 55.103794 14
14.694513 55.103886 16
14.692916 55.10311 6
14.693014 55.103157 8
14.692136 55.103104 2
14.692998 55.10307 10
14.694398 55.103794 14
14.694513 55.103886 16
14.692916 55.10311 6
14.693014 55.103157 8
14.692136 55.103104 2
14.692998 55.10307 10
14.694398 55.103794 14
14.694513 55.103886 16
14.692916 55.10311 6
14.693014 55.103157 8
14.692136 55.103104 2
14.692998 55.10307 10
14.694398 55.103794 14
14.694513 55.103886 16
14.692916 55.10311 6
14.693014 55.103157 8
