14.714208 55.117226 2B
14.714557 55.117184 4
14.714883 55.117146 6
14.715317 55.11702 8
14.714468 55.117435 9
14.715625 55.117046 10
14.714843 55.117596 11
14.716028 55.117004 12
14.715292 55.117558 13
14.716349 55.116974 14
14.715649 55.117443 15
14.716766 55.116905 16
14.716066 55.11752 17
14.717159 55.11688 18
14.716348 55.11725 19
14.717519 55.116837 20
14.716619 55.117203 21
14.717804 55.11679 22
14.716986 55.117153 23
14.718276 55.11674 24
14.717381 55.117126 25
14.718676 55.116703 26
14.717737 55.117092 27
14.719019 55.11664 28
14.71803 55.117092 29
14.719367 55.11662 30
14.718316 55.11698 31
14.719733 55.116573 32
14.718742 55.11694 33
14.720025 55.116528 34
14.719116 55.11694 35
14.720418 55.116432 36
14.719427 55.116913 37
14.720698 55.116447 38
14.719794 55.116844 39
14.721291 55.116436 40
14.720099 55.116783 41
14.720462 55.116787 43
14.720751 55.116695 45
14.721155 55.116756 47
14.72143 55.116608 49
15.127186 55.07072 1
