14.699419 55.097477 3
14.699101 55.097355 4
14.699542 55.097466 5
14.699257 55.0973 6
14.699621 55.097458 7
14.699421 55.09732 8
14.699745 55.09746 9
14.69954 55.097336 10
14.699759 55.097324 12
15.1184 55.027336 1
14.699419 55.097477 3
14.699101 55.097355 4
14.699542 55.097466 5
14.699257 55.0973 6
14.699621 55.097458 7
14.699421 55.09732 8
14.699745 55.09746 9
14.69954 55.097336 10
14.699759 55.097324 12
15.1184 55.027336 1
14.699419 55.097477 3
14.699101 55.097355 4
14.699542 55.097466 5
14.699257 55.0973 6
14.699621 55.097458 7
14.699421 55.09732 8
14.699745 55.09746 9
14.69954 55.097336 10
14.699759 55.097324 12
15.1184 55.027336 1
14.699419 55.097477 3
14.699101 55.097355 4
14.699542 55.097466 5
14.699257 55.0973 6
14.699621 55.097458 7
14.699421 55.09732 8
14.699745 55.09746 9
14.69954 55.097336 10
14.699759 55.097324 12
15.1184 55.027336 1
14.699419 55.097477 3
14.699101 55.097355 4
14.699542 55.097466 5
14.699257 55.0973 6
14.699621 55.097458 7
14.699421 55.09732 8
14.699745 55.09746 9
14.69954 55.097336 10
14.699759 55.097324 12
15.1184 55.027336 1
14.699419 55.097477 3
14.699101 55.097355 4
14.699542 55.097466 5
14.699257 55.0973 6
14.699621 55.097458 7
14.699421 55.09732 8
14.699745 55.09746 9
14.69954 55.097336 10
14.699759 55.097324 12
15.1184 55.027336 1
