14.704146 55.097843 1
14.703945 55.09788 2
14.704168 55.097763 3
14.703944 55.097836 4
14.704183 55.097717 5
14.703984 55.097748 6
14.704203 55.097652 7
14.703997 55.097702 8
14.704217 55.097607 9
14.704019 55.09763 10
14.704233 55.097546 11
14.704034 55.097576 12
14.704247 55.0975 13
14.704071 55.097427 14
14.704544 55.09729 15
14.704351 55.09721 16
14.704769 55.0971 17
14.704383 55.097183 18
14.704837 55.09706 19
14.704442 55.097134 20
14.704951 55.09699 21
14.70454 55.09706 22
14.705052 55.096924 23
14.704585 55.09703 24
14.705669 55.09672 25
14.70466 55.09698 26
14.70577 55.09669 27
14.704734 55.096928 28
14.704801 55.096886 30
14.705264 55.09653 32
14.705528 55.096577 34
14.704146 55.097843 1
14.703945 55.09788 2
14.704168 55.097763 3
14.703944 55.097836 4
14.704183 55.097717 5
14.703984 55.097748 6
14.704203 55.097652 7
14.703997 55.097702 8
14.704217 55.097607 9
14.704019 55.09763 10
14.704233 55.097546 11
14.704034 55.097576 12
14.704247 55.0975 13
14.704071 55.097427 14
14.704544 55.09729 15
14.704351 55.09721 16
14.704769 55.0971 17
14.704383 55.097183 18
14.704837 55.09706 19
14.704442 55.097134 20
14.704951 55.09699 21
14.70454 55.09706 22
14.705052 55.096924 23
14.704585 55.09703 24
14.705669 55.09672 25
14.70466 55.09698 26
14.70577 55.09669 27
14.704734 55.096928 28
14.704801 55.096886 30
14.705264 55.09653 32
14.705528 55.096577 34
14.704146 55.097843 1
14.703945 55.09788 2
14.704168 55.097763 3
14.703944 55.097836 4
14.704183 55.097717 5
14.703984 55.097748 6
14.704203 55.097652 7
14.703997 55.097702 8
14.704217 55.097607 9
14.704019 55.09763 10
14.704233 55.097546 11
14.704034 55.097576 12
14.704247 55.0975 13
14.704071 55.097427 14
14.704544 55.09729 15
14.704351 55.09721 16
14.704769 55.0971 17
14.704383 55.097183 18
14.704837 55.09706 19
14.704442 55.097134 20
14.704951 55.09699 21
14.70454 55.09706 22
14.705052 55.096924 23
14.704585 55.09703 24
14.705669 55.09672 25
14.70466 55.09698 26
14.70577 55.09669 27
14.704734 55.096928 28
14.704801 55.096886 30
14.705264 55.09653 32
14.705528 55.096577 34
14.704146 55.097843 1
14.703945 55.09788 2
14.704168 55.097763 3
14.703944 55.097836 4
14.704183 55.097717 5
14.703984 55.097748 6
14.704203 55.097652 7
14.703997 55.097702 8
14.704217 55.097607 9
14.704019 55.09763 10
14.704233 55.097546 11
14.704034 55.097576 12
14.704247 55.0975 13
14.704071 55.097427 14
14.704544 55.09729 15
14.704351 55.09721 16
14.704769 55.0971 17
14.704383 55.097183 18
14.704837 55.09706 19
14.704442 55.097134 20
14.704951 55.09699 21
14.70454 55.09706 22
14.705052 55.096924 23
14.704585 55.09703 24
14.705669 55.09672 25
14.70466 55.09698 26
14.70577 55.09669 27
14.704734 55.096928 28
14.704801 55.096886 30
14.705264 55.09653 32
14.705528 55.096577 34
14.704146 55.097843 1
14.703945 55.09788 2
14.704168 55.097763 3
14.703944 55.097836 4
14.704183 55.097717 5
14.703984 55.097748 6
14.704203 55.097652 7
14.703997 55.097702 8
14.704217 55.097607 9
14.704019 55.09763 10
14.704233 55.097546 11
14.704034 55.097576 12
14.704247 55.0975 13
14.704071 55.097427 14
14.704544 55.09729 15
14.704351 55.09721 16
14.704769 55.0971 17
14.704383 55.097183 18
14.704837 55.09706 19
14.704442 55.097134 20
14.704951 55.09699 21
14.70454 55.09706 22
14.705052 55.096924 23
14.704585 55.09703 24
14.705669 55.09672 25
14.70466 55.09698 26
14.70577 55.09669 27
14.704734 55.096928 28
14.704801 55.096886 30
14.705264 55.09653 32
14.705528 55.096577 34
14.704146 55.097843 1
14.703945 55.09788 2
14.704168 55.097763 3
14.703944 55.097836 4
14.704183 55.097717 5
14.703984 55.097748 6
14.704203 55.097652 7
14.703997 55.097702 8
14.704217 55.097607 9
14.704019 55.09763 10
14.704233 55.097546 11
14.704034 55.097576 12
14.704247 55.0975 13
14.704071 55.097427 14
14.704544 55.09729 15
14.704351 55.09721 16
14.704769 55.0971 17
14.704383 55.097183 18
14.704837 55.09706 19
14.704442 55.097134 20
14.704951 55.09699 21
14.70454 55.09706 22
14.705052 55.096924 23
14.704585 55.09703 24
14.705669 55.09672 25
14.70466 55.09698 26
14.70577 55.09669 27
14.704734 55.096928 28
14.704801 55.096886 30
14.705264 55.09653 32
14.705528 55.096577 34
