14.709231 55.09549 2
14.710233 55.094658 3
14.71015 55.094208 4
14.710933 55.09437 5
14.711231 55.093674 6
14.711098 55.094254 7
14.711366 55.094112 9
14.711967 55.092808 10
14.711775 55.093994 11
14.712006 55.094006 13
14.712125 55.093822 29
14.712127 55.093735 31
14.712126 55.09364 33
14.712126 55.09357 35
14.712225 55.093517 37
14.712334 55.093517 39
14.712471 55.093517 41
14.712536 55.09367 45
14.712561 55.093758 47
14.71264 55.093834 49
14.712714 55.09391 51
14.712789 55.093987 53
14.712858 55.094055 55
14.712929 55.094124 57
14.712991 55.094185 59
14.713555 55.093956 61
14.713722 55.093906 63
14.713717 55.093845 65
14.713384 55.09351 67
14.713479 55.09359 69
14.713531 55.093674 71
14.71337 55.093742 73
14.713308 55.093678 75
14.713266 55.09362 77
14.713166 55.093548 79
14.713615 55.09319 83
14.713879 55.092793 85
14.708963 55.09549 2A
14.709087 55.09542 2B
14.709209 55.095337 2C
14.709009 55.095364 2D
14.709169 55.095287 2E
14.709203 55.0951 2F
14.712864 55.093113 81
14.712536 55.093624 43
14.709231 55.09549 2
14.710233 55.094658 3
14.71015 55.094208 4
14.710933 55.09437 5
14.711231 55.093674 6
14.711098 55.094254 7
14.711366 55.094112 9
14.711967 55.092808 10
14.711775 55.093994 11
14.712006 55.094006 13
14.712125 55.093822 29
14.712127 55.093735 31
14.712126 55.09364 33
14.712126 55.09357 35
14.712225 55.093517 37
14.712334 55.093517 39
14.712471 55.093517 41
14.712536 55.09367 45
14.712561 55.093758 47
14.71264 55.093834 49
14.712714 55.09391 51
14.712789 55.093987 53
14.712858 55.094055 55
14.712929 55.094124 57
14.712991 55.094185 59
14.713555 55.093956 61
14.713722 55.093906 63
14.713717 55.093845 65
14.713384 55.09351 67
14.713479 55.09359 69
14.713531 55.093674 71
14.71337 55.093742 73
14.713308 55.093678 75
14.713266 55.09362 77
14.713166 55.093548 79
14.713615 55.09319 83
14.713879 55.092793 85
14.708963 55.09549 2A
14.709087 55.09542 2B
14.709209 55.095337 2C
14.709009 55.095364 2D
14.709169 55.095287 2E
14.709203 55.0951 2F
14.712864 55.093113 81
14.712536 55.093624 43
14.709231 55.09549 2
14.710233 55.094658 3
14.71015 55.094208 4
14.710933 55.09437 5
14.711231 55.093674 6
14.711098 55.094254 7
14.711366 55.094112 9
14.711967 55.092808 10
14.711775 55.093994 11
14.712006 55.094006 13
14.712125 55.093822 29
14.712127 55.093735 31
14.712126 55.09364 33
14.712126 55.09357 35
14.712225 55.093517 37
14.712334 55.093517 39
14.712471 55.093517 41
14.712536 55.09367 45
14.712561 55.093758 47
14.71264 55.093834 49
14.712714 55.09391 51
14.712789 55.093987 53
14.712858 55.094055 55
14.712929 55.094124 57
14.712991 55.094185 59
14.713555 55.093956 61
14.713722 55.093906 63
14.713717 55.093845 65
14.713384 55.09351 67
14.713479 55.09359 69
14.713531 55.093674 71
14.71337 55.093742 73
14.713308 55.093678 75
14.713266 55.09362 77
14.713166 55.093548 79
14.713615 55.09319 83
14.713879 55.092793 85
14.708963 55.09549 2A
14.709087 55.09542 2B
14.709209 55.095337 2C
14.709009 55.095364 2D
14.709169 55.095287 2E
14.709203 55.0951 2F
14.712864 55.093113 81
14.712536 55.093624 43
14.709231 55.09549 2
14.710233 55.094658 3
14.71015 55.094208 4
14.710933 55.09437 5
14.711231 55.093674 6
14.711098 55.094254 7
14.711366 55.094112 9
14.711967 55.092808 10
14.711775 55.093994 11
14.712006 55.094006 13
14.712125 55.093822 29
14.712127 55.093735 31
14.712126 55.09364 33
14.712126 55.09357 35
14.712225 55.093517 37
14.712334 55.093517 39
14.712471 55.093517 41
14.712536 55.09367 45
14.712561 55.093758 47
14.71264 55.093834 49
14.712714 55.09391 51
14.712789 55.093987 53
14.712858 55.094055 55
14.712929 55.094124 57
14.712991 55.094185 59
14.713555 55.093956 61
14.713722 55.093906 63
14.713717 55.093845 65
14.713384 55.09351 67
14.713479 55.09359 69
14.713531 55.093674 71
14.71337 55.093742 73
14.713308 55.093678 75
14.713266 55.09362 77
14.713166 55.093548 79
14.713615 55.09319 83
14.713879 55.092793 85
14.708963 55.09549 2A
14.709087 55.09542 2B
14.709209 55.095337 2C
14.709009 55.095364 2D
14.709169 55.095287 2E
14.709203 55.0951 2F
14.712864 55.093113 81
14.712536 55.093624 43
14.709231 55.09549 2
14.710233 55.094658 3
14.71015 55.094208 4
14.710933 55.09437 5
14.711231 55.093674 6
14.711098 55.094254 7
14.711366 55.094112 9
14.711967 55.092808 10
14.711775 55.093994 11
14.712006 55.094006 13
14.712125 55.093822 29
14.712127 55.093735 31
14.712126 55.09364 33
14.712126 55.09357 35
14.712225 55.093517 37
14.712334 55.093517 39
14.712471 55.093517 41
14.712536 55.09367 45
14.712561 55.093758 47
14.71264 55.093834 49
14.712714 55.09391 51
14.712789 55.093987 53
14.712858 55.094055 55
14.712929 55.094124 57
14.712991 55.094185 59
14.713555 55.093956 61
14.713722 55.093906 63
14.713717 55.093845 65
14.713384 55.09351 67
14.713479 55.09359 69
14.713531 55.093674 71
14.71337 55.093742 73
14.713308 55.093678 75
14.713266 55.09362 77
14.713166 55.093548 79
14.713615 55.09319 83
14.713879 55.092793 85
14.708963 55.09549 2A
14.709087 55.09542 2B
14.709209 55.095337 2C
14.709009 55.095364 2D
14.709169 55.095287 2E
14.709203 55.0951 2F
14.712864 55.093113 81
14.712536 55.093624 43
14.709231 55.09549 2
14.710233 55.094658 3
14.71015 55.094208 4
14.710933 55.09437 5
14.711231 55.093674 6
14.711098 55.094254 7
14.711366 55.094112 9
14.711967 55.092808 10
14.711775 55.093994 11
14.712006 55.094006 13
14.712125 55.093822 29
14.712127 55.093735 31
14.712126 55.09364 33
14.712126 55.09357 35
14.712225 55.093517 37
14.712334 55.093517 39
14.712471 55.093517 41
14.712536 55.09367 45
14.712561 55.093758 47
14.71264 55.093834 49
14.712714 55.09391 51
14.712789 55.093987 53
14.712858 55.094055 55
14.712929 55.094124 57
14.712991 55.094185 59
14.713555 55.093956 61
14.713722 55.093906 63
14.713717 55.093845 65
14.713384 55.09351 67
14.713479 55.09359 69
14.713531 55.093674 71
14.71337 55.093742 73
14.713308 55.093678 75
14.713266 55.09362 77
14.713166 55.093548 79
14.713615 55.09319 83
14.713879 55.092793 85
14.708963 55.09549 2A
14.709087 55.09542 2B
14.709209 55.095337 2C
14.709009 55.095364 2D
14.709169 55.095287 2E
14.709203 55.0951 2F
14.712864 55.093113 81
14.712536 55.093624 43
