14.754396 55.140224 2
14.753849 55.14056 3
14.754354 55.14059 4
14.753791 55.14084 5
14.753837 55.14116 7
14.754208 55.14096 8
14.753397 55.141224 9
14.75427 55.141193 10
14.753489 55.141373 11
14.754361 55.141365 12A
14.754705 55.141277 12B
14.754966 55.141228 12C
14.755242 55.141174 12D
14.755303 55.14136 12E
14.754931 55.141453 12F
14.753916 55.141335 13
14.754743 55.141632 14
14.753974 55.141407 15
14.755112 55.141575 16
14.753633 55.141514 17
14.75538 55.141514 18
14.753768 55.141647 19
14.755699 55.141426 20
14.75408 55.14158 21
14.755975 55.141357 22
14.75395 55.141766 23A
14.753993 55.141838 23B
14.754267 55.141724 23C
14.756516 55.141216 24
14.754437 55.142017 25
14.754758 55.14196 27
14.755243 55.141857 29
14.755551 55.141777 31
14.755886 55.141693 33
14.756167 55.141624 35
14.756408 55.14153 37
14.756754 55.14148 39
14.757032 55.14139 41
15.090868 55.00024 2A
14.754396 55.140224 2
14.753849 55.14056 3
14.754354 55.14059 4
14.753791 55.14084 5
14.753837 55.14116 7
14.754208 55.14096 8
14.753397 55.141224 9
14.75427 55.141193 10
14.753489 55.141373 11
14.754361 55.141365 12A
14.754705 55.141277 12B
14.754966 55.141228 12C
14.755242 55.141174 12D
14.755303 55.14136 12E
14.754931 55.141453 12F
14.753916 55.141335 13
14.754743 55.141632 14
14.753974 55.141407 15
14.755112 55.141575 16
14.753633 55.141514 17
14.75538 55.141514 18
14.753768 55.141647 19
14.755699 55.141426 20
14.75408 55.14158 21
14.755975 55.141357 22
14.75395 55.141766 23A
14.753993 55.141838 23B
14.754267 55.141724 23C
14.756516 55.141216 24
14.754437 55.142017 25
14.754758 55.14196 27
14.755243 55.141857 29
14.755551 55.141777 31
14.755886 55.141693 33
14.756167 55.141624 35
14.756408 55.14153 37
14.756754 55.14148 39
14.757032 55.14139 41
15.090868 55.00024 2A
14.754396 55.140224 2
14.753849 55.14056 3
14.754354 55.14059 4
14.753791 55.14084 5
14.753837 55.14116 7
14.754208 55.14096 8
14.753397 55.141224 9
14.75427 55.141193 10
14.753489 55.141373 11
14.754361 55.141365 12A
14.754705 55.141277 12B
14.754966 55.141228 12C
14.755242 55.141174 12D
14.755303 55.14136 12E
14.754931 55.141453 12F
14.753916 55.141335 13
14.754743 55.141632 14
14.753974 55.141407 15
14.755112 55.141575 16
14.753633 55.141514 17
14.75538 55.141514 18
14.753768 55.141647 19
14.755699 55.141426 20
14.75408 55.14158 21
14.755975 55.141357 22
14.75395 55.141766 23A
14.753993 55.141838 23B
14.754267 55.141724 23C
14.756516 55.141216 24
14.754437 55.142017 25
14.754758 55.14196 27
14.755243 55.141857 29
14.755551 55.141777 31
14.755886 55.141693 33
14.756167 55.141624 35
14.756408 55.14153 37
14.756754 55.14148 39
14.757032 55.14139 41
15.090868 55.00024 2A
14.754396 55.140224 2
14.753849 55.14056 3
14.754354 55.14059 4
14.753791 55.14084 5
14.753837 55.14116 7
14.754208 55.14096 8
14.753397 55.141224 9
14.75427 55.141193 10
14.753489 55.141373 11
14.754361 55.141365 12A
14.754705 55.141277 12B
14.754966 55.141228 12C
14.755242 55.141174 12D
14.755303 55.14136 12E
14.754931 55.141453 12F
14.753916 55.141335 13
14.754743 55.141632 14
14.753974 55.141407 15
14.755112 55.141575 16
14.753633 55.141514 17
14.75538 55.141514 18
14.753768 55.141647 19
14.755699 55.141426 20
14.75408 55.14158 21
14.755975 55.141357 22
14.75395 55.141766 23A
14.753993 55.141838 23B
14.754267 55.141724 23C
14.756516 55.141216 24
14.754437 55.142017 25
14.754758 55.14196 27
14.755243 55.141857 29
14.755551 55.141777 31
14.755886 55.141693 33
14.756167 55.141624 35
14.756408 55.14153 37
14.756754 55.14148 39
14.757032 55.14139 41
15.090868 55.00024 2A
14.754396 55.140224 2
14.753849 55.14056 3
14.754354 55.14059 4
14.753791 55.14084 5
14.753837 55.14116 7
14.754208 55.14096 8
14.753397 55.141224 9
14.75427 55.141193 10
14.753489 55.141373 11
14.754361 55.141365 12A
14.754705 55.141277 12B
14.754966 55.141228 12C
14.755242 55.141174 12D
14.755303 55.14136 12E
14.754931 55.141453 12F
14.753916 55.141335 13
14.754743 55.141632 14
14.753974 55.141407 15
14.755112 55.141575 16
14.753633 55.141514 17
14.75538 55.141514 18
14.753768 55.141647 19
14.755699 55.141426 20
14.75408 55.14158 21
14.755975 55.141357 22
14.75395 55.141766 23A
14.753993 55.141838 23B
14.754267 55.141724 23C
14.756516 55.141216 24
14.754437 55.142017 25
14.754758 55.14196 27
14.755243 55.141857 29
14.755551 55.141777 31
14.755886 55.141693 33
14.756167 55.141624 35
14.756408 55.14153 37
14.756754 55.14148 39
14.757032 55.14139 41
15.090868 55.00024 2A
14.754396 55.140224 2
14.753849 55.14056 3
14.754354 55.14059 4
14.753791 55.14084 5
14.753837 55.14116 7
14.754208 55.14096 8
14.753397 55.141224 9
14.75427 55.141193 10
14.753489 55.141373 11
14.754361 55.141365 12A
14.754705 55.141277 12B
14.754966 55.141228 12C
14.755242 55.141174 12D
14.755303 55.14136 12E
14.754931 55.141453 12F
14.753916 55.141335 13
14.754743 55.141632 14
14.753974 55.141407 15
14.755112 55.141575 16
14.753633 55.141514 17
14.75538 55.141514 18
14.753768 55.141647 19
14.755699 55.141426 20
14.75408 55.14158 21
14.755975 55.141357 22
14.75395 55.141766 23A
14.753993 55.141838 23B
14.754267 55.141724 23C
14.756516 55.141216 24
14.754437 55.142017 25
14.754758 55.14196 27
14.755243 55.141857 29
14.755551 55.141777 31
14.755886 55.141693 33
14.756167 55.141624 35
14.756408 55.14153 37
14.756754 55.14148 39
14.757032 55.14139 41
15.090868 55.00024 2A
