14.699638 55.09552 1
14.699628 55.095383 2
14.699832 55.09539 2A
14.699922 55.095566 3
14.699965 55.09543 4
14.700014 55.095585 5
14.700147 55.09561 7
14.700578 55.095566 8
14.700234 55.09563 9
14.700715 55.09558 10
14.700389 55.09566 11
14.700843 55.095608 12
14.700489 55.095684 13
14.700946 55.09563 14
14.700608 55.095707 15
14.701101 55.09566 16
14.70073 55.095734 17
14.701191 55.09568 18
14.700889 55.095764 19
14.701332 55.09571 20
14.700981 55.095783 21
14.701409 55.095726 22
14.701122 55.09581 23
14.701787 55.09581 24
14.701227 55.095833 25
14.701346 55.095856 27
14.701682 55.095917 29
14.70043 55.09552 6
