14.75606 55.140293 2
14.755431 55.13988 3
14.755555 55.139694 5
14.754986 55.14022 6
14.753185 55.13963 7
14.751659 55.139847 8
14.752805 55.139446 9A
14.752819 55.139515 9B
14.751434 55.139835 10
14.752516 55.139576 11
14.750807 55.139767 12
14.751641 55.139515 15
14.750335 55.13936 19
14.74583 55.139202 20
14.749654 55.138325 21
14.744961 55.140255 22
14.740804 55.137856 24
14.748038 55.138573 25
14.734761 55.137047 26
14.748231 55.136192 27
14.740764 55.135597 29
14.727507 55.138374 30
14.811747 55.26368 2
14.75606 55.140293 2
14.755431 55.13988 3
14.755555 55.139694 5
14.754986 55.14022 6
14.753185 55.13963 7
14.751659 55.139847 8
14.752805 55.139446 9A
14.752819 55.139515 9B
14.751434 55.139835 10
14.752516 55.139576 11
14.750807 55.139767 12
14.751641 55.139515 15
14.750335 55.13936 19
14.74583 55.139202 20
14.749654 55.138325 21
14.744961 55.140255 22
14.740804 55.137856 24
14.748038 55.138573 25
14.734761 55.137047 26
14.748231 55.136192 27
14.740764 55.135597 29
14.727507 55.138374 30
14.811747 55.26368 2
14.75606 55.140293 2
14.755431 55.13988 3
14.755555 55.139694 5
14.754986 55.14022 6
14.753185 55.13963 7
14.751659 55.139847 8
14.752805 55.139446 9A
14.752819 55.139515 9B
14.751434 55.139835 10
14.752516 55.139576 11
14.750807 55.139767 12
14.751641 55.139515 15
14.750335 55.13936 19
14.74583 55.139202 20
14.749654 55.138325 21
14.744961 55.140255 22
14.740804 55.137856 24
14.748038 55.138573 25
14.734761 55.137047 26
14.748231 55.136192 27
14.740764 55.135597 29
14.727507 55.138374 30
14.811747 55.26368 2
14.75606 55.140293 2
14.755431 55.13988 3
14.755555 55.139694 5
14.754986 55.14022 6
14.753185 55.13963 7
14.751659 55.139847 8
14.752805 55.139446 9A
14.752819 55.139515 9B
14.751434 55.139835 10
14.752516 55.139576 11
14.750807 55.139767 12
14.751641 55.139515 15
14.750335 55.13936 19
14.74583 55.139202 20
14.749654 55.138325 21
14.744961 55.140255 22
14.740804 55.137856 24
14.748038 55.138573 25
14.734761 55.137047 26
14.748231 55.136192 27
14.740764 55.135597 29
14.727507 55.138374 30
14.811747 55.26368 2
14.75606 55.140293 2
14.755431 55.13988 3
14.755555 55.139694 5
14.754986 55.14022 6
14.753185 55.13963 7
14.751659 55.139847 8
14.752805 55.139446 9A
14.752819 55.139515 9B
14.751434 55.139835 10
14.752516 55.139576 11
14.750807 55.139767 12
14.751641 55.139515 15
14.750335 55.13936 19
14.74583 55.139202 20
14.749654 55.138325 21
14.744961 55.140255 22
14.740804 55.137856 24
14.748038 55.138573 25
14.734761 55.137047 26
14.748231 55.136192 27
14.740764 55.135597 29
14.727507 55.138374 30
14.811747 55.26368 2
14.75606 55.140293 2
14.755431 55.13988 3
14.755555 55.139694 5
14.754986 55.14022 6
14.753185 55.13963 7
14.751659 55.139847 8
14.752805 55.139446 9A
14.752819 55.139515 9B
14.751434 55.139835 10
14.752516 55.139576 11
14.750807 55.139767 12
14.751641 55.139515 15
14.750335 55.13936 19
14.74583 55.139202 20
14.749654 55.138325 21
14.744961 55.140255 22
14.740804 55.137856 24
14.748038 55.138573 25
14.734761 55.137047 26
14.748231 55.136192 27
14.740764 55.135597 29
14.727507 55.138374 30
14.811747 55.26368 2
