14.71516 55.105717 119
14.71613 55.1043 130
14.715371 55.105885 131
14.71632 55.104485 142
14.715266 55.1056 120
14.715363 55.105473 121
14.71545 55.105354 122
14.715571 55.1052 123
14.715606 55.105076 124
14.715706 55.104965 125
14.715796 55.10485 126
14.715876 55.104725 127
14.715983 55.10458 128
14.716079 55.10442 129
14.71544 55.105778 132
14.715526 55.105656 133
14.715614 55.105526 134
14.715695 55.105408 135
14.71578 55.105278 136
14.715864 55.105156 137
14.715946 55.10503 138
14.716038 55.1049 139
14.716122 55.104786 140
14.716225 55.104637 141
