14.714857 55.083523 2
14.714483 55.083706 4
14.714106 55.08387 6
14.713854 55.083687 7
14.713705 55.084072 8
14.979815 55.00821 1
14.714857 55.083523 2
14.714483 55.083706 4
14.714106 55.08387 6
14.713854 55.083687 7
14.713705 55.084072 8
14.979815 55.00821 1
14.714857 55.083523 2
14.714483 55.083706 4
14.714106 55.08387 6
14.713854 55.083687 7
14.713705 55.084072 8
14.979815 55.00821 1
14.714857 55.083523 2
14.714483 55.083706 4
14.714106 55.08387 6
14.713854 55.083687 7
14.713705 55.084072 8
14.979815 55.00821 1
14.714857 55.083523 2
14.714483 55.083706 4
14.714106 55.08387 6
14.713854 55.083687 7
14.713705 55.084072 8
14.979815 55.00821 1
14.714857 55.083523 2
14.714483 55.083706 4
14.714106 55.08387 6
14.713854 55.083687 7
14.713705 55.084072 8
14.979815 55.00821 1
