14.709684 55.1033 2
14.709246 55.103382 3
14.70957 55.103447 4
14.709129 55.10353 5
14.709455 55.103592 6
14.709014 55.103672 7
14.70934 55.103737 8
14.7089 55.10382 9
14.709225 55.10388 10
14.708785 55.10397 11
14.709151 55.104034 12
14.708654 55.10415 13
14.708972 55.104218 14
14.708528 55.10429 15
14.708862 55.104355 16
14.708415 55.104435 17
14.708756 55.104492 18
14.708302 55.104584 19
14.708646 55.10463 20
14.70819 55.10472 21
14.708538 55.104767 22
14.708077 55.104866 23
14.708433 55.104904 24
14.707981 55.10502 25
14.708321 55.105015 26
14.707949 55.105064 27
14.708277 55.105072 28
14.707864 55.105164 29
14.708201 55.105167 30
14.707818 55.105217 31
14.708156 55.105225 32
14.707732 55.105324 33
14.708077 55.105324 34
14.7077 55.10537 35
14.708043 55.10537 36
14.707613 55.105476 37
14.707964 55.105476 38
14.707583 55.105522 39
14.707922 55.105522 40
14.780525 55.286167 1
14.709684 55.1033 2
14.709246 55.103382 3
14.70957 55.103447 4
14.709129 55.10353 5
14.709455 55.103592 6
14.709014 55.103672 7
14.70934 55.103737 8
14.7089 55.10382 9
14.709225 55.10388 10
14.708785 55.10397 11
14.709151 55.104034 12
14.708654 55.10415 13
14.708972 55.104218 14
14.708528 55.10429 15
14.708862 55.104355 16
14.708415 55.104435 17
14.708756 55.104492 18
14.708302 55.104584 19
14.708646 55.10463 20
14.70819 55.10472 21
14.708538 55.104767 22
14.708077 55.104866 23
14.708433 55.104904 24
14.707981 55.10502 25
14.708321 55.105015 26
14.707949 55.105064 27
14.708277 55.105072 28
14.707864 55.105164 29
14.708201 55.105167 30
14.707818 55.105217 31
14.708156 55.105225 32
14.707732 55.105324 33
14.708077 55.105324 34
14.7077 55.10537 35
14.708043 55.10537 36
14.707613 55.105476 37
14.707964 55.105476 38
14.707583 55.105522 39
14.707922 55.105522 40
14.780525 55.286167 1
14.709684 55.1033 2
14.709246 55.103382 3
14.70957 55.103447 4
14.709129 55.10353 5
14.709455 55.103592 6
14.709014 55.103672 7
14.70934 55.103737 8
14.7089 55.10382 9
14.709225 55.10388 10
14.708785 55.10397 11
14.709151 55.104034 12
14.708654 55.10415 13
14.708972 55.104218 14
14.708528 55.10429 15
14.708862 55.104355 16
14.708415 55.104435 17
14.708756 55.104492 18
14.708302 55.104584 19
14.708646 55.10463 20
14.70819 55.10472 21
14.708538 55.104767 22
14.708077 55.104866 23
14.708433 55.104904 24
14.707981 55.10502 25
14.708321 55.105015 26
14.707949 55.105064 27
14.708277 55.105072 28
14.707864 55.105164 29
14.708201 55.105167 30
14.707818 55.105217 31
14.708156 55.105225 32
14.707732 55.105324 33
14.708077 55.105324 34
14.7077 55.10537 35
14.708043 55.10537 36
14.707613 55.105476 37
14.707964 55.105476 38
14.707583 55.105522 39
14.707922 55.105522 40
14.780525 55.286167 1
14.709684 55.1033 2
14.709246 55.103382 3
14.70957 55.103447 4
14.709129 55.10353 5
14.709455 55.103592 6
14.709014 55.103672 7
14.70934 55.103737 8
14.7089 55.10382 9
14.709225 55.10388 10
14.708785 55.10397 11
14.709151 55.104034 12
14.708654 55.10415 13
14.708972 55.104218 14
14.708528 55.10429 15
14.708862 55.104355 16
14.708415 55.104435 17
14.708756 55.104492 18
14.708302 55.104584 19
14.708646 55.10463 20
14.70819 55.10472 21
14.708538 55.104767 22
14.708077 55.104866 23
14.708433 55.104904 24
14.707981 55.10502 25
14.708321 55.105015 26
14.707949 55.105064 27
14.708277 55.105072 28
14.707864 55.105164 29
14.708201 55.105167 30
14.707818 55.105217 31
14.708156 55.105225 32
14.707732 55.105324 33
14.708077 55.105324 34
14.7077 55.10537 35
14.708043 55.10537 36
14.707613 55.105476 37
14.707964 55.105476 38
14.707583 55.105522 39
14.707922 55.105522 40
14.780525 55.286167 1
14.709684 55.1033 2
14.709246 55.103382 3
14.70957 55.103447 4
14.709129 55.10353 5
14.709455 55.103592 6
14.709014 55.103672 7
14.70934 55.103737 8
14.7089 55.10382 9
14.709225 55.10388 10
14.708785 55.10397 11
14.709151 55.104034 12
14.708654 55.10415 13
14.708972 55.104218 14
14.708528 55.10429 15
14.708862 55.104355 16
14.708415 55.104435 17
14.708756 55.104492 18
14.708302 55.104584 19
14.708646 55.10463 20
14.70819 55.10472 21
14.708538 55.104767 22
14.708077 55.104866 23
14.708433 55.104904 24
14.707981 55.10502 25
14.708321 55.105015 26
14.707949 55.105064 27
14.708277 55.105072 28
14.707864 55.105164 29
14.708201 55.105167 30
14.707818 55.105217 31
14.708156 55.105225 32
14.707732 55.105324 33
14.708077 55.105324 34
14.7077 55.10537 35
14.708043 55.10537 36
14.707613 55.105476 37
14.707964 55.105476 38
14.707583 55.105522 39
14.707922 55.105522 40
14.780525 55.286167 1
14.709684 55.1033 2
14.709246 55.103382 3
14.70957 55.103447 4
14.709129 55.10353 5
14.709455 55.103592 6
14.709014 55.103672 7
14.70934 55.103737 8
14.7089 55.10382 9
14.709225 55.10388 10
14.708785 55.10397 11
14.709151 55.104034 12
14.708654 55.10415 13
14.708972 55.104218 14
14.708528 55.10429 15
14.708862 55.104355 16
14.708415 55.104435 17
14.708756 55.104492 18
14.708302 55.104584 19
14.708646 55.10463 20
14.70819 55.10472 21
14.708538 55.104767 22
14.708077 55.104866 23
14.708433 55.104904 24
14.707981 55.10502 25
14.708321 55.105015 26
14.707949 55.105064 27
14.708277 55.105072 28
14.707864 55.105164 29
14.708201 55.105167 30
14.707818 55.105217 31
14.708156 55.105225 32
14.707732 55.105324 33
14.708077 55.105324 34
14.7077 55.10537 35
14.708043 55.10537 36
14.707613 55.105476 37
14.707964 55.105476 38
14.707583 55.105522 39
14.707922 55.105522 40
14.780525 55.286167 1
