14.691002 55.1032 1
14.691181 55.103474 2
14.690938 55.103523 4
14.690718 55.1036 6
14.690508 55.10366 8
14.691098 55.10403 16
14.689857 55.103493 11
14.691002 55.1032 1
14.691181 55.103474 2
14.690938 55.103523 4
14.690718 55.1036 6
14.690508 55.10366 8
14.691098 55.10403 16
14.689857 55.103493 11
14.691002 55.1032 1
14.691181 55.103474 2
14.690938 55.103523 4
14.690718 55.1036 6
14.690508 55.10366 8
14.691098 55.10403 16
14.689857 55.103493 11
14.691002 55.1032 1
14.691181 55.103474 2
14.690938 55.103523 4
14.690718 55.1036 6
14.690508 55.10366 8
14.691098 55.10403 16
14.689857 55.103493 11
14.691002 55.1032 1
14.691181 55.103474 2
14.690938 55.103523 4
14.690718 55.1036 6
14.690508 55.10366 8
14.691098 55.10403 16
14.689857 55.103493 11
14.691002 55.1032 1
14.691181 55.103474 2
14.690938 55.103523 4
14.690718 55.1036 6
14.690508 55.10366 8
14.691098 55.10403 16
14.689857 55.103493 11
