14.800225 55.109287 2
14.805485 55.10601 3
14.790154 55.110043 4
14.802898 55.108936 5
14.788531 55.110344 6
14.792851 55.10444 7
14.783154 55.111893 8
14.796078 55.104218 9
14.790611 55.10229 9S
14.781973 55.10856 10
14.779 55.10797 11
14.739985 55.246616 2
14.800225 55.109287 2
14.805485 55.10601 3
14.790154 55.110043 4
14.802898 55.108936 5
14.788531 55.110344 6
14.792851 55.10444 7
14.783154 55.111893 8
14.796078 55.104218 9
14.790611 55.10229 9S
14.781973 55.10856 10
14.779 55.10797 11
14.739985 55.246616 2
14.800225 55.109287 2
14.805485 55.10601 3
14.790154 55.110043 4
14.802898 55.108936 5
14.788531 55.110344 6
14.792851 55.10444 7
14.783154 55.111893 8
14.796078 55.104218 9
14.790611 55.10229 9S
14.781973 55.10856 10
14.779 55.10797 11
14.739985 55.246616 2
14.800225 55.109287 2
14.805485 55.10601 3
14.790154 55.110043 4
14.802898 55.108936 5
14.788531 55.110344 6
14.792851 55.10444 7
14.783154 55.111893 8
14.796078 55.104218 9
14.790611 55.10229 9S
14.781973 55.10856 10
14.779 55.10797 11
14.739985 55.246616 2
14.800225 55.109287 2
14.805485 55.10601 3
14.790154 55.110043 4
14.802898 55.108936 5
14.788531 55.110344 6
14.792851 55.10444 7
14.783154 55.111893 8
14.796078 55.104218 9
14.790611 55.10229 9S
14.781973 55.10856 10
14.779 55.10797 11
14.739985 55.246616 2
14.800225 55.109287 2
14.805485 55.10601 3
14.790154 55.110043 4
14.802898 55.108936 5
14.788531 55.110344 6
14.792851 55.10444 7
14.783154 55.111893 8
14.796078 55.104218 9
14.790611 55.10229 9S
14.781973 55.10856 10
14.779 55.10797 11
14.739985 55.246616 2
