14.737973 55.081615 3
14.738949 55.081104 4
14.739166 55.08079 6
14.739796 55.080803 8
14.740045 55.080303 10
14.737973 55.081615 3
14.738949 55.081104 4
14.739166 55.08079 6
14.739796 55.080803 8
14.740045 55.080303 10
14.737973 55.081615 3
14.738949 55.081104 4
14.739166 55.08079 6
14.739796 55.080803 8
14.740045 55.080303 10
14.737973 55.081615 3
14.738949 55.081104 4
14.739166 55.08079 6
14.739796 55.080803 8
14.740045 55.080303 10
14.737973 55.081615 3
14.738949 55.081104 4
14.739166 55.08079 6
14.739796 55.080803 8
14.740045 55.080303 10
14.737973 55.081615 3
14.738949 55.081104 4
14.739166 55.08079 6
14.739796 55.080803 8
14.740045 55.080303 10
