14.700928 55.103394 1
14.701007 55.103355 3
14.700821 55.10327 4
14.701074 55.10332 5
14.700761 55.10297 6
14.701151 55.103287 7
14.700999 55.1032 8
14.701236 55.10325 9
14.701093 55.103157 10
14.701314 55.103214 11
14.701209 55.103107 12A
14.701283 55.103073 12B
14.701402 55.10318 13
14.701405 55.103035 14A
14.701485 55.10301 14B
14.701495 55.10312 15
14.701531 55.102974 16
14.701481 55.10283 16A
14.701617 55.10296 16B
14.701575 55.10294 16C
14.701562 55.103092 17
14.701694 55.10293 18
14.701624 55.103073 19
14.701813 55.10289 20
14.701926 55.10285 22
14.701817 55.10303 23
14.702081 55.1028 24
14.701912 55.102997 25
14.702191 55.102764 26
14.702315 55.10272 28
14.702171 55.102905 29
14.702412 55.102688 30
14.702254 55.10288 31
14.702532 55.102646 32
14.702335 55.10285 33
14.702626 55.102608 34
14.702475 55.1028 35
14.702849 55.10267 37
14.702051 55.10295 27
14.700928 55.103394 1
14.701007 55.103355 3
14.700821 55.10327 4
14.701074 55.10332 5
14.700761 55.10297 6
14.701151 55.103287 7
14.700999 55.1032 8
14.701236 55.10325 9
14.701093 55.103157 10
14.701314 55.103214 11
14.701209 55.103107 12A
14.701283 55.103073 12B
14.701402 55.10318 13
14.701405 55.103035 14A
14.701485 55.10301 14B
14.701495 55.10312 15
14.701531 55.102974 16
14.701481 55.10283 16A
14.701617 55.10296 16B
14.701575 55.10294 16C
14.701562 55.103092 17
14.701694 55.10293 18
14.701624 55.103073 19
14.701813 55.10289 20
14.701926 55.10285 22
14.701817 55.10303 23
14.702081 55.1028 24
14.701912 55.102997 25
14.702191 55.102764 26
14.702315 55.10272 28
14.702171 55.102905 29
14.702412 55.102688 30
14.702254 55.10288 31
14.702532 55.102646 32
14.702335 55.10285 33
14.702626 55.102608 34
14.702475 55.1028 35
14.702849 55.10267 37
14.702051 55.10295 27
14.700928 55.103394 1
14.701007 55.103355 3
14.700821 55.10327 4
14.701074 55.10332 5
14.700761 55.10297 6
14.701151 55.103287 7
14.700999 55.1032 8
14.701236 55.10325 9
14.701093 55.103157 10
14.701314 55.103214 11
14.701209 55.103107 12A
14.701283 55.103073 12B
14.701402 55.10318 13
14.701405 55.103035 14A
14.701485 55.10301 14B
14.701495 55.10312 15
14.701531 55.102974 16
14.701481 55.10283 16A
14.701617 55.10296 16B
14.701575 55.10294 16C
14.701562 55.103092 17
14.701694 55.10293 18
14.701624 55.103073 19
14.701813 55.10289 20
14.701926 55.10285 22
14.701817 55.10303 23
14.702081 55.1028 24
14.701912 55.102997 25
14.702191 55.102764 26
14.702315 55.10272 28
14.702171 55.102905 29
14.702412 55.102688 30
14.702254 55.10288 31
14.702532 55.102646 32
14.702335 55.10285 33
14.702626 55.102608 34
14.702475 55.1028 35
14.702849 55.10267 37
14.702051 55.10295 27
14.700928 55.103394 1
14.701007 55.103355 3
14.700821 55.10327 4
14.701074 55.10332 5
14.700761 55.10297 6
14.701151 55.103287 7
14.700999 55.1032 8
14.701236 55.10325 9
14.701093 55.103157 10
14.701314 55.103214 11
14.701209 55.103107 12A
14.701283 55.103073 12B
14.701402 55.10318 13
14.701405 55.103035 14A
14.701485 55.10301 14B
14.701495 55.10312 15
14.701531 55.102974 16
14.701481 55.10283 16A
14.701617 55.10296 16B
14.701575 55.10294 16C
14.701562 55.103092 17
14.701694 55.10293 18
14.701624 55.103073 19
14.701813 55.10289 20
14.701926 55.10285 22
14.701817 55.10303 23
14.702081 55.1028 24
14.701912 55.102997 25
14.702191 55.102764 26
14.702315 55.10272 28
14.702171 55.102905 29
14.702412 55.102688 30
14.702254 55.10288 31
14.702532 55.102646 32
14.702335 55.10285 33
14.702626 55.102608 34
14.702475 55.1028 35
14.702849 55.10267 37
14.702051 55.10295 27
14.700928 55.103394 1
14.701007 55.103355 3
14.700821 55.10327 4
14.701074 55.10332 5
14.700761 55.10297 6
14.701151 55.103287 7
14.700999 55.1032 8
14.701236 55.10325 9
14.701093 55.103157 10
14.701314 55.103214 11
14.701209 55.103107 12A
14.701283 55.103073 12B
14.701402 55.10318 13
14.701405 55.103035 14A
14.701485 55.10301 14B
14.701495 55.10312 15
14.701531 55.102974 16
14.701481 55.10283 16A
14.701617 55.10296 16B
14.701575 55.10294 16C
14.701562 55.103092 17
14.701694 55.10293 18
14.701624 55.103073 19
14.701813 55.10289 20
14.701926 55.10285 22
14.701817 55.10303 23
14.702081 55.1028 24
14.701912 55.102997 25
14.702191 55.102764 26
14.702315 55.10272 28
14.702171 55.102905 29
14.702412 55.102688 30
14.702254 55.10288 31
14.702532 55.102646 32
14.702335 55.10285 33
14.702626 55.102608 34
14.702475 55.1028 35
14.702849 55.10267 37
14.702051 55.10295 27
14.700928 55.103394 1
14.701007 55.103355 3
14.700821 55.10327 4
14.701074 55.10332 5
14.700761 55.10297 6
14.701151 55.103287 7
14.700999 55.1032 8
14.701236 55.10325 9
14.701093 55.103157 10
14.701314 55.103214 11
14.701209 55.103107 12A
14.701283 55.103073 12B
14.701402 55.10318 13
14.701405 55.103035 14A
14.701485 55.10301 14B
14.701495 55.10312 15
14.701531 55.102974 16
14.701481 55.10283 16A
14.701617 55.10296 16B
14.701575 55.10294 16C
14.701562 55.103092 17
14.701694 55.10293 18
14.701624 55.103073 19
14.701813 55.10289 20
14.701926 55.10285 22
14.701817 55.10303 23
14.702081 55.1028 24
14.701912 55.102997 25
14.702191 55.102764 26
14.702315 55.10272 28
14.702171 55.102905 29
14.702412 55.102688 30
14.702254 55.10288 31
14.702532 55.102646 32
14.702335 55.10285 33
14.702626 55.102608 34
14.702475 55.1028 35
14.702849 55.10267 37
14.702051 55.10295 27
