14.756778 55.137268 1
14.75633 55.137535 2
14.756522 55.13725 3
14.756019 55.13748 4
14.756187 55.137184 5
14.756578 55.192226 1
14.756778 55.137268 1
14.75633 55.137535 2
14.756522 55.13725 3
14.756019 55.13748 4
14.756187 55.137184 5
14.756578 55.192226 1
14.756778 55.137268 1
14.75633 55.137535 2
14.756522 55.13725 3
14.756019 55.13748 4
14.756187 55.137184 5
14.756578 55.192226 1
14.756778 55.137268 1
14.75633 55.137535 2
14.756522 55.13725 3
14.756019 55.13748 4
14.756187 55.137184 5
14.756578 55.192226 1
14.756778 55.137268 1
14.75633 55.137535 2
14.756522 55.13725 3
14.756019 55.13748 4
14.756187 55.137184 5
14.756578 55.192226 1
14.756778 55.137268 1
14.75633 55.137535 2
14.756522 55.13725 3
14.756019 55.13748 4
14.756187 55.137184 5
14.756578 55.192226 1
