14.718943 55.103092 2
14.71902 55.103424 3
14.719244 55.103233 4
14.719341 55.103577 5
14.719521 55.10336 6
14.719663 55.103725 7
14.719793 55.103485 8
14.719953 55.10386 9
14.720049 55.103615 10
14.720257 55.104008 11
14.72032 55.10374 12
14.720511 55.10412 13
14.720571 55.10384 14
14.720861 55.10424 15
14.720899 55.103962 16
14.72118 55.104107 18
14.718943 55.103092 2
14.71902 55.103424 3
14.719244 55.103233 4
14.719341 55.103577 5
14.719521 55.10336 6
14.719663 55.103725 7
14.719793 55.103485 8
14.719953 55.10386 9
14.720049 55.103615 10
14.720257 55.104008 11
14.72032 55.10374 12
14.720511 55.10412 13
14.720571 55.10384 14
14.720861 55.10424 15
14.720899 55.103962 16
14.72118 55.104107 18
14.718943 55.103092 2
14.71902 55.103424 3
14.719244 55.103233 4
14.719341 55.103577 5
14.719521 55.10336 6
14.719663 55.103725 7
14.719793 55.103485 8
14.719953 55.10386 9
14.720049 55.103615 10
14.720257 55.104008 11
14.72032 55.10374 12
14.720511 55.10412 13
14.720571 55.10384 14
14.720861 55.10424 15
14.720899 55.103962 16
14.72118 55.104107 18
14.718943 55.103092 2
14.71902 55.103424 3
14.719244 55.103233 4
14.719341 55.103577 5
14.719521 55.10336 6
14.719663 55.103725 7
14.719793 55.103485 8
14.719953 55.10386 9
14.720049 55.103615 10
14.720257 55.104008 11
14.72032 55.10374 12
14.720511 55.10412 13
14.720571 55.10384 14
14.720861 55.10424 15
14.720899 55.103962 16
14.72118 55.104107 18
14.718943 55.103092 2
14.71902 55.103424 3
14.719244 55.103233 4
14.719341 55.103577 5
14.719521 55.10336 6
14.719663 55.103725 7
14.719793 55.103485 8
14.719953 55.10386 9
14.720049 55.103615 10
14.720257 55.104008 11
14.72032 55.10374 12
14.720511 55.10412 13
14.720571 55.10384 14
14.720861 55.10424 15
14.720899 55.103962 16
14.72118 55.104107 18
14.718943 55.103092 2
14.71902 55.103424 3
14.719244 55.103233 4
14.719341 55.103577 5
14.719521 55.10336 6
14.719663 55.103725 7
14.719793 55.103485 8
14.719953 55.10386 9
14.720049 55.103615 10
14.720257 55.104008 11
14.72032 55.10374 12
14.720511 55.10412 13
14.720571 55.10384 14
14.720861 55.10424 15
14.720899 55.103962 16
14.72118 55.104107 18
