14.704944 55.112904 1
14.704881 55.112747 2
14.705428 55.11282 3
14.705129 55.112717 4
14.705538 55.112804 5
14.705214 55.112705 6
14.705632 55.11279 7
14.705398 55.11268 8
14.705489 55.112667 10
14.707091 55.11264 11
14.70741 55.112648 13
14.706874 55.112473 14
14.70757 55.11255 15
14.706993 55.112457 16
14.707816 55.112457 17
14.707279 55.112366 18
14.708123 55.112377 19
14.707502 55.1123 20
14.708393 55.11228 21
14.707733 55.112217 22
14.708494 55.112244 23
14.708009 55.112133 24
14.706915 55.112732 9
