14.717615 55.095577 2
14.717101 55.09414 5
14.716412 55.093678 7
14.716543 55.0938 9
14.716668 55.093906 11
14.71704 55.093845 13
14.716929 55.09373 15
14.716813 55.093586 17
14.717624 55.093678 19
14.716258 55.093456 21
14.718051 55.09396 3
14.717321 55.095215 4
14.717615 55.095577 2
14.717101 55.09414 5
14.716412 55.093678 7
14.716543 55.0938 9
14.716668 55.093906 11
14.71704 55.093845 13
14.716929 55.09373 15
14.716813 55.093586 17
14.717624 55.093678 19
14.716258 55.093456 21
14.718051 55.09396 3
14.717321 55.095215 4
14.717615 55.095577 2
14.717101 55.09414 5
14.716412 55.093678 7
14.716543 55.0938 9
14.716668 55.093906 11
14.71704 55.093845 13
14.716929 55.09373 15
14.716813 55.093586 17
14.717624 55.093678 19
14.716258 55.093456 21
14.718051 55.09396 3
14.717321 55.095215 4
14.717615 55.095577 2
14.717101 55.09414 5
14.716412 55.093678 7
14.716543 55.0938 9
14.716668 55.093906 11
14.71704 55.093845 13
14.716929 55.09373 15
14.716813 55.093586 17
14.717624 55.093678 19
14.716258 55.093456 21
14.718051 55.09396 3
14.717321 55.095215 4
14.717615 55.095577 2
14.717101 55.09414 5
14.716412 55.093678 7
14.716543 55.0938 9
14.716668 55.093906 11
14.71704 55.093845 13
14.716929 55.09373 15
14.716813 55.093586 17
14.717624 55.093678 19
14.716258 55.093456 21
14.718051 55.09396 3
14.717321 55.095215 4
14.717615 55.095577 2
14.717101 55.09414 5
14.716412 55.093678 7
14.716543 55.0938 9
14.716668 55.093906 11
14.71704 55.093845 13
14.716929 55.09373 15
14.716813 55.093586 17
14.717624 55.093678 19
14.716258 55.093456 21
14.718051 55.09396 3
14.717321 55.095215 4
