14.711887 55.1216 2
14.712295 55.12123 3
14.711804 55.121418 4
14.712168 55.121075 5
14.711733 55.121265 6
14.71224 55.12094 7
14.711667 55.121117 8
14.71201 55.120834 9
14.711598 55.120975 10
14.711979 55.120773 11
14.711534 55.12083 12
14.711893 55.1206 13
14.71147 55.12065 14
14.711863 55.12054 15
14.711394 55.120407 16
14.711909 55.120316 17
14.711224 55.12015 18
14.711765 55.12009 19
14.711232 55.11999 20
14.711705 55.119915 21
14.711204 55.119812 22
14.711644 55.119762 23
14.711081 55.11954 24
14.71154 55.119595 25
14.711064 55.119297 26
14.711476 55.119373 27
14.711001 55.11911 28
14.711545 55.11918 29
14.710938 55.118893 30
14.711372 55.118908 31
14.710884 55.118706 32
14.711199 55.118404 33
14.710816 55.11851 34A
14.710766 55.118343 34B
14.711628 55.11836 35
14.710691 55.118126 36
14.711121 55.118103 37
14.710643 55.117958 38
14.711076 55.117943 39
14.710591 55.11777 40
14.711017 55.11775 41
14.710538 55.117584 42
14.71096 55.117542 43
14.710499 55.11742 44
14.7109 55.117332 45
14.710395 55.11719 46
14.711887 55.1216 2
14.712295 55.12123 3
14.711804 55.121418 4
14.712168 55.121075 5
14.711733 55.121265 6
14.71224 55.12094 7
14.711667 55.121117 8
14.71201 55.120834 9
14.711598 55.120975 10
14.711979 55.120773 11
14.711534 55.12083 12
14.711893 55.1206 13
14.71147 55.12065 14
14.711863 55.12054 15
14.711394 55.120407 16
14.711909 55.120316 17
14.711224 55.12015 18
14.711765 55.12009 19
14.711232 55.11999 20
14.711705 55.119915 21
14.711204 55.119812 22
14.711644 55.119762 23
14.711081 55.11954 24
14.71154 55.119595 25
14.711064 55.119297 26
14.711476 55.119373 27
14.711001 55.11911 28
14.711545 55.11918 29
14.710938 55.118893 30
14.711372 55.118908 31
14.710884 55.118706 32
14.711199 55.118404 33
14.710816 55.11851 34A
14.710766 55.118343 34B
14.711628 55.11836 35
14.710691 55.118126 36
14.711121 55.118103 37
14.710643 55.117958 38
14.711076 55.117943 39
14.710591 55.11777 40
14.711017 55.11775 41
14.710538 55.117584 42
14.71096 55.117542 43
14.710499 55.11742 44
14.7109 55.117332 45
14.710395 55.11719 46
14.711887 55.1216 2
14.712295 55.12123 3
14.711804 55.121418 4
14.712168 55.121075 5
14.711733 55.121265 6
14.71224 55.12094 7
14.711667 55.121117 8
14.71201 55.120834 9
14.711598 55.120975 10
14.711979 55.120773 11
14.711534 55.12083 12
14.711893 55.1206 13
14.71147 55.12065 14
14.711863 55.12054 15
14.711394 55.120407 16
14.711909 55.120316 17
14.711224 55.12015 18
14.711765 55.12009 19
14.711232 55.11999 20
14.711705 55.119915 21
14.711204 55.119812 22
14.711644 55.119762 23
14.711081 55.11954 24
14.71154 55.119595 25
14.711064 55.119297 26
14.711476 55.119373 27
14.711001 55.11911 28
14.711545 55.11918 29
14.710938 55.118893 30
14.711372 55.118908 31
14.710884 55.118706 32
14.711199 55.118404 33
14.710816 55.11851 34A
14.710766 55.118343 34B
14.711628 55.11836 35
14.710691 55.118126 36
14.711121 55.118103 37
14.710643 55.117958 38
14.711076 55.117943 39
14.710591 55.11777 40
14.711017 55.11775 41
14.710538 55.117584 42
14.71096 55.117542 43
14.710499 55.11742 44
14.7109 55.117332 45
14.710395 55.11719 46
14.711887 55.1216 2
14.712295 55.12123 3
14.711804 55.121418 4
14.712168 55.121075 5
14.711733 55.121265 6
14.71224 55.12094 7
14.711667 55.121117 8
14.71201 55.120834 9
14.711598 55.120975 10
14.711979 55.120773 11
14.711534 55.12083 12
14.711893 55.1206 13
14.71147 55.12065 14
14.711863 55.12054 15
14.711394 55.120407 16
14.711909 55.120316 17
14.711224 55.12015 18
14.711765 55.12009 19
14.711232 55.11999 20
14.711705 55.119915 21
14.711204 55.119812 22
14.711644 55.119762 23
14.711081 55.11954 24
14.71154 55.119595 25
14.711064 55.119297 26
14.711476 55.119373 27
14.711001 55.11911 28
14.711545 55.11918 29
14.710938 55.118893 30
14.711372 55.118908 31
14.710884 55.118706 32
14.711199 55.118404 33
14.710816 55.11851 34A
14.710766 55.118343 34B
14.711628 55.11836 35
14.710691 55.118126 36
14.711121 55.118103 37
14.710643 55.117958 38
14.711076 55.117943 39
14.710591 55.11777 40
14.711017 55.11775 41
14.710538 55.117584 42
14.71096 55.117542 43
14.710499 55.11742 44
14.7109 55.117332 45
14.710395 55.11719 46
14.711887 55.1216 2
14.712295 55.12123 3
14.711804 55.121418 4
14.712168 55.121075 5
14.711733 55.121265 6
14.71224 55.12094 7
14.711667 55.121117 8
14.71201 55.120834 9
14.711598 55.120975 10
14.711979 55.120773 11
14.711534 55.12083 12
14.711893 55.1206 13
14.71147 55.12065 14
14.711863 55.12054 15
14.711394 55.120407 16
14.711909 55.120316 17
14.711224 55.12015 18
14.711765 55.12009 19
14.711232 55.11999 20
14.711705 55.119915 21
14.711204 55.119812 22
14.711644 55.119762 23
14.711081 55.11954 24
14.71154 55.119595 25
14.711064 55.119297 26
14.711476 55.119373 27
14.711001 55.11911 28
14.711545 55.11918 29
14.710938 55.118893 30
14.711372 55.118908 31
14.710884 55.118706 32
14.711199 55.118404 33
14.710816 55.11851 34A
14.710766 55.118343 34B
14.711628 55.11836 35
14.710691 55.118126 36
14.711121 55.118103 37
14.710643 55.117958 38
14.711076 55.117943 39
14.710591 55.11777 40
14.711017 55.11775 41
14.710538 55.117584 42
14.71096 55.117542 43
14.710499 55.11742 44
14.7109 55.117332 45
14.710395 55.11719 46
14.711887 55.1216 2
14.712295 55.12123 3
14.711804 55.121418 4
14.712168 55.121075 5
14.711733 55.121265 6
14.71224 55.12094 7
14.711667 55.121117 8
14.71201 55.120834 9
14.711598 55.120975 10
14.711979 55.120773 11
14.711534 55.12083 12
14.711893 55.1206 13
14.71147 55.12065 14
14.711863 55.12054 15
14.711394 55.120407 16
14.711909 55.120316 17
14.711224 55.12015 18
14.711765 55.12009 19
14.711232 55.11999 20
14.711705 55.119915 21
14.711204 55.119812 22
14.711644 55.119762 23
14.711081 55.11954 24
14.71154 55.119595 25
14.711064 55.119297 26
14.711476 55.119373 27
14.711001 55.11911 28
14.711545 55.11918 29
14.710938 55.118893 30
14.711372 55.118908 31
14.710884 55.118706 32
14.711199 55.118404 33
14.710816 55.11851 34A
14.710766 55.118343 34B
14.711628 55.11836 35
14.710691 55.118126 36
14.711121 55.118103 37
14.710643 55.117958 38
14.711076 55.117943 39
14.710591 55.11777 40
14.711017 55.11775 41
14.710538 55.117584 42
14.71096 55.117542 43
14.710499 55.11742 44
14.7109 55.117332 45
14.710395 55.11719 46
