14.701467 55.105686 1
14.701972 55.105793 2
14.701642 55.105812 3
14.702031 55.105816 4
14.701828 55.10591 5
14.702132 55.10587 6
14.702024 55.105995 7
14.70237 55.105988 8
14.702008 55.106125 9
14.701777 55.10621 11
15.104997 55.03469 1
14.701467 55.105686 1
14.701972 55.105793 2
14.701642 55.105812 3
14.702031 55.105816 4
14.701828 55.10591 5
14.702132 55.10587 6
14.702024 55.105995 7
14.70237 55.105988 8
14.702008 55.106125 9
14.701777 55.10621 11
15.104997 55.03469 1
14.701467 55.105686 1
14.701972 55.105793 2
14.701642 55.105812 3
14.702031 55.105816 4
14.701828 55.10591 5
14.702132 55.10587 6
14.702024 55.105995 7
14.70237 55.105988 8
14.702008 55.106125 9
14.701777 55.10621 11
15.104997 55.03469 1
14.701467 55.105686 1
14.701972 55.105793 2
14.701642 55.105812 3
14.702031 55.105816 4
14.701828 55.10591 5
14.702132 55.10587 6
14.702024 55.105995 7
14.70237 55.105988 8
14.702008 55.106125 9
14.701777 55.10621 11
15.104997 55.03469 1
14.701467 55.105686 1
14.701972 55.105793 2
14.701642 55.105812 3
14.702031 55.105816 4
14.701828 55.10591 5
14.702132 55.10587 6
14.702024 55.105995 7
14.70237 55.105988 8
14.702008 55.106125 9
14.701777 55.10621 11
15.104997 55.03469 1
14.701467 55.105686 1
14.701972 55.105793 2
14.701642 55.105812 3
14.702031 55.105816 4
14.701828 55.10591 5
14.702132 55.10587 6
14.702024 55.105995 7
14.70237 55.105988 8
14.702008 55.106125 9
14.701777 55.10621 11
15.104997 55.03469 1
