14.805171 55.11621 2
14.813727 55.11713 3
14.819867 55.115795 4
14.837775 55.118435 5
14.821318 55.116714 6
14.845185 55.119358 7
14.8385 55.117615 8
14.846606 55.119522 9
14.843378 55.118675 10
14.847838 55.119705 11
14.844172 55.118046 12
14.850025 55.12002 13
14.844948 55.118904 14
14.852501 55.121567 15
14.850959 55.117447 16
14.8573 55.122696 17
14.847139 55.119183 18
14.859605 55.12325 19
14.850145 55.11915 20
14.862213 55.121906 21
14.853068 55.11975 22
14.862995 55.12181 23
14.855741 55.120724 24
14.868513 55.121773 25
14.857703 55.121017 26
14.861528 55.121433 28
14.872129 55.12524 29
14.861927 55.121475 30
14.875722 55.122643 31
14.862338 55.12148 32
14.876279 55.12166 33
14.861625 55.118004 34
14.876592 55.121918 35
14.864949 55.121426 36
14.8786 55.12149 37
14.866336 55.117966 38
14.868381 55.11939 40
14.873407 55.121048 42
14.840171 55.118023 8B
14.870262 55.121624 27
14.879137 55.121082 46B
