14.712741 55.11642 2
14.714427 55.116623 3
14.713108 55.116383 4
14.714727 55.116566 5
14.713454 55.116325 6
14.715095 55.116447 7
14.713747 55.11627 8
14.715525 55.11651 9
14.715896 55.116417 11
14.71467 55.11615 12
14.716216 55.116436 13
14.715163 55.116135 14
14.716541 55.11634 15
14.715527 55.116096 16
14.716862 55.11622 17
14.715869 55.116043 18
14.717235 55.116196 19
14.716211 55.116013 20
14.717666 55.116196 21
14.716585 55.115955 22
14.718041 55.11604 23
14.716949 55.115917 24
14.718458 55.115986 25
14.717295 55.11587 26
14.718764 55.115944 27
14.717611 55.115845 28
14.719143 55.115906 29
14.717934 55.11581 30
14.719496 55.115864 31
14.718494 55.11574 32
14.718781 55.115685 34
14.720165 55.115784 35
14.719103 55.115658 36
14.719506 55.115623 38
14.719855 55.115578 40
14.718192 55.115772 30B
14.719813 55.115826 33
14.714263 55.116238 10
14.718412 55.180573 2
14.712741 55.11642 2
14.714427 55.116623 3
14.713108 55.116383 4
14.714727 55.116566 5
14.713454 55.116325 6
14.715095 55.116447 7
14.713747 55.11627 8
14.715525 55.11651 9
14.715896 55.116417 11
14.71467 55.11615 12
14.716216 55.116436 13
14.715163 55.116135 14
14.716541 55.11634 15
14.715527 55.116096 16
14.716862 55.11622 17
14.715869 55.116043 18
14.717235 55.116196 19
14.716211 55.116013 20
14.717666 55.116196 21
14.716585 55.115955 22
14.718041 55.11604 23
14.716949 55.115917 24
14.718458 55.115986 25
14.717295 55.11587 26
14.718764 55.115944 27
14.717611 55.115845 28
14.719143 55.115906 29
14.717934 55.11581 30
14.719496 55.115864 31
14.718494 55.11574 32
14.718781 55.115685 34
14.720165 55.115784 35
14.719103 55.115658 36
14.719506 55.115623 38
14.719855 55.115578 40
14.718192 55.115772 30B
14.719813 55.115826 33
14.714263 55.116238 10
14.718412 55.180573 2
14.712741 55.11642 2
14.714427 55.116623 3
14.713108 55.116383 4
14.714727 55.116566 5
14.713454 55.116325 6
14.715095 55.116447 7
14.713747 55.11627 8
14.715525 55.11651 9
14.715896 55.116417 11
14.71467 55.11615 12
14.716216 55.116436 13
14.715163 55.116135 14
14.716541 55.11634 15
14.715527 55.116096 16
14.716862 55.11622 17
14.715869 55.116043 18
14.717235 55.116196 19
14.716211 55.116013 20
14.717666 55.116196 21
14.716585 55.115955 22
14.718041 55.11604 23
14.716949 55.115917 24
14.718458 55.115986 25
14.717295 55.11587 26
14.718764 55.115944 27
14.717611 55.115845 28
14.719143 55.115906 29
14.717934 55.11581 30
14.719496 55.115864 31
14.718494 55.11574 32
14.718781 55.115685 34
14.720165 55.115784 35
14.719103 55.115658 36
14.719506 55.115623 38
14.719855 55.115578 40
14.718192 55.115772 30B
14.719813 55.115826 33
14.714263 55.116238 10
14.718412 55.180573 2
14.712741 55.11642 2
14.714427 55.116623 3
14.713108 55.116383 4
14.714727 55.116566 5
14.713454 55.116325 6
14.715095 55.116447 7
14.713747 55.11627 8
14.715525 55.11651 9
14.715896 55.116417 11
14.71467 55.11615 12
14.716216 55.116436 13
14.715163 55.116135 14
14.716541 55.11634 15
14.715527 55.116096 16
14.716862 55.11622 17
14.715869 55.116043 18
14.717235 55.116196 19
14.716211 55.116013 20
14.717666 55.116196 21
14.716585 55.115955 22
14.718041 55.11604 23
14.716949 55.115917 24
14.718458 55.115986 25
14.717295 55.11587 26
14.718764 55.115944 27
14.717611 55.115845 28
14.719143 55.115906 29
14.717934 55.11581 30
14.719496 55.115864 31
14.718494 55.11574 32
14.718781 55.115685 34
14.720165 55.115784 35
14.719103 55.115658 36
14.719506 55.115623 38
14.719855 55.115578 40
14.718192 55.115772 30B
14.719813 55.115826 33
14.714263 55.116238 10
14.718412 55.180573 2
14.712741 55.11642 2
14.714427 55.116623 3
14.713108 55.116383 4
14.714727 55.116566 5
14.713454 55.116325 6
14.715095 55.116447 7
14.713747 55.11627 8
14.715525 55.11651 9
14.715896 55.116417 11
14.71467 55.11615 12
14.716216 55.116436 13
14.715163 55.116135 14
14.716541 55.11634 15
14.715527 55.116096 16
14.716862 55.11622 17
14.715869 55.116043 18
14.717235 55.116196 19
14.716211 55.116013 20
14.717666 55.116196 21
14.716585 55.115955 22
14.718041 55.11604 23
14.716949 55.115917 24
14.718458 55.115986 25
14.717295 55.11587 26
14.718764 55.115944 27
14.717611 55.115845 28
14.719143 55.115906 29
14.717934 55.11581 30
14.719496 55.115864 31
14.718494 55.11574 32
14.718781 55.115685 34
14.720165 55.115784 35
14.719103 55.115658 36
14.719506 55.115623 38
14.719855 55.115578 40
14.718192 55.115772 30B
14.719813 55.115826 33
14.714263 55.116238 10
14.718412 55.180573 2
14.712741 55.11642 2
14.714427 55.116623 3
14.713108 55.116383 4
14.714727 55.116566 5
14.713454 55.116325 6
14.715095 55.116447 7
14.713747 55.11627 8
14.715525 55.11651 9
14.715896 55.116417 11
14.71467 55.11615 12
14.716216 55.116436 13
14.715163 55.116135 14
14.716541 55.11634 15
14.715527 55.116096 16
14.716862 55.11622 17
14.715869 55.116043 18
14.717235 55.116196 19
14.716211 55.116013 20
14.717666 55.116196 21
14.716585 55.115955 22
14.718041 55.11604 23
14.716949 55.115917 24
14.718458 55.115986 25
14.717295 55.11587 26
14.718764 55.115944 27
14.717611 55.115845 28
14.719143 55.115906 29
14.717934 55.11581 30
14.719496 55.115864 31
14.718494 55.11574 32
14.718781 55.115685 34
14.720165 55.115784 35
14.719103 55.115658 36
14.719506 55.115623 38
14.719855 55.115578 40
14.718192 55.115772 30B
14.719813 55.115826 33
14.714263 55.116238 10
14.718412 55.180573 2
