14.703718 55.1047 2
14.703992 55.10484 3
14.703983 55.104702 4
14.704082 55.10484 5
14.704083 55.104706 6
14.704231 55.104847 7
14.704234 55.104706 8
14.704322 55.104847 9
14.704321 55.104706 10
14.704466 55.10485 11
14.70446 55.10471 12
14.704565 55.10485 13
14.70456 55.104713 14
14.704694 55.10471 16
14.704806 55.104855 17
14.704789 55.10471 18
14.70494 55.10486 19
14.704941 55.104717 20
14.705035 55.10486 21
14.705034 55.104717 22
14.705177 55.10486 23
14.705278 55.104862 25
14.705328 55.104725 26
14.705407 55.104862 27
14.704714 55.104855 15
14.705186 55.10472 24
