14.697954 55.093063 1A
14.697735 55.092854 1B
14.696954 55.09258 2
14.697937 55.094097 2A
14.697779 55.09255 5
14.696449 55.09189 7
14.695015 55.090984 10
14.695588 55.0915 8B
14.694068 55.09097 12
14.694119 55.090633 14C
14.693921 55.090397 16
14.694833 55.091377 8C
14.694885 55.091038 10A
14.694429 55.09051 14A
14.694274 55.090572 14B
14.693955 55.09069 14D
14.693599 55.090652 14F
14.693743 55.090733 14E
14.696903 55.091904 7
14.697954 55.093063 1A
14.697735 55.092854 1B
14.696954 55.09258 2
14.697937 55.094097 2A
14.697779 55.09255 5
14.696449 55.09189 7
14.695015 55.090984 10
14.695588 55.0915 8B
14.694068 55.09097 12
14.694119 55.090633 14C
14.693921 55.090397 16
14.694833 55.091377 8C
14.694885 55.091038 10A
14.694429 55.09051 14A
14.694274 55.090572 14B
14.693955 55.09069 14D
14.693599 55.090652 14F
14.693743 55.090733 14E
14.696903 55.091904 7
14.697954 55.093063 1A
14.697735 55.092854 1B
14.696954 55.09258 2
14.697937 55.094097 2A
14.697779 55.09255 5
14.696449 55.09189 7
14.695015 55.090984 10
14.695588 55.0915 8B
14.694068 55.09097 12
14.694119 55.090633 14C
14.693921 55.090397 16
14.694833 55.091377 8C
14.694885 55.091038 10A
14.694429 55.09051 14A
14.694274 55.090572 14B
14.693955 55.09069 14D
14.693599 55.090652 14F
14.693743 55.090733 14E
14.696903 55.091904 7
14.697954 55.093063 1A
14.697735 55.092854 1B
14.696954 55.09258 2
14.697937 55.094097 2A
14.697779 55.09255 5
14.696449 55.09189 7
14.695015 55.090984 10
14.695588 55.0915 8B
14.694068 55.09097 12
14.694119 55.090633 14C
14.693921 55.090397 16
14.694833 55.091377 8C
14.694885 55.091038 10A
14.694429 55.09051 14A
14.694274 55.090572 14B
14.693955 55.09069 14D
14.693599 55.090652 14F
14.693743 55.090733 14E
14.696903 55.091904 7
14.697954 55.093063 1A
14.697735 55.092854 1B
14.696954 55.09258 2
14.697937 55.094097 2A
14.697779 55.09255 5
14.696449 55.09189 7
14.695015 55.090984 10
14.695588 55.0915 8B
14.694068 55.09097 12
14.694119 55.090633 14C
14.693921 55.090397 16
14.694833 55.091377 8C
14.694885 55.091038 10A
14.694429 55.09051 14A
14.694274 55.090572 14B
14.693955 55.09069 14D
14.693599 55.090652 14F
14.693743 55.090733 14E
14.696903 55.091904 7
14.697954 55.093063 1A
14.697735 55.092854 1B
14.696954 55.09258 2
14.697937 55.094097 2A
14.697779 55.09255 5
14.696449 55.09189 7
14.695015 55.090984 10
14.695588 55.0915 8B
14.694068 55.09097 12
14.694119 55.090633 14C
14.693921 55.090397 16
14.694833 55.091377 8C
14.694885 55.091038 10A
14.694429 55.09051 14A
14.694274 55.090572 14B
14.693955 55.09069 14D
14.693599 55.090652 14F
14.693743 55.090733 14E
14.696903 55.091904 7
