14.784363 55.130318 2
14.78145 55.13078 3
14.797862 55.130917 4
14.792773 55.13228 5
15.109629 55.031746 1A
14.784363 55.130318 2
14.78145 55.13078 3
14.797862 55.130917 4
14.792773 55.13228 5
15.109629 55.031746 1A
14.784363 55.130318 2
14.78145 55.13078 3
14.797862 55.130917 4
14.792773 55.13228 5
15.109629 55.031746 1A
14.784363 55.130318 2
14.78145 55.13078 3
14.797862 55.130917 4
14.792773 55.13228 5
15.109629 55.031746 1A
14.784363 55.130318 2
14.78145 55.13078 3
14.797862 55.130917 4
14.792773 55.13228 5
15.109629 55.031746 1A
14.784363 55.130318 2
14.78145 55.13078 3
14.797862 55.130917 4
14.792773 55.13228 5
15.109629 55.031746 1A
