14.72084 55.09222 2
14.720313 55.09236 2A
14.720426 55.091908 3
14.720303 55.092175 4
14.72014 55.0919 5
14.719947 55.0921 6
14.719459 55.091805 7
14.719579 55.09213 8
14.719262 55.091507 9
14.718985 55.092068 10
14.71893 55.091766 11
14.718673 55.091736 13
14.717485 55.09221 12
14.895909 55.21403 1
14.72084 55.09222 2
14.720313 55.09236 2A
14.720426 55.091908 3
14.720303 55.092175 4
14.72014 55.0919 5
14.719947 55.0921 6
14.719459 55.091805 7
14.719579 55.09213 8
14.719262 55.091507 9
14.718985 55.092068 10
14.71893 55.091766 11
14.718673 55.091736 13
14.717485 55.09221 12
14.895909 55.21403 1
14.72084 55.09222 2
14.720313 55.09236 2A
14.720426 55.091908 3
14.720303 55.092175 4
14.72014 55.0919 5
14.719947 55.0921 6
14.719459 55.091805 7
14.719579 55.09213 8
14.719262 55.091507 9
14.718985 55.092068 10
14.71893 55.091766 11
14.718673 55.091736 13
14.717485 55.09221 12
14.895909 55.21403 1
14.72084 55.09222 2
14.720313 55.09236 2A
14.720426 55.091908 3
14.720303 55.092175 4
14.72014 55.0919 5
14.719947 55.0921 6
14.719459 55.091805 7
14.719579 55.09213 8
14.719262 55.091507 9
14.718985 55.092068 10
14.71893 55.091766 11
14.718673 55.091736 13
14.717485 55.09221 12
14.895909 55.21403 1
14.72084 55.09222 2
14.720313 55.09236 2A
14.720426 55.091908 3
14.720303 55.092175 4
14.72014 55.0919 5
14.719947 55.0921 6
14.719459 55.091805 7
14.719579 55.09213 8
14.719262 55.091507 9
14.718985 55.092068 10
14.71893 55.091766 11
14.718673 55.091736 13
14.717485 55.09221 12
14.895909 55.21403 1
14.72084 55.09222 2
14.720313 55.09236 2A
14.720426 55.091908 3
14.720303 55.092175 4
14.72014 55.0919 5
14.719947 55.0921 6
14.719459 55.091805 7
14.719579 55.09213 8
14.719262 55.091507 9
14.718985 55.092068 10
14.71893 55.091766 11
14.718673 55.091736 13
14.717485 55.09221 12
14.895909 55.21403 1
