14.704477 55.10717 4
14.704482 55.106686 10
14.704796 55.107143 24
14.97096 55.212353 1
14.704477 55.10717 4
14.704482 55.106686 10
14.704796 55.107143 24
14.97096 55.212353 1
14.704477 55.10717 4
14.704482 55.106686 10
14.704796 55.107143 24
14.97096 55.212353 1
14.704477 55.10717 4
14.704482 55.106686 10
14.704796 55.107143 24
14.97096 55.212353 1
14.704477 55.10717 4
14.704482 55.106686 10
14.704796 55.107143 24
14.97096 55.212353 1
14.704477 55.10717 4
14.704482 55.106686 10
14.704796 55.107143 24
14.97096 55.212353 1
