14.70117 55.09755 2
14.701537 55.0975 3
14.701392 55.09741 4
14.701842 55.097267 5
14.701437 55.097202 6
14.701515 55.09719 8
14.701606 55.09718 10
14.701682 55.097168 12
15.038273 55.032665 8
14.70117 55.09755 2
14.701537 55.0975 3
14.701392 55.09741 4
14.701842 55.097267 5
14.701437 55.097202 6
14.701515 55.09719 8
14.701606 55.09718 10
14.701682 55.097168 12
15.038273 55.032665 8
14.70117 55.09755 2
14.701537 55.0975 3
14.701392 55.09741 4
14.701842 55.097267 5
14.701437 55.097202 6
14.701515 55.09719 8
14.701606 55.09718 10
14.701682 55.097168 12
15.038273 55.032665 8
14.70117 55.09755 2
14.701537 55.0975 3
14.701392 55.09741 4
14.701842 55.097267 5
14.701437 55.097202 6
14.701515 55.09719 8
14.701606 55.09718 10
14.701682 55.097168 12
15.038273 55.032665 8
14.70117 55.09755 2
14.701537 55.0975 3
14.701392 55.09741 4
14.701842 55.097267 5
14.701437 55.097202 6
14.701515 55.09719 8
14.701606 55.09718 10
14.701682 55.097168 12
15.038273 55.032665 8
14.70117 55.09755 2
14.701537 55.0975 3
14.701392 55.09741 4
14.701842 55.097267 5
14.701437 55.097202 6
14.701515 55.09719 8
14.701606 55.09718 10
14.701682 55.097168 12
15.038273 55.032665 8
