14.698852 55.10476 3
14.699014 55.104576 4
14.69907 55.104702 6
14.699106 55.10477 8
14.699145 55.104843 10
14.856814 55.219093 1
14.698852 55.10476 3
14.699014 55.104576 4
14.69907 55.104702 6
14.699106 55.10477 8
14.699145 55.104843 10
14.856814 55.219093 1
14.698852 55.10476 3
14.699014 55.104576 4
14.69907 55.104702 6
14.699106 55.10477 8
14.699145 55.104843 10
14.856814 55.219093 1
14.698852 55.10476 3
14.699014 55.104576 4
14.69907 55.104702 6
14.699106 55.10477 8
14.699145 55.104843 10
14.856814 55.219093 1
14.698852 55.10476 3
14.699014 55.104576 4
14.69907 55.104702 6
14.699106 55.10477 8
14.699145 55.104843 10
14.856814 55.219093 1
14.698852 55.10476 3
14.699014 55.104576 4
14.69907 55.104702 6
14.699106 55.10477 8
14.699145 55.104843 10
14.856814 55.219093 1
