14.709147 55.11576 2
14.70913 55.116093 3
14.70927 55.115738 4
14.70916 55.116154 5
14.7094 55.115715 6
14.709187 55.116207 7
14.709538 55.11569 8
14.710113 55.115704 8B
14.709214 55.116257 9
14.709665 55.11553 10
14.709652 55.11602 11
14.709801 55.1155 12
14.70967 55.116066 13
14.709938 55.11548 14
14.709696 55.116116 15
14.710087 55.11545 16
14.709721 55.116165 17
14.710206 55.11543 18
14.709749 55.11622 19
14.710406 55.115425 20
14.710169 55.115974 21
14.710552 55.115402 22
14.7102 55.11603 23
14.710684 55.115376 24
14.71023 55.116077 25
14.710822 55.115353 26
14.710255 55.116127 27
14.710281 55.116177 29
14.710691 55.115913 31
14.710744 55.11601 35
14.710776 55.11607 37
14.710806 55.116123 39
14.711191 55.115833 41
14.711218 55.115883 43
14.711248 55.115932 45
14.711271 55.115982 47
14.711299 55.11603 49
14.71072 55.115967 33
14.709147 55.11576 2
14.70913 55.116093 3
14.70927 55.115738 4
14.70916 55.116154 5
14.7094 55.115715 6
14.709187 55.116207 7
14.709538 55.11569 8
14.710113 55.115704 8B
14.709214 55.116257 9
14.709665 55.11553 10
14.709652 55.11602 11
14.709801 55.1155 12
14.70967 55.116066 13
14.709938 55.11548 14
14.709696 55.116116 15
14.710087 55.11545 16
14.709721 55.116165 17
14.710206 55.11543 18
14.709749 55.11622 19
14.710406 55.115425 20
14.710169 55.115974 21
14.710552 55.115402 22
14.7102 55.11603 23
14.710684 55.115376 24
14.71023 55.116077 25
14.710822 55.115353 26
14.710255 55.116127 27
14.710281 55.116177 29
14.710691 55.115913 31
14.710744 55.11601 35
14.710776 55.11607 37
14.710806 55.116123 39
14.711191 55.115833 41
14.711218 55.115883 43
14.711248 55.115932 45
14.711271 55.115982 47
14.711299 55.11603 49
14.71072 55.115967 33
14.709147 55.11576 2
14.70913 55.116093 3
14.70927 55.115738 4
14.70916 55.116154 5
14.7094 55.115715 6
14.709187 55.116207 7
14.709538 55.11569 8
14.710113 55.115704 8B
14.709214 55.116257 9
14.709665 55.11553 10
14.709652 55.11602 11
14.709801 55.1155 12
14.70967 55.116066 13
14.709938 55.11548 14
14.709696 55.116116 15
14.710087 55.11545 16
14.709721 55.116165 17
14.710206 55.11543 18
14.709749 55.11622 19
14.710406 55.115425 20
14.710169 55.115974 21
14.710552 55.115402 22
14.7102 55.11603 23
14.710684 55.115376 24
14.71023 55.116077 25
14.710822 55.115353 26
14.710255 55.116127 27
14.710281 55.116177 29
14.710691 55.115913 31
14.710744 55.11601 35
14.710776 55.11607 37
14.710806 55.116123 39
14.711191 55.115833 41
14.711218 55.115883 43
14.711248 55.115932 45
14.711271 55.115982 47
14.711299 55.11603 49
14.71072 55.115967 33
14.709147 55.11576 2
14.70913 55.116093 3
14.70927 55.115738 4
14.70916 55.116154 5
14.7094 55.115715 6
14.709187 55.116207 7
14.709538 55.11569 8
14.710113 55.115704 8B
14.709214 55.116257 9
14.709665 55.11553 10
14.709652 55.11602 11
14.709801 55.1155 12
14.70967 55.116066 13
14.709938 55.11548 14
14.709696 55.116116 15
14.710087 55.11545 16
14.709721 55.116165 17
14.710206 55.11543 18
14.709749 55.11622 19
14.710406 55.115425 20
14.710169 55.115974 21
14.710552 55.115402 22
14.7102 55.11603 23
14.710684 55.115376 24
14.71023 55.116077 25
14.710822 55.115353 26
14.710255 55.116127 27
14.710281 55.116177 29
14.710691 55.115913 31
14.710744 55.11601 35
14.710776 55.11607 37
14.710806 55.116123 39
14.711191 55.115833 41
14.711218 55.115883 43
14.711248 55.115932 45
14.711271 55.115982 47
14.711299 55.11603 49
14.71072 55.115967 33
14.709147 55.11576 2
14.70913 55.116093 3
14.70927 55.115738 4
14.70916 55.116154 5
14.7094 55.115715 6
14.709187 55.116207 7
14.709538 55.11569 8
14.710113 55.115704 8B
14.709214 55.116257 9
14.709665 55.11553 10
14.709652 55.11602 11
14.709801 55.1155 12
14.70967 55.116066 13
14.709938 55.11548 14
14.709696 55.116116 15
14.710087 55.11545 16
14.709721 55.116165 17
14.710206 55.11543 18
14.709749 55.11622 19
14.710406 55.115425 20
14.710169 55.115974 21
14.710552 55.115402 22
14.7102 55.11603 23
14.710684 55.115376 24
14.71023 55.116077 25
14.710822 55.115353 26
14.710255 55.116127 27
14.710281 55.116177 29
14.710691 55.115913 31
14.710744 55.11601 35
14.710776 55.11607 37
14.710806 55.116123 39
14.711191 55.115833 41
14.711218 55.115883 43
14.711248 55.115932 45
14.711271 55.115982 47
14.711299 55.11603 49
14.71072 55.115967 33
14.709147 55.11576 2
14.70913 55.116093 3
14.70927 55.115738 4
14.70916 55.116154 5
14.7094 55.115715 6
14.709187 55.116207 7
14.709538 55.11569 8
14.710113 55.115704 8B
14.709214 55.116257 9
14.709665 55.11553 10
14.709652 55.11602 11
14.709801 55.1155 12
14.70967 55.116066 13
14.709938 55.11548 14
14.709696 55.116116 15
14.710087 55.11545 16
14.709721 55.116165 17
14.710206 55.11543 18
14.709749 55.11622 19
14.710406 55.115425 20
14.710169 55.115974 21
14.710552 55.115402 22
14.7102 55.11603 23
14.710684 55.115376 24
14.71023 55.116077 25
14.710822 55.115353 26
14.710255 55.116127 27
14.710281 55.116177 29
14.710691 55.115913 31
14.710744 55.11601 35
14.710776 55.11607 37
14.710806 55.116123 39
14.711191 55.115833 41
14.711218 55.115883 43
14.711248 55.115932 45
14.711271 55.115982 47
14.711299 55.11603 49
14.71072 55.115967 33
