14.704408 55.10582 1B
14.704339 55.105694 2
14.704499 55.105816 3
14.704431 55.105686 4
14.704603 55.105816 5
14.704573 55.105682 6
14.704663 55.105976 7
14.70466 55.105675 8
14.704798 55.105804 9
14.704857 55.10567 10
14.704908 55.105804 11
14.705389 55.105797 13
14.705296 55.105656 14A
14.705869 55.105778 15
14.705809 55.105637 16
14.708562 55.10554 18
14.708683 55.105537 20
14.710293 55.105515 22
14.706684 55.105827 23
14.710615 55.105507 24
14.706815 55.105827 25
14.711016 55.10552 26
14.706941 55.105824 27
14.711763 55.10546 28
14.707134 55.10583 29
14.712156 55.105537 30
14.707267 55.105827 31
14.715557 55.105236 32
14.707381 55.105824 33
14.707508 55.105824 35
14.707639 55.105824 37
14.707757 55.10582 39
14.707888 55.10582 41
14.708011 55.10582 43
14.708133 55.105816 45
14.708263 55.105816 47
14.708387 55.105812 49
14.70851 55.10581 51
14.709808 55.105797 53
14.709565 55.10576 53A
14.710033 55.1058 55
14.710595 55.105846 57
14.71062 55.105747 61
14.71063 55.105698 63
14.710998 55.10574 65
14.71135 55.10572 67
14.711636 55.105755 69
14.711747 55.105762 71
14.712082 55.10593 73
14.712669 55.1059 77
14.71265 55.10616 77A
14.713234 55.105915 79
14.713008 55.106213 79A
14.713512 55.10604 81
14.713417 55.106277 81A
14.713926 55.10609 83
14.713759 55.106377 83A
14.717643 55.105724 84
14.717238 55.106167 88
14.714482 55.10618 89
14.714266 55.106506 89A
14.714848 55.106403 91
14.714692 55.10659 91A
14.717212 55.106586 92
14.715204 55.10642 93
14.714987 55.106674 93A
14.716863 55.10642 94
14.715267 55.106804 95A
14.716381 55.10662 96
14.715929 55.106716 97
14.715663 55.106983 97A
14.71664 55.10673 98
14.716435 55.106956 99
14.71598 55.107124 99A
14.716866 55.106823 100
14.717162 55.10726 101
14.717427 55.10705 102
14.717589 55.107426 103
14.717813 55.107124 104
14.717852 55.107483 105
14.718092 55.10728 106
14.718096 55.10755 107
14.718332 55.107613 109
14.718734 55.10743 110
14.718611 55.107674 111
14.71903 55.107506 112
14.718863 55.10773 113
14.708945 55.10553 20B
14.718396 55.107365 108
14.717535 55.106358 90
14.715532 55.106636 95
14.831044 55.24838 1B
14.704408 55.10582 1B
14.704339 55.105694 2
14.704499 55.105816 3
14.704431 55.105686 4
14.704603 55.105816 5
14.704573 55.105682 6
14.704663 55.105976 7
14.70466 55.105675 8
14.704798 55.105804 9
14.704857 55.10567 10
14.704908 55.105804 11
14.705389 55.105797 13
14.705296 55.105656 14A
14.705869 55.105778 15
14.705809 55.105637 16
14.708562 55.10554 18
14.708683 55.105537 20
14.710293 55.105515 22
14.706684 55.105827 23
14.710615 55.105507 24
14.706815 55.105827 25
14.711016 55.10552 26
14.706941 55.105824 27
14.711763 55.10546 28
14.707134 55.10583 29
14.712156 55.105537 30
14.707267 55.105827 31
14.715557 55.105236 32
14.707381 55.105824 33
14.707508 55.105824 35
14.707639 55.105824 37
14.707757 55.10582 39
14.707888 55.10582 41
14.708011 55.10582 43
14.708133 55.105816 45
14.708263 55.105816 47
14.708387 55.105812 49
14.70851 55.10581 51
14.709808 55.105797 53
14.709565 55.10576 53A
14.710033 55.1058 55
14.710595 55.105846 57
14.71062 55.105747 61
14.71063 55.105698 63
14.710998 55.10574 65
14.71135 55.10572 67
14.711636 55.105755 69
14.711747 55.105762 71
14.712082 55.10593 73
14.712669 55.1059 77
14.71265 55.10616 77A
14.713234 55.105915 79
14.713008 55.106213 79A
14.713512 55.10604 81
14.713417 55.106277 81A
14.713926 55.10609 83
14.713759 55.106377 83A
14.717643 55.105724 84
14.717238 55.106167 88
14.714482 55.10618 89
14.714266 55.106506 89A
14.714848 55.106403 91
14.714692 55.10659 91A
14.717212 55.106586 92
14.715204 55.10642 93
14.714987 55.106674 93A
14.716863 55.10642 94
14.715267 55.106804 95A
14.716381 55.10662 96
14.715929 55.106716 97
14.715663 55.106983 97A
14.71664 55.10673 98
14.716435 55.106956 99
14.71598 55.107124 99A
14.716866 55.106823 100
14.717162 55.10726 101
14.717427 55.10705 102
14.717589 55.107426 103
14.717813 55.107124 104
14.717852 55.107483 105
14.718092 55.10728 106
14.718096 55.10755 107
14.718332 55.107613 109
14.718734 55.10743 110
14.718611 55.107674 111
14.71903 55.107506 112
14.718863 55.10773 113
14.708945 55.10553 20B
14.718396 55.107365 108
14.717535 55.106358 90
14.715532 55.106636 95
14.831044 55.24838 1B
14.704408 55.10582 1B
14.704339 55.105694 2
14.704499 55.105816 3
14.704431 55.105686 4
14.704603 55.105816 5
14.704573 55.105682 6
14.704663 55.105976 7
14.70466 55.105675 8
14.704798 55.105804 9
14.704857 55.10567 10
14.704908 55.105804 11
14.705389 55.105797 13
14.705296 55.105656 14A
14.705869 55.105778 15
14.705809 55.105637 16
14.708562 55.10554 18
14.708683 55.105537 20
14.710293 55.105515 22
14.706684 55.105827 23
14.710615 55.105507 24
14.706815 55.105827 25
14.711016 55.10552 26
14.706941 55.105824 27
14.711763 55.10546 28
14.707134 55.10583 29
14.712156 55.105537 30
14.707267 55.105827 31
14.715557 55.105236 32
14.707381 55.105824 33
14.707508 55.105824 35
14.707639 55.105824 37
14.707757 55.10582 39
14.707888 55.10582 41
14.708011 55.10582 43
14.708133 55.105816 45
14.708263 55.105816 47
14.708387 55.105812 49
14.70851 55.10581 51
14.709808 55.105797 53
14.709565 55.10576 53A
14.710033 55.1058 55
14.710595 55.105846 57
14.71062 55.105747 61
14.71063 55.105698 63
14.710998 55.10574 65
14.71135 55.10572 67
14.711636 55.105755 69
14.711747 55.105762 71
14.712082 55.10593 73
14.712669 55.1059 77
14.71265 55.10616 77A
14.713234 55.105915 79
14.713008 55.106213 79A
14.713512 55.10604 81
14.713417 55.106277 81A
14.713926 55.10609 83
14.713759 55.106377 83A
14.717643 55.105724 84
14.717238 55.106167 88
14.714482 55.10618 89
14.714266 55.106506 89A
14.714848 55.106403 91
14.714692 55.10659 91A
14.717212 55.106586 92
14.715204 55.10642 93
14.714987 55.106674 93A
14.716863 55.10642 94
14.715267 55.106804 95A
14.716381 55.10662 96
14.715929 55.106716 97
14.715663 55.106983 97A
14.71664 55.10673 98
14.716435 55.106956 99
14.71598 55.107124 99A
14.716866 55.106823 100
14.717162 55.10726 101
14.717427 55.10705 102
14.717589 55.107426 103
14.717813 55.107124 104
14.717852 55.107483 105
14.718092 55.10728 106
14.718096 55.10755 107
14.718332 55.107613 109
14.718734 55.10743 110
14.718611 55.107674 111
14.71903 55.107506 112
14.718863 55.10773 113
14.708945 55.10553 20B
14.718396 55.107365 108
14.717535 55.106358 90
14.715532 55.106636 95
14.831044 55.24838 1B
14.704408 55.10582 1B
14.704339 55.105694 2
14.704499 55.105816 3
14.704431 55.105686 4
14.704603 55.105816 5
14.704573 55.105682 6
14.704663 55.105976 7
14.70466 55.105675 8
14.704798 55.105804 9
14.704857 55.10567 10
14.704908 55.105804 11
14.705389 55.105797 13
14.705296 55.105656 14A
14.705869 55.105778 15
14.705809 55.105637 16
14.708562 55.10554 18
14.708683 55.105537 20
14.710293 55.105515 22
14.706684 55.105827 23
14.710615 55.105507 24
14.706815 55.105827 25
14.711016 55.10552 26
14.706941 55.105824 27
14.711763 55.10546 28
14.707134 55.10583 29
14.712156 55.105537 30
14.707267 55.105827 31
14.715557 55.105236 32
14.707381 55.105824 33
14.707508 55.105824 35
14.707639 55.105824 37
14.707757 55.10582 39
14.707888 55.10582 41
14.708011 55.10582 43
14.708133 55.105816 45
14.708263 55.105816 47
14.708387 55.105812 49
14.70851 55.10581 51
14.709808 55.105797 53
14.709565 55.10576 53A
14.710033 55.1058 55
14.710595 55.105846 57
14.71062 55.105747 61
14.71063 55.105698 63
14.710998 55.10574 65
14.71135 55.10572 67
14.711636 55.105755 69
14.711747 55.105762 71
14.712082 55.10593 73
14.712669 55.1059 77
14.71265 55.10616 77A
14.713234 55.105915 79
14.713008 55.106213 79A
14.713512 55.10604 81
14.713417 55.106277 81A
14.713926 55.10609 83
14.713759 55.106377 83A
14.717643 55.105724 84
14.717238 55.106167 88
14.714482 55.10618 89
14.714266 55.106506 89A
14.714848 55.106403 91
14.714692 55.10659 91A
14.717212 55.106586 92
14.715204 55.10642 93
14.714987 55.106674 93A
14.716863 55.10642 94
14.715267 55.106804 95A
14.716381 55.10662 96
14.715929 55.106716 97
14.715663 55.106983 97A
14.71664 55.10673 98
14.716435 55.106956 99
14.71598 55.107124 99A
14.716866 55.106823 100
14.717162 55.10726 101
14.717427 55.10705 102
14.717589 55.107426 103
14.717813 55.107124 104
14.717852 55.107483 105
14.718092 55.10728 106
14.718096 55.10755 107
14.718332 55.107613 109
14.718734 55.10743 110
14.718611 55.107674 111
14.71903 55.107506 112
14.718863 55.10773 113
14.708945 55.10553 20B
14.718396 55.107365 108
14.717535 55.106358 90
14.715532 55.106636 95
14.831044 55.24838 1B
14.704408 55.10582 1B
14.704339 55.105694 2
14.704499 55.105816 3
14.704431 55.105686 4
14.704603 55.105816 5
14.704573 55.105682 6
14.704663 55.105976 7
14.70466 55.105675 8
14.704798 55.105804 9
14.704857 55.10567 10
14.704908 55.105804 11
14.705389 55.105797 13
14.705296 55.105656 14A
14.705869 55.105778 15
14.705809 55.105637 16
14.708562 55.10554 18
14.708683 55.105537 20
14.710293 55.105515 22
14.706684 55.105827 23
14.710615 55.105507 24
14.706815 55.105827 25
14.711016 55.10552 26
14.706941 55.105824 27
14.711763 55.10546 28
14.707134 55.10583 29
14.712156 55.105537 30
14.707267 55.105827 31
14.715557 55.105236 32
14.707381 55.105824 33
14.707508 55.105824 35
14.707639 55.105824 37
14.707757 55.10582 39
14.707888 55.10582 41
14.708011 55.10582 43
14.708133 55.105816 45
14.708263 55.105816 47
14.708387 55.105812 49
14.70851 55.10581 51
14.709808 55.105797 53
14.709565 55.10576 53A
14.710033 55.1058 55
14.710595 55.105846 57
14.71062 55.105747 61
14.71063 55.105698 63
14.710998 55.10574 65
14.71135 55.10572 67
14.711636 55.105755 69
14.711747 55.105762 71
14.712082 55.10593 73
14.712669 55.1059 77
14.71265 55.10616 77A
14.713234 55.105915 79
14.713008 55.106213 79A
14.713512 55.10604 81
14.713417 55.106277 81A
14.713926 55.10609 83
14.713759 55.106377 83A
14.717643 55.105724 84
14.717238 55.106167 88
14.714482 55.10618 89
14.714266 55.106506 89A
14.714848 55.106403 91
14.714692 55.10659 91A
14.717212 55.106586 92
14.715204 55.10642 93
14.714987 55.106674 93A
14.716863 55.10642 94
14.715267 55.106804 95A
14.716381 55.10662 96
14.715929 55.106716 97
14.715663 55.106983 97A
14.71664 55.10673 98
14.716435 55.106956 99
14.71598 55.107124 99A
14.716866 55.106823 100
14.717162 55.10726 101
14.717427 55.10705 102
14.717589 55.107426 103
14.717813 55.107124 104
14.717852 55.107483 105
14.718092 55.10728 106
14.718096 55.10755 107
14.718332 55.107613 109
14.718734 55.10743 110
14.718611 55.107674 111
14.71903 55.107506 112
14.718863 55.10773 113
14.708945 55.10553 20B
14.718396 55.107365 108
14.717535 55.106358 90
14.715532 55.106636 95
14.831044 55.24838 1B
14.704408 55.10582 1B
14.704339 55.105694 2
14.704499 55.105816 3
14.704431 55.105686 4
14.704603 55.105816 5
14.704573 55.105682 6
14.704663 55.105976 7
14.70466 55.105675 8
14.704798 55.105804 9
14.704857 55.10567 10
14.704908 55.105804 11
14.705389 55.105797 13
14.705296 55.105656 14A
14.705869 55.105778 15
14.705809 55.105637 16
14.708562 55.10554 18
14.708683 55.105537 20
14.710293 55.105515 22
14.706684 55.105827 23
14.710615 55.105507 24
14.706815 55.105827 25
14.711016 55.10552 26
14.706941 55.105824 27
14.711763 55.10546 28
14.707134 55.10583 29
14.712156 55.105537 30
14.707267 55.105827 31
14.715557 55.105236 32
14.707381 55.105824 33
14.707508 55.105824 35
14.707639 55.105824 37
14.707757 55.10582 39
14.707888 55.10582 41
14.708011 55.10582 43
14.708133 55.105816 45
14.708263 55.105816 47
14.708387 55.105812 49
14.70851 55.10581 51
14.709808 55.105797 53
14.709565 55.10576 53A
14.710033 55.1058 55
14.710595 55.105846 57
14.71062 55.105747 61
14.71063 55.105698 63
14.710998 55.10574 65
14.71135 55.10572 67
14.711636 55.105755 69
14.711747 55.105762 71
14.712082 55.10593 73
14.712669 55.1059 77
14.71265 55.10616 77A
14.713234 55.105915 79
14.713008 55.106213 79A
14.713512 55.10604 81
14.713417 55.106277 81A
14.713926 55.10609 83
14.713759 55.106377 83A
14.717643 55.105724 84
14.717238 55.106167 88
14.714482 55.10618 89
14.714266 55.106506 89A
14.714848 55.106403 91
14.714692 55.10659 91A
14.717212 55.106586 92
14.715204 55.10642 93
14.714987 55.106674 93A
14.716863 55.10642 94
14.715267 55.106804 95A
14.716381 55.10662 96
14.715929 55.106716 97
14.715663 55.106983 97A
14.71664 55.10673 98
14.716435 55.106956 99
14.71598 55.107124 99A
14.716866 55.106823 100
14.717162 55.10726 101
14.717427 55.10705 102
14.717589 55.107426 103
14.717813 55.107124 104
14.717852 55.107483 105
14.718092 55.10728 106
14.718096 55.10755 107
14.718332 55.107613 109
14.718734 55.10743 110
14.718611 55.107674 111
14.71903 55.107506 112
14.718863 55.10773 113
14.708945 55.10553 20B
14.718396 55.107365 108
14.717535 55.106358 90
14.715532 55.106636 95
14.831044 55.24838 1B
