14.701244 55.103607 2
14.701397 55.1037 3
14.701323 55.103573 4
14.701471 55.10367 5
14.701415 55.10353 6
14.701562 55.10363 7
14.701502 55.103493 8
14.701635 55.1036 9
14.701584 55.10346 10
14.701702 55.10357 11
14.701663 55.103424 12
14.701796 55.103523 13
14.701736 55.103394 14
14.70187 55.10349 15
14.701829 55.103333 16
14.702063 55.10341 17
14.701918 55.103294 18
14.702474 55.103233 19
14.702052 55.103233 20
14.702623 55.103203 21
14.702135 55.103195 22
14.702705 55.103195 23
14.702222 55.103157 24
14.702847 55.103176 25
14.70236 55.103104 26
14.702949 55.103165 27
14.702465 55.103073 28
14.701244 55.103607 2
14.701397 55.1037 3
14.701323 55.103573 4
14.701471 55.10367 5
14.701415 55.10353 6
14.701562 55.10363 7
14.701502 55.103493 8
14.701635 55.1036 9
14.701584 55.10346 10
14.701702 55.10357 11
14.701663 55.103424 12
14.701796 55.103523 13
14.701736 55.103394 14
14.70187 55.10349 15
14.701829 55.103333 16
14.702063 55.10341 17
14.701918 55.103294 18
14.702474 55.103233 19
14.702052 55.103233 20
14.702623 55.103203 21
14.702135 55.103195 22
14.702705 55.103195 23
14.702222 55.103157 24
14.702847 55.103176 25
14.70236 55.103104 26
14.702949 55.103165 27
14.702465 55.103073 28
14.701244 55.103607 2
14.701397 55.1037 3
14.701323 55.103573 4
14.701471 55.10367 5
14.701415 55.10353 6
14.701562 55.10363 7
14.701502 55.103493 8
14.701635 55.1036 9
14.701584 55.10346 10
14.701702 55.10357 11
14.701663 55.103424 12
14.701796 55.103523 13
14.701736 55.103394 14
14.70187 55.10349 15
14.701829 55.103333 16
14.702063 55.10341 17
14.701918 55.103294 18
14.702474 55.103233 19
14.702052 55.103233 20
14.702623 55.103203 21
14.702135 55.103195 22
14.702705 55.103195 23
14.702222 55.103157 24
14.702847 55.103176 25
14.70236 55.103104 26
14.702949 55.103165 27
14.702465 55.103073 28
14.701244 55.103607 2
14.701397 55.1037 3
14.701323 55.103573 4
14.701471 55.10367 5
14.701415 55.10353 6
14.701562 55.10363 7
14.701502 55.103493 8
14.701635 55.1036 9
14.701584 55.10346 10
14.701702 55.10357 11
14.701663 55.103424 12
14.701796 55.103523 13
14.701736 55.103394 14
14.70187 55.10349 15
14.701829 55.103333 16
14.702063 55.10341 17
14.701918 55.103294 18
14.702474 55.103233 19
14.702052 55.103233 20
14.702623 55.103203 21
14.702135 55.103195 22
14.702705 55.103195 23
14.702222 55.103157 24
14.702847 55.103176 25
14.70236 55.103104 26
14.702949 55.103165 27
14.702465 55.103073 28
14.701244 55.103607 2
14.701397 55.1037 3
14.701323 55.103573 4
14.701471 55.10367 5
14.701415 55.10353 6
14.701562 55.10363 7
14.701502 55.103493 8
14.701635 55.1036 9
14.701584 55.10346 10
14.701702 55.10357 11
14.701663 55.103424 12
14.701796 55.103523 13
14.701736 55.103394 14
14.70187 55.10349 15
14.701829 55.103333 16
14.702063 55.10341 17
14.701918 55.103294 18
14.702474 55.103233 19
14.702052 55.103233 20
14.702623 55.103203 21
14.702135 55.103195 22
14.702705 55.103195 23
14.702222 55.103157 24
14.702847 55.103176 25
14.70236 55.103104 26
14.702949 55.103165 27
14.702465 55.103073 28
14.701244 55.103607 2
14.701397 55.1037 3
14.701323 55.103573 4
14.701471 55.10367 5
14.701415 55.10353 6
14.701562 55.10363 7
14.701502 55.103493 8
14.701635 55.1036 9
14.701584 55.10346 10
14.701702 55.10357 11
14.701663 55.103424 12
14.701796 55.103523 13
14.701736 55.103394 14
14.70187 55.10349 15
14.701829 55.103333 16
14.702063 55.10341 17
14.701918 55.103294 18
14.702474 55.103233 19
14.702052 55.103233 20
14.702623 55.103203 21
14.702135 55.103195 22
14.702705 55.103195 23
14.702222 55.103157 24
14.702847 55.103176 25
14.70236 55.103104 26
14.702949 55.103165 27
14.702465 55.103073 28
