14.706056 55.11043 2
14.705275 55.11076 3
14.70579 55.110764 4
14.705275 55.11067 5
14.705789 55.110657 6
14.705275 55.11059 7
14.705851 55.110573 8
14.705001 55.110634 9
14.706259 55.110523 10
14.704859 55.110638 11
14.706378 55.1106 12
14.704495 55.110638 13
14.706481 55.110664 14
14.706523 55.110737 16
14.70464 55.11081 17
14.706651 55.110817 18
14.704731 55.110867 19
14.70623 55.110855 20
14.704801 55.110947 21
14.70623 55.110954 22
14.7052 55.11098 23
14.705854 55.110962 24
14.705199 55.110867 25
14.705854 55.11085 26
14.706549 55.11096 28
14.704577 55.110733 15
14.976571 55.05107 1
