14.702077 55.09954 2
14.702047 55.099483 4
14.702375 55.099514 6
14.702457 55.099506 8
14.70307 55.09957 9
14.702526 55.099503 10
14.703288 55.099556 11
14.702599 55.0995 12
14.703381 55.09955 13
14.702822 55.099453 14
14.70359 55.099537 15
14.702938 55.099445 16
14.703656 55.099594 17
14.703169 55.09943 18
14.703761 55.099525 19
14.703158 55.09937 20
14.7039 55.099514 21
14.704135 55.09951 23
14.704148 55.09957 25
14.704307 55.099503 27
14.704436 55.0995 29
14.703392 55.099297 31
15.12862 55.065105 1
