14.739317 55.072735 2
14.735008 55.073112 9B
14.734549 55.073383 11A
14.733452 55.07379 13
14.736232 55.0735 14
14.733028 55.07354 15
14.732484 55.07353 17
14.73573 55.074028 18
14.732165 55.073772 19
14.734965 55.07383 20
14.732037 55.073944 21
14.734423 55.073776 22
14.732015 55.074272 23
14.734142 55.07414 24
14.731513 55.074333 25
14.731329 55.074574 27
14.731052 55.074776 29
14.734291 55.073467 11B
14.730917 55.07499 31
14.737409 55.073174 10
14.735541 55.07322 9A
14.735986 55.07284 7
14.738481 55.07283 6
14.736506 55.07282 5
14.73888 55.072758 4
14.735877 55.07351 16
14.736738 55.07341 12
14.737399 55.072956 10B
14.737978 55.072865 8
14.736877 55.07276 3
14.737432 55.072685 1B
14.739317 55.072735 2
14.735008 55.073112 9B
14.734549 55.073383 11A
14.733452 55.07379 13
14.736232 55.0735 14
14.733028 55.07354 15
14.732484 55.07353 17
14.73573 55.074028 18
14.732165 55.073772 19
14.734965 55.07383 20
14.732037 55.073944 21
14.734423 55.073776 22
14.732015 55.074272 23
14.734142 55.07414 24
14.731513 55.074333 25
14.731329 55.074574 27
14.731052 55.074776 29
14.734291 55.073467 11B
14.730917 55.07499 31
14.737409 55.073174 10
14.735541 55.07322 9A
14.735986 55.07284 7
14.738481 55.07283 6
14.736506 55.07282 5
14.73888 55.072758 4
14.735877 55.07351 16
14.736738 55.07341 12
14.737399 55.072956 10B
14.737978 55.072865 8
14.736877 55.07276 3
14.737432 55.072685 1B
14.739317 55.072735 2
14.735008 55.073112 9B
14.734549 55.073383 11A
14.733452 55.07379 13
14.736232 55.0735 14
14.733028 55.07354 15
14.732484 55.07353 17
14.73573 55.074028 18
14.732165 55.073772 19
14.734965 55.07383 20
14.732037 55.073944 21
14.734423 55.073776 22
14.732015 55.074272 23
14.734142 55.07414 24
14.731513 55.074333 25
14.731329 55.074574 27
14.731052 55.074776 29
14.734291 55.073467 11B
14.730917 55.07499 31
14.737409 55.073174 10
14.735541 55.07322 9A
14.735986 55.07284 7
14.738481 55.07283 6
14.736506 55.07282 5
14.73888 55.072758 4
14.735877 55.07351 16
14.736738 55.07341 12
14.737399 55.072956 10B
14.737978 55.072865 8
14.736877 55.07276 3
14.737432 55.072685 1B
14.739317 55.072735 2
14.735008 55.073112 9B
14.734549 55.073383 11A
14.733452 55.07379 13
14.736232 55.0735 14
14.733028 55.07354 15
14.732484 55.07353 17
14.73573 55.074028 18
14.732165 55.073772 19
14.734965 55.07383 20
14.732037 55.073944 21
14.734423 55.073776 22
14.732015 55.074272 23
14.734142 55.07414 24
14.731513 55.074333 25
14.731329 55.074574 27
14.731052 55.074776 29
14.734291 55.073467 11B
14.730917 55.07499 31
14.737409 55.073174 10
14.735541 55.07322 9A
14.735986 55.07284 7
14.738481 55.07283 6
14.736506 55.07282 5
14.73888 55.072758 4
14.735877 55.07351 16
14.736738 55.07341 12
14.737399 55.072956 10B
14.737978 55.072865 8
14.736877 55.07276 3
14.737432 55.072685 1B
14.739317 55.072735 2
14.735008 55.073112 9B
14.734549 55.073383 11A
14.733452 55.07379 13
14.736232 55.0735 14
14.733028 55.07354 15
14.732484 55.07353 17
14.73573 55.074028 18
14.732165 55.073772 19
14.734965 55.07383 20
14.732037 55.073944 21
14.734423 55.073776 22
14.732015 55.074272 23
14.734142 55.07414 24
14.731513 55.074333 25
14.731329 55.074574 27
14.731052 55.074776 29
14.734291 55.073467 11B
14.730917 55.07499 31
14.737409 55.073174 10
14.735541 55.07322 9A
14.735986 55.07284 7
14.738481 55.07283 6
14.736506 55.07282 5
14.73888 55.072758 4
14.735877 55.07351 16
14.736738 55.07341 12
14.737399 55.072956 10B
14.737978 55.072865 8
14.736877 55.07276 3
14.737432 55.072685 1B
14.739317 55.072735 2
14.735008 55.073112 9B
14.734549 55.073383 11A
14.733452 55.07379 13
14.736232 55.0735 14
14.733028 55.07354 15
14.732484 55.07353 17
14.73573 55.074028 18
14.732165 55.073772 19
14.734965 55.07383 20
14.732037 55.073944 21
14.734423 55.073776 22
14.732015 55.074272 23
14.734142 55.07414 24
14.731513 55.074333 25
14.731329 55.074574 27
14.731052 55.074776 29
14.734291 55.073467 11B
14.730917 55.07499 31
14.737409 55.073174 10
14.735541 55.07322 9A
14.735986 55.07284 7
14.738481 55.07283 6
14.736506 55.07282 5
14.73888 55.072758 4
14.735877 55.07351 16
14.736738 55.07341 12
14.737399 55.072956 10B
14.737978 55.072865 8
14.736877 55.07276 3
14.737432 55.072685 1B
