14.738598 55.070366 1
14.73812 55.07072 2
14.738133 55.07037 3
14.736211 55.07197 4
14.73575 55.071995 6A
14.735506 55.072147 6B
14.737232 55.070896 7
14.73502 55.0722 8
14.736562 55.071014 9
14.733481 55.072655 10
14.736308 55.071316 11
14.733669 55.07245 12
14.735873 55.071007 13
14.734925 55.071217 17
14.734847 55.071438 21
14.734545 55.071793 23
14.734102 55.072018 25
14.735485 55.07179 21A
14.735601 55.07116 15
14.737418 55.070656 5
14.736012 55.071625 19
14.738598 55.070366 1
14.73812 55.07072 2
14.738133 55.07037 3
14.736211 55.07197 4
14.73575 55.071995 6A
14.735506 55.072147 6B
14.737232 55.070896 7
14.73502 55.0722 8
14.736562 55.071014 9
14.733481 55.072655 10
14.736308 55.071316 11
14.733669 55.07245 12
14.735873 55.071007 13
14.734925 55.071217 17
14.734847 55.071438 21
14.734545 55.071793 23
14.734102 55.072018 25
14.735485 55.07179 21A
14.735601 55.07116 15
14.737418 55.070656 5
14.736012 55.071625 19
14.738598 55.070366 1
14.73812 55.07072 2
14.738133 55.07037 3
14.736211 55.07197 4
14.73575 55.071995 6A
14.735506 55.072147 6B
14.737232 55.070896 7
14.73502 55.0722 8
14.736562 55.071014 9
14.733481 55.072655 10
14.736308 55.071316 11
14.733669 55.07245 12
14.735873 55.071007 13
14.734925 55.071217 17
14.734847 55.071438 21
14.734545 55.071793 23
14.734102 55.072018 25
14.735485 55.07179 21A
14.735601 55.07116 15
14.737418 55.070656 5
14.736012 55.071625 19
14.738598 55.070366 1
14.73812 55.07072 2
14.738133 55.07037 3
14.736211 55.07197 4
14.73575 55.071995 6A
14.735506 55.072147 6B
14.737232 55.070896 7
14.73502 55.0722 8
14.736562 55.071014 9
14.733481 55.072655 10
14.736308 55.071316 11
14.733669 55.07245 12
14.735873 55.071007 13
14.734925 55.071217 17
14.734847 55.071438 21
14.734545 55.071793 23
14.734102 55.072018 25
14.735485 55.07179 21A
14.735601 55.07116 15
14.737418 55.070656 5
14.736012 55.071625 19
14.738598 55.070366 1
14.73812 55.07072 2
14.738133 55.07037 3
14.736211 55.07197 4
14.73575 55.071995 6A
14.735506 55.072147 6B
14.737232 55.070896 7
14.73502 55.0722 8
14.736562 55.071014 9
14.733481 55.072655 10
14.736308 55.071316 11
14.733669 55.07245 12
14.735873 55.071007 13
14.734925 55.071217 17
14.734847 55.071438 21
14.734545 55.071793 23
14.734102 55.072018 25
14.735485 55.07179 21A
14.735601 55.07116 15
14.737418 55.070656 5
14.736012 55.071625 19
14.738598 55.070366 1
14.73812 55.07072 2
14.738133 55.07037 3
14.736211 55.07197 4
14.73575 55.071995 6A
14.735506 55.072147 6B
14.737232 55.070896 7
14.73502 55.0722 8
14.736562 55.071014 9
14.733481 55.072655 10
14.736308 55.071316 11
14.733669 55.07245 12
14.735873 55.071007 13
14.734925 55.071217 17
14.734847 55.071438 21
14.734545 55.071793 23
14.734102 55.072018 25
14.735485 55.07179 21A
14.735601 55.07116 15
14.737418 55.070656 5
14.736012 55.071625 19
