14.737911 55.07478 1
14.7375 55.074875 2
14.73837 55.074512 3A
14.738324 55.07423 3B
14.737594 55.074448 4
14.738351 55.07398 5
14.736861 55.07405 6
14.738494 55.073654 7
14.737802 55.074104 8
14.737756 55.07379 10
14.738001 55.073544 12
14.738511 55.073425 9
14.738784 55.073166 11
14.737911 55.07478 1
14.7375 55.074875 2
14.73837 55.074512 3A
14.738324 55.07423 3B
14.737594 55.074448 4
14.738351 55.07398 5
14.736861 55.07405 6
14.738494 55.073654 7
14.737802 55.074104 8
14.737756 55.07379 10
14.738001 55.073544 12
14.738511 55.073425 9
14.738784 55.073166 11
14.737911 55.07478 1
14.7375 55.074875 2
14.73837 55.074512 3A
14.738324 55.07423 3B
14.737594 55.074448 4
14.738351 55.07398 5
14.736861 55.07405 6
14.738494 55.073654 7
14.737802 55.074104 8
14.737756 55.07379 10
14.738001 55.073544 12
14.738511 55.073425 9
14.738784 55.073166 11
14.737911 55.07478 1
14.7375 55.074875 2
14.73837 55.074512 3A
14.738324 55.07423 3B
14.737594 55.074448 4
14.738351 55.07398 5
14.736861 55.07405 6
14.738494 55.073654 7
14.737802 55.074104 8
14.737756 55.07379 10
14.738001 55.073544 12
14.738511 55.073425 9
14.738784 55.073166 11
14.737911 55.07478 1
14.7375 55.074875 2
14.73837 55.074512 3A
14.738324 55.07423 3B
14.737594 55.074448 4
14.738351 55.07398 5
14.736861 55.07405 6
14.738494 55.073654 7
14.737802 55.074104 8
14.737756 55.07379 10
14.738001 55.073544 12
14.738511 55.073425 9
14.738784 55.073166 11
14.737911 55.07478 1
14.7375 55.074875 2
14.73837 55.074512 3A
14.738324 55.07423 3B
14.737594 55.074448 4
14.738351 55.07398 5
14.736861 55.07405 6
14.738494 55.073654 7
14.737802 55.074104 8
14.737756 55.07379 10
14.738001 55.073544 12
14.738511 55.073425 9
14.738784 55.073166 11
