14.74391 55.072308 1C
14.739275 55.076813 2
14.73911 55.074604 2B
14.739003 55.074356 4
14.738983 55.07403 6
14.739134 55.073765 8
14.739231 55.07357 10
14.739359 55.07302 14
14.739633 55.072758 16
14.739367 55.073376 12
14.74391 55.072308 1C
14.739275 55.076813 2
14.73911 55.074604 2B
14.739003 55.074356 4
14.738983 55.07403 6
14.739134 55.073765 8
14.739231 55.07357 10
14.739359 55.07302 14
14.739633 55.072758 16
14.739367 55.073376 12
14.74391 55.072308 1C
14.739275 55.076813 2
14.73911 55.074604 2B
14.739003 55.074356 4
14.738983 55.07403 6
14.739134 55.073765 8
14.739231 55.07357 10
14.739359 55.07302 14
14.739633 55.072758 16
14.739367 55.073376 12
14.74391 55.072308 1C
14.739275 55.076813 2
14.73911 55.074604 2B
14.739003 55.074356 4
14.738983 55.07403 6
14.739134 55.073765 8
14.739231 55.07357 10
14.739359 55.07302 14
14.739633 55.072758 16
14.739367 55.073376 12
14.74391 55.072308 1C
14.739275 55.076813 2
14.73911 55.074604 2B
14.739003 55.074356 4
14.738983 55.07403 6
14.739134 55.073765 8
14.739231 55.07357 10
14.739359 55.07302 14
14.739633 55.072758 16
14.739367 55.073376 12
14.74391 55.072308 1C
14.739275 55.076813 2
14.73911 55.074604 2B
14.739003 55.074356 4
14.738983 55.07403 6
14.739134 55.073765 8
14.739231 55.07357 10
14.739359 55.07302 14
14.739633 55.072758 16
14.739367 55.073376 12
