14.738098 55.070015 1
14.737302 55.070236 2
14.737784 55.0698 3
14.737087 55.069805 4
14.737733 55.06959 5
14.736831 55.069565 6
14.738098 55.070015 1
14.737302 55.070236 2
14.737784 55.0698 3
14.737087 55.069805 4
14.737733 55.06959 5
14.736831 55.069565 6
14.738098 55.070015 1
14.737302 55.070236 2
14.737784 55.0698 3
14.737087 55.069805 4
14.737733 55.06959 5
14.736831 55.069565 6
14.738098 55.070015 1
14.737302 55.070236 2
14.737784 55.0698 3
14.737087 55.069805 4
14.737733 55.06959 5
14.736831 55.069565 6
14.738098 55.070015 1
14.737302 55.070236 2
14.737784 55.0698 3
14.737087 55.069805 4
14.737733 55.06959 5
14.736831 55.069565 6
14.738098 55.070015 1
14.737302 55.070236 2
14.737784 55.0698 3
14.737087 55.069805 4
14.737733 55.06959 5
14.736831 55.069565 6
