14.746673 55.087734 2
14.747524 55.09403 3
14.748043 55.095425 3B
14.747283 55.08844 4
14.749285 55.09662 5
14.752781 55.090183 6
14.750599 55.098198 6B
14.749543 55.096874 7
14.751559 55.099903 8
14.749573 55.096943 9
14.751346 55.100826 10
14.749744 55.09731 11
14.751022 55.1012 12
14.74998 55.097565 13
14.750855 55.10153 14
14.750854 55.102646 15
14.750905 55.10182 16
14.750456 55.10685 17
14.75092 55.10189 18
14.751944 55.106907 19
14.750963 55.102135 20
14.750974 55.102196 22
14.751946 55.10942 23
14.752636 55.106728 24
14.752028 55.109722 25
14.754121 55.107277 26
14.754632 55.105812 28
14.749683 55.108368 19B
14.745343 55.093143 1A
15.098791 55.008842 1
14.746673 55.087734 2
14.747524 55.09403 3
14.748043 55.095425 3B
14.747283 55.08844 4
14.749285 55.09662 5
14.752781 55.090183 6
14.750599 55.098198 6B
14.749543 55.096874 7
14.751559 55.099903 8
14.749573 55.096943 9
14.751346 55.100826 10
14.749744 55.09731 11
14.751022 55.1012 12
14.74998 55.097565 13
14.750855 55.10153 14
14.750854 55.102646 15
14.750905 55.10182 16
14.750456 55.10685 17
14.75092 55.10189 18
14.751944 55.106907 19
14.750963 55.102135 20
14.750974 55.102196 22
14.751946 55.10942 23
14.752636 55.106728 24
14.752028 55.109722 25
14.754121 55.107277 26
14.754632 55.105812 28
14.749683 55.108368 19B
14.745343 55.093143 1A
15.098791 55.008842 1
14.746673 55.087734 2
14.747524 55.09403 3
14.748043 55.095425 3B
14.747283 55.08844 4
14.749285 55.09662 5
14.752781 55.090183 6
14.750599 55.098198 6B
14.749543 55.096874 7
14.751559 55.099903 8
14.749573 55.096943 9
14.751346 55.100826 10
14.749744 55.09731 11
14.751022 55.1012 12
14.74998 55.097565 13
14.750855 55.10153 14
14.750854 55.102646 15
14.750905 55.10182 16
14.750456 55.10685 17
14.75092 55.10189 18
14.751944 55.106907 19
14.750963 55.102135 20
14.750974 55.102196 22
14.751946 55.10942 23
14.752636 55.106728 24
14.752028 55.109722 25
14.754121 55.107277 26
14.754632 55.105812 28
14.749683 55.108368 19B
14.745343 55.093143 1A
15.098791 55.008842 1
14.746673 55.087734 2
14.747524 55.09403 3
14.748043 55.095425 3B
14.747283 55.08844 4
14.749285 55.09662 5
14.752781 55.090183 6
14.750599 55.098198 6B
14.749543 55.096874 7
14.751559 55.099903 8
14.749573 55.096943 9
14.751346 55.100826 10
14.749744 55.09731 11
14.751022 55.1012 12
14.74998 55.097565 13
14.750855 55.10153 14
14.750854 55.102646 15
14.750905 55.10182 16
14.750456 55.10685 17
14.75092 55.10189 18
14.751944 55.106907 19
14.750963 55.102135 20
14.750974 55.102196 22
14.751946 55.10942 23
14.752636 55.106728 24
14.752028 55.109722 25
14.754121 55.107277 26
14.754632 55.105812 28
14.749683 55.108368 19B
14.745343 55.093143 1A
15.098791 55.008842 1
14.746673 55.087734 2
14.747524 55.09403 3
14.748043 55.095425 3B
14.747283 55.08844 4
14.749285 55.09662 5
14.752781 55.090183 6
14.750599 55.098198 6B
14.749543 55.096874 7
14.751559 55.099903 8
14.749573 55.096943 9
14.751346 55.100826 10
14.749744 55.09731 11
14.751022 55.1012 12
14.74998 55.097565 13
14.750855 55.10153 14
14.750854 55.102646 15
14.750905 55.10182 16
14.750456 55.10685 17
14.75092 55.10189 18
14.751944 55.106907 19
14.750963 55.102135 20
14.750974 55.102196 22
14.751946 55.10942 23
14.752636 55.106728 24
14.752028 55.109722 25
14.754121 55.107277 26
14.754632 55.105812 28
14.749683 55.108368 19B
14.745343 55.093143 1A
15.098791 55.008842 1
14.746673 55.087734 2
14.747524 55.09403 3
14.748043 55.095425 3B
14.747283 55.08844 4
14.749285 55.09662 5
14.752781 55.090183 6
14.750599 55.098198 6B
14.749543 55.096874 7
14.751559 55.099903 8
14.749573 55.096943 9
14.751346 55.100826 10
14.749744 55.09731 11
14.751022 55.1012 12
14.74998 55.097565 13
14.750855 55.10153 14
14.750854 55.102646 15
14.750905 55.10182 16
14.750456 55.10685 17
14.75092 55.10189 18
14.751944 55.106907 19
14.750963 55.102135 20
14.750974 55.102196 22
14.751946 55.10942 23
14.752636 55.106728 24
14.752028 55.109722 25
14.754121 55.107277 26
14.754632 55.105812 28
14.749683 55.108368 19B
14.745343 55.093143 1A
15.098791 55.008842 1
