14.705845 55.10354 4
14.705817 55.103603 6
14.705794 55.10368 8
14.705801 55.10376 10
14.705931 55.10378 12
14.706061 55.103786 14
14.706176 55.1038 16
14.706387 55.103813 18
14.706449 55.10372 20
14.706457 55.10364 22
14.706493 55.103535 24
14.706475 55.10338 28
14.706324 55.10339 30
14.706222 55.10342 32
14.706189 55.10352 34
14.706269 55.10381 16A
14.706248 55.10325 36
14.70657 55.10321 38
14.706439 55.103207 40
14.706307 55.103195 42
14.706141 55.103188 44
14.70601 55.103184 46
14.70567 55.103172 50
14.705653 55.103268 52
14.705644 55.103374 54
14.706485 55.103455 26
14.705706 55.103012 64
14.705891 55.103176 48
14.705708 55.102966 62
14.70571 55.102917 60
15.135588 55.07121 1
14.705845 55.10354 4
14.705817 55.103603 6
14.705794 55.10368 8
14.705801 55.10376 10
14.705931 55.10378 12
14.706061 55.103786 14
14.706176 55.1038 16
14.706387 55.103813 18
14.706449 55.10372 20
14.706457 55.10364 22
14.706493 55.103535 24
14.706475 55.10338 28
14.706324 55.10339 30
14.706222 55.10342 32
14.706189 55.10352 34
14.706269 55.10381 16A
14.706248 55.10325 36
14.70657 55.10321 38
14.706439 55.103207 40
14.706307 55.103195 42
14.706141 55.103188 44
14.70601 55.103184 46
14.70567 55.103172 50
14.705653 55.103268 52
14.705644 55.103374 54
14.706485 55.103455 26
14.705706 55.103012 64
14.705891 55.103176 48
14.705708 55.102966 62
14.70571 55.102917 60
15.135588 55.07121 1
14.705845 55.10354 4
14.705817 55.103603 6
14.705794 55.10368 8
14.705801 55.10376 10
14.705931 55.10378 12
14.706061 55.103786 14
14.706176 55.1038 16
14.706387 55.103813 18
14.706449 55.10372 20
14.706457 55.10364 22
14.706493 55.103535 24
14.706475 55.10338 28
14.706324 55.10339 30
14.706222 55.10342 32
14.706189 55.10352 34
14.706269 55.10381 16A
14.706248 55.10325 36
14.70657 55.10321 38
14.706439 55.103207 40
14.706307 55.103195 42
14.706141 55.103188 44
14.70601 55.103184 46
14.70567 55.103172 50
14.705653 55.103268 52
14.705644 55.103374 54
14.706485 55.103455 26
14.705706 55.103012 64
14.705891 55.103176 48
14.705708 55.102966 62
14.70571 55.102917 60
15.135588 55.07121 1
14.705845 55.10354 4
14.705817 55.103603 6
14.705794 55.10368 8
14.705801 55.10376 10
14.705931 55.10378 12
14.706061 55.103786 14
14.706176 55.1038 16
14.706387 55.103813 18
14.706449 55.10372 20
14.706457 55.10364 22
14.706493 55.103535 24
14.706475 55.10338 28
14.706324 55.10339 30
14.706222 55.10342 32
14.706189 55.10352 34
14.706269 55.10381 16A
14.706248 55.10325 36
14.70657 55.10321 38
14.706439 55.103207 40
14.706307 55.103195 42
14.706141 55.103188 44
14.70601 55.103184 46
14.70567 55.103172 50
14.705653 55.103268 52
14.705644 55.103374 54
14.706485 55.103455 26
14.705706 55.103012 64
14.705891 55.103176 48
14.705708 55.102966 62
14.70571 55.102917 60
15.135588 55.07121 1
14.705845 55.10354 4
14.705817 55.103603 6
14.705794 55.10368 8
14.705801 55.10376 10
14.705931 55.10378 12
14.706061 55.103786 14
14.706176 55.1038 16
14.706387 55.103813 18
14.706449 55.10372 20
14.706457 55.10364 22
14.706493 55.103535 24
14.706475 55.10338 28
14.706324 55.10339 30
14.706222 55.10342 32
14.706189 55.10352 34
14.706269 55.10381 16A
14.706248 55.10325 36
14.70657 55.10321 38
14.706439 55.103207 40
14.706307 55.103195 42
14.706141 55.103188 44
14.70601 55.103184 46
14.70567 55.103172 50
14.705653 55.103268 52
14.705644 55.103374 54
14.706485 55.103455 26
14.705706 55.103012 64
14.705891 55.103176 48
14.705708 55.102966 62
14.70571 55.102917 60
15.135588 55.07121 1
14.705845 55.10354 4
14.705817 55.103603 6
14.705794 55.10368 8
14.705801 55.10376 10
14.705931 55.10378 12
14.706061 55.103786 14
14.706176 55.1038 16
14.706387 55.103813 18
14.706449 55.10372 20
14.706457 55.10364 22
14.706493 55.103535 24
14.706475 55.10338 28
14.706324 55.10339 30
14.706222 55.10342 32
14.706189 55.10352 34
14.706269 55.10381 16A
14.706248 55.10325 36
14.70657 55.10321 38
14.706439 55.103207 40
14.706307 55.103195 42
14.706141 55.103188 44
14.70601 55.103184 46
14.70567 55.103172 50
14.705653 55.103268 52
14.705644 55.103374 54
14.706485 55.103455 26
14.705706 55.103012 64
14.705891 55.103176 48
14.705708 55.102966 62
14.70571 55.102917 60
15.135588 55.07121 1
