14.699948 55.09602 2
14.699926 55.09616 3
14.700049 55.096035 4
14.700022 55.096176 5
14.700198 55.096066 6
14.700146 55.096203 7
14.700283 55.09608 8
14.700232 55.09622 9
14.7004 55.0961 10
14.700365 55.096237 11
14.700484 55.096115 12
14.700449 55.096252 13
14.700618 55.09614 14
14.700587 55.09628 15
14.700706 55.096157 16
14.700694 55.0963 17
14.700843 55.096184 18
14.700841 55.096325 19
14.700977 55.096207 20
14.700927 55.096344 21
14.701698 55.096306 22
14.701664 55.096466 23
14.702157 55.096348 24
14.699948 55.09602 2
14.699926 55.09616 3
14.700049 55.096035 4
14.700022 55.096176 5
14.700198 55.096066 6
14.700146 55.096203 7
14.700283 55.09608 8
14.700232 55.09622 9
14.7004 55.0961 10
14.700365 55.096237 11
14.700484 55.096115 12
14.700449 55.096252 13
14.700618 55.09614 14
14.700587 55.09628 15
14.700706 55.096157 16
14.700694 55.0963 17
14.700843 55.096184 18
14.700841 55.096325 19
14.700977 55.096207 20
14.700927 55.096344 21
14.701698 55.096306 22
14.701664 55.096466 23
14.702157 55.096348 24
14.699948 55.09602 2
14.699926 55.09616 3
14.700049 55.096035 4
14.700022 55.096176 5
14.700198 55.096066 6
14.700146 55.096203 7
14.700283 55.09608 8
14.700232 55.09622 9
14.7004 55.0961 10
14.700365 55.096237 11
14.700484 55.096115 12
14.700449 55.096252 13
14.700618 55.09614 14
14.700587 55.09628 15
14.700706 55.096157 16
14.700694 55.0963 17
14.700843 55.096184 18
14.700841 55.096325 19
14.700977 55.096207 20
14.700927 55.096344 21
14.701698 55.096306 22
14.701664 55.096466 23
14.702157 55.096348 24
14.699948 55.09602 2
14.699926 55.09616 3
14.700049 55.096035 4
14.700022 55.096176 5
14.700198 55.096066 6
14.700146 55.096203 7
14.700283 55.09608 8
14.700232 55.09622 9
14.7004 55.0961 10
14.700365 55.096237 11
14.700484 55.096115 12
14.700449 55.096252 13
14.700618 55.09614 14
14.700587 55.09628 15
14.700706 55.096157 16
14.700694 55.0963 17
14.700843 55.096184 18
14.700841 55.096325 19
14.700977 55.096207 20
14.700927 55.096344 21
14.701698 55.096306 22
14.701664 55.096466 23
14.702157 55.096348 24
14.699948 55.09602 2
14.699926 55.09616 3
14.700049 55.096035 4
14.700022 55.096176 5
14.700198 55.096066 6
14.700146 55.096203 7
14.700283 55.09608 8
14.700232 55.09622 9
14.7004 55.0961 10
14.700365 55.096237 11
14.700484 55.096115 12
14.700449 55.096252 13
14.700618 55.09614 14
14.700587 55.09628 15
14.700706 55.096157 16
14.700694 55.0963 17
14.700843 55.096184 18
14.700841 55.096325 19
14.700977 55.096207 20
14.700927 55.096344 21
14.701698 55.096306 22
14.701664 55.096466 23
14.702157 55.096348 24
14.699948 55.09602 2
14.699926 55.09616 3
14.700049 55.096035 4
14.700022 55.096176 5
14.700198 55.096066 6
14.700146 55.096203 7
14.700283 55.09608 8
14.700232 55.09622 9
14.7004 55.0961 10
14.700365 55.096237 11
14.700484 55.096115 12
14.700449 55.096252 13
14.700618 55.09614 14
14.700587 55.09628 15
14.700706 55.096157 16
14.700694 55.0963 17
14.700843 55.096184 18
14.700841 55.096325 19
14.700977 55.096207 20
14.700927 55.096344 21
14.701698 55.096306 22
14.701664 55.096466 23
14.702157 55.096348 24
