14.694368 55.102448 2
14.694384 55.102512 4
14.694314 55.10276 5
14.6945 55.102757 6
14.694537 55.102806 8
14.694396 55.102882 9
14.694445 55.10294 11
14.694368 55.102448 2
14.694384 55.102512 4
14.694314 55.10276 5
14.6945 55.102757 6
14.694537 55.102806 8
14.694396 55.102882 9
14.694445 55.10294 11
14.694368 55.102448 2
14.694384 55.102512 4
14.694314 55.10276 5
14.6945 55.102757 6
14.694537 55.102806 8
14.694396 55.102882 9
14.694445 55.10294 11
14.694368 55.102448 2
14.694384 55.102512 4
14.694314 55.10276 5
14.6945 55.102757 6
14.694537 55.102806 8
14.694396 55.102882 9
14.694445 55.10294 11
14.694368 55.102448 2
14.694384 55.102512 4
14.694314 55.10276 5
14.6945 55.102757 6
14.694537 55.102806 8
14.694396 55.102882 9
14.694445 55.10294 11
14.694368 55.102448 2
14.694384 55.102512 4
14.694314 55.10276 5
14.6945 55.102757 6
14.694537 55.102806 8
14.694396 55.102882 9
14.694445 55.10294 11
