14.708296 55.100983 1B
14.708603 55.101013 3
14.710155 55.100857 4
14.710286 55.10087 6
14.709048 55.101078 7
14.710366 55.100876 8
14.709402 55.101078 9
14.710577 55.100864 10
14.709662 55.101048 11
14.711102 55.100876 12
14.709954 55.101124 13
14.711328 55.10091 14
14.710074 55.101135 15
14.711608 55.100933 16
14.710285 55.101105 17
14.711872 55.10104 18
14.71048 55.1012 19
14.712024 55.101074 20
14.71083 55.101185 21
14.712189 55.101112 22
14.711081 55.1012 23
14.711305 55.101254 25
14.712721 55.101208 26
14.711499 55.101257 27
14.71287 55.101257 28
14.711721 55.101303 29
14.712957 55.10127 30
14.711971 55.10131 31
14.713032 55.10128 32
14.712821 55.101555 33
14.71312 55.10129 34
14.713043 55.101597 35
14.713211 55.101303 36
14.713279 55.101646 37
14.713287 55.101315 38
14.713397 55.10167 39
14.713429 55.101364 40
14.713616 55.101715 41
14.713552 55.101376 42
14.713801 55.101753 43
14.713745 55.10142 44
14.714059 55.101807 45
14.71381 55.10143 46
14.714216 55.101837 47
14.71449 55.101894 49
14.714021 55.10148 50
14.714758 55.10205 51
14.714167 55.101517 52
14.715101 55.102245 53
14.71424 55.101524 54
14.716155 55.102085 57A
14.716128 55.10222 57B
14.71614 55.102394 57C
14.71482 55.10166 58
14.716564 55.10205 59
14.715053 55.10169 60
14.716811 55.102085 61
14.715845 55.10183 62
14.71712 55.102043 63
14.716247 55.10182 64
14.717371 55.102062 65
14.71628 55.101578 66
14.717614 55.10206 67
14.716759 55.10156 68
14.717861 55.10204 69
14.718114 55.10207 71
14.71731 55.10172 72
14.718318 55.10207 73
14.717266 55.101555 74
14.718543 55.102066 75
14.718753 55.102066 77
14.718335 55.1018 78
14.718931 55.10206 79
14.718695 55.10179 80
14.719132 55.102062 81
14.719456 55.10203 83
14.719975 55.101788 86
14.713955 55.101467 48
14.716824 55.101807 70
14.714506 55.101604 56
14.710819 55.10086 10A
14.708895 55.10104 5
