14.691437 55.100487 2
14.692874 55.099743 3
14.692545 55.09998 5
14.691835 55.099846 7
14.691729 55.10016 9
14.691564 55.100304 11
14.69154 55.099842 7B
14.691437 55.100487 2
14.692874 55.099743 3
14.692545 55.09998 5
14.691835 55.099846 7
14.691729 55.10016 9
14.691564 55.100304 11
14.69154 55.099842 7B
14.691437 55.100487 2
14.692874 55.099743 3
14.692545 55.09998 5
14.691835 55.099846 7
14.691729 55.10016 9
14.691564 55.100304 11
14.69154 55.099842 7B
14.691437 55.100487 2
14.692874 55.099743 3
14.692545 55.09998 5
14.691835 55.099846 7
14.691729 55.10016 9
14.691564 55.100304 11
14.69154 55.099842 7B
14.691437 55.100487 2
14.692874 55.099743 3
14.692545 55.09998 5
14.691835 55.099846 7
14.691729 55.10016 9
14.691564 55.100304 11
14.69154 55.099842 7B
14.691437 55.100487 2
14.692874 55.099743 3
14.692545 55.09998 5
14.691835 55.099846 7
14.691729 55.10016 9
14.691564 55.100304 11
14.69154 55.099842 7B
