14.696093 55.100586 2
14.696388 55.100685 3
14.69717 55.10057 4
14.696698 55.10068 5
14.697264 55.10057 6
14.696949 55.100677 7
14.697431 55.100567 8
14.697091 55.100674 9
14.69758 55.100567 10
14.697867 55.100674 11
14.696093 55.100586 2
14.696388 55.100685 3
14.69717 55.10057 4
14.696698 55.10068 5
14.697264 55.10057 6
14.696949 55.100677 7
14.697431 55.100567 8
14.697091 55.100674 9
14.69758 55.100567 10
14.697867 55.100674 11
14.696093 55.100586 2
14.696388 55.100685 3
14.69717 55.10057 4
14.696698 55.10068 5
14.697264 55.10057 6
14.696949 55.100677 7
14.697431 55.100567 8
14.697091 55.100674 9
14.69758 55.100567 10
14.697867 55.100674 11
14.696093 55.100586 2
14.696388 55.100685 3
14.69717 55.10057 4
14.696698 55.10068 5
14.697264 55.10057 6
14.696949 55.100677 7
14.697431 55.100567 8
14.697091 55.100674 9
14.69758 55.100567 10
14.697867 55.100674 11
14.696093 55.100586 2
14.696388 55.100685 3
14.69717 55.10057 4
14.696698 55.10068 5
14.697264 55.10057 6
14.696949 55.100677 7
14.697431 55.100567 8
14.697091 55.100674 9
14.69758 55.100567 10
14.697867 55.100674 11
14.696093 55.100586 2
14.696388 55.100685 3
14.69717 55.10057 4
14.696698 55.10068 5
14.697264 55.10057 6
14.696949 55.100677 7
14.697431 55.100567 8
14.697091 55.100674 9
14.69758 55.100567 10
14.697867 55.100674 11
