14.866704 55.178448 21
14.867205 55.169407 22
14.868329 55.167107 24
14.868665 55.17621 25
14.868858 55.165188 26
14.871301 55.173656 27
14.863317 55.163612 28
14.87396 55.172375 29
14.85974 55.16383 30
14.872712 55.1699 31
14.869398 55.1628 32
14.87906 55.17014 33
14.874677 55.16284 34
14.880789 55.156837 35
14.876265 55.161617 36
14.882533 55.154037 37
14.881064 55.153503 38
14.882516 55.152264 39
14.880463 55.1526 40
14.882608 55.152077 41
14.881964 55.151535 42
14.882731 55.15184 43
14.883515 55.149384 44
14.882772 55.151627 45
14.884053 55.1499 47
14.871352 55.177692 23
