14.749596 55.06929 2
14.745988 55.069492 2B
14.748761 55.070763 2D
14.746549 55.070503 2E
14.746501 55.070564 2F
14.75021 55.069 2H
14.750428 55.06897 2J
14.76216 55.070156 3
14.762948 55.068768 5
14.754534 55.06945 6
14.765332 55.067497 7
14.772648 55.06245 9
14.782218 55.059742 11
14.766212 55.06491 12
14.79449 55.05777 13
14.766727 55.06413 14
14.797347 55.057533 15
14.768053 55.063614 16
14.769936 55.063156 18
14.792353 55.05451 26
14.790258 55.055676 18B
14.746322 55.069366 2K
14.792437 55.055798 20
14.748747 55.069466 2M
14.749742 55.069344 2P
14.753853 55.070747 1B
14.749101 55.071087 2C
14.745434 55.06874 2A
14.749596 55.06929 2
14.745988 55.069492 2B
14.748761 55.070763 2D
14.746549 55.070503 2E
14.746501 55.070564 2F
14.75021 55.069 2H
14.750428 55.06897 2J
14.76216 55.070156 3
14.762948 55.068768 5
14.754534 55.06945 6
14.765332 55.067497 7
14.772648 55.06245 9
14.782218 55.059742 11
14.766212 55.06491 12
14.79449 55.05777 13
14.766727 55.06413 14
14.797347 55.057533 15
14.768053 55.063614 16
14.769936 55.063156 18
14.792353 55.05451 26
14.790258 55.055676 18B
14.746322 55.069366 2K
14.792437 55.055798 20
14.748747 55.069466 2M
14.749742 55.069344 2P
14.753853 55.070747 1B
14.749101 55.071087 2C
14.745434 55.06874 2A
14.749596 55.06929 2
14.745988 55.069492 2B
14.748761 55.070763 2D
14.746549 55.070503 2E
14.746501 55.070564 2F
14.75021 55.069 2H
14.750428 55.06897 2J
14.76216 55.070156 3
14.762948 55.068768 5
14.754534 55.06945 6
14.765332 55.067497 7
14.772648 55.06245 9
14.782218 55.059742 11
14.766212 55.06491 12
14.79449 55.05777 13
14.766727 55.06413 14
14.797347 55.057533 15
14.768053 55.063614 16
14.769936 55.063156 18
14.792353 55.05451 26
14.790258 55.055676 18B
14.746322 55.069366 2K
14.792437 55.055798 20
14.748747 55.069466 2M
14.749742 55.069344 2P
14.753853 55.070747 1B
14.749101 55.071087 2C
14.745434 55.06874 2A
14.749596 55.06929 2
14.745988 55.069492 2B
14.748761 55.070763 2D
14.746549 55.070503 2E
14.746501 55.070564 2F
14.75021 55.069 2H
14.750428 55.06897 2J
14.76216 55.070156 3
14.762948 55.068768 5
14.754534 55.06945 6
14.765332 55.067497 7
14.772648 55.06245 9
14.782218 55.059742 11
14.766212 55.06491 12
14.79449 55.05777 13
14.766727 55.06413 14
14.797347 55.057533 15
14.768053 55.063614 16
14.769936 55.063156 18
14.792353 55.05451 26
14.790258 55.055676 18B
14.746322 55.069366 2K
14.792437 55.055798 20
14.748747 55.069466 2M
14.749742 55.069344 2P
14.753853 55.070747 1B
14.749101 55.071087 2C
14.745434 55.06874 2A
14.749596 55.06929 2
14.745988 55.069492 2B
14.748761 55.070763 2D
14.746549 55.070503 2E
14.746501 55.070564 2F
14.75021 55.069 2H
14.750428 55.06897 2J
14.76216 55.070156 3
14.762948 55.068768 5
14.754534 55.06945 6
14.765332 55.067497 7
14.772648 55.06245 9
14.782218 55.059742 11
14.766212 55.06491 12
14.79449 55.05777 13
14.766727 55.06413 14
14.797347 55.057533 15
14.768053 55.063614 16
14.769936 55.063156 18
14.792353 55.05451 26
14.790258 55.055676 18B
14.746322 55.069366 2K
14.792437 55.055798 20
14.748747 55.069466 2M
14.749742 55.069344 2P
14.753853 55.070747 1B
14.749101 55.071087 2C
14.745434 55.06874 2A
14.749596 55.06929 2
14.745988 55.069492 2B
14.748761 55.070763 2D
14.746549 55.070503 2E
14.746501 55.070564 2F
14.75021 55.069 2H
14.750428 55.06897 2J
14.76216 55.070156 3
14.762948 55.068768 5
14.754534 55.06945 6
14.765332 55.067497 7
14.772648 55.06245 9
14.782218 55.059742 11
14.766212 55.06491 12
14.79449 55.05777 13
14.766727 55.06413 14
14.797347 55.057533 15
14.768053 55.063614 16
14.769936 55.063156 18
14.792353 55.05451 26
14.790258 55.055676 18B
14.746322 55.069366 2K
14.792437 55.055798 20
14.748747 55.069466 2M
14.749742 55.069344 2P
14.753853 55.070747 1B
14.749101 55.071087 2C
14.745434 55.06874 2A
