14.702198 55.096317 2A
14.70223 55.096252 2B
14.702266 55.096172 2C
14.702753 55.096085 3
14.70237 55.09605 4
14.702796 55.096 5
14.702413 55.09596 6
14.702837 55.095917 7
14.702423 55.095802 8
14.703006 55.0958 9A
14.703687 55.09588 9B
14.702595 55.09556 10
14.703401 55.09559 11A
14.703841 55.0955 11B
14.702623 55.095493 12
14.703064 55.095627 13
14.703096 55.09555 15
14.702659 55.09543 16
14.703174 55.095448 17
14.702707 55.09531 18
14.703224 55.095318 19
14.702641 55.094967 20
14.702161 55.093124 20B
14.703263 55.09523 21
14.701638 55.093 22B
14.703288 55.095135 23
14.703552 55.093346 24A
14.703619 55.093204 24B
14.703346 55.09497 25
14.703673 55.093086 26
14.703699 55.093033 26A
14.703504 55.094654 27
14.70376 55.092907 28
14.703452 55.0928 28A
14.703601 55.094494 29
14.703655 55.09271 30
14.703661 55.09436 31
14.703814 55.09258 32
14.703705 55.094288 33
14.703571 55.092384 34
14.704082 55.092308 34B
14.703749 55.094177 35
14.704143 55.092052 36
14.703924 55.093918 37A
14.703856 55.093727 37B
14.704263 55.091927 38
14.70371 55.09181 38A
14.703902 55.09159 38B
14.703803 55.09142 38C
14.703359 55.09172 38D
14.704012 55.09356 39
14.704435 55.091503 40
14.704096 55.0934 41
14.704226 55.09132 42
14.704175 55.093235 43
14.704352 55.092968 45
14.703661 55.091175 46
14.704422 55.092728 47
14.704615 55.0926 49
14.704686 55.092167 51
14.70475 55.091972 53
14.704864 55.09179 55
14.705 55.09145 59
14.705146 55.091347 61
14.705238 55.091213 63
14.705284 55.091045 65
14.705353 55.09092 67
14.705834 55.09084 69
14.705479 55.0907 71
14.705497 55.09059 73
14.705826 55.090515 75
14.701201 55.094074 22
14.70298 55.181393 2
14.702198 55.096317 2A
14.70223 55.096252 2B
14.702266 55.096172 2C
14.702753 55.096085 3
14.70237 55.09605 4
14.702796 55.096 5
14.702413 55.09596 6
14.702837 55.095917 7
14.702423 55.095802 8
14.703006 55.0958 9A
14.703687 55.09588 9B
14.702595 55.09556 10
14.703401 55.09559 11A
14.703841 55.0955 11B
14.702623 55.095493 12
14.703064 55.095627 13
14.703096 55.09555 15
14.702659 55.09543 16
14.703174 55.095448 17
14.702707 55.09531 18
14.703224 55.095318 19
14.702641 55.094967 20
14.702161 55.093124 20B
14.703263 55.09523 21
14.701638 55.093 22B
14.703288 55.095135 23
14.703552 55.093346 24A
14.703619 55.093204 24B
14.703346 55.09497 25
14.703673 55.093086 26
14.703699 55.093033 26A
14.703504 55.094654 27
14.70376 55.092907 28
14.703452 55.0928 28A
14.703601 55.094494 29
14.703655 55.09271 30
14.703661 55.09436 31
14.703814 55.09258 32
14.703705 55.094288 33
14.703571 55.092384 34
14.704082 55.092308 34B
14.703749 55.094177 35
14.704143 55.092052 36
14.703924 55.093918 37A
14.703856 55.093727 37B
14.704263 55.091927 38
14.70371 55.09181 38A
14.703902 55.09159 38B
14.703803 55.09142 38C
14.703359 55.09172 38D
14.704012 55.09356 39
14.704435 55.091503 40
14.704096 55.0934 41
14.704226 55.09132 42
14.704175 55.093235 43
14.704352 55.092968 45
14.703661 55.091175 46
14.704422 55.092728 47
14.704615 55.0926 49
14.704686 55.092167 51
14.70475 55.091972 53
14.704864 55.09179 55
14.705 55.09145 59
14.705146 55.091347 61
14.705238 55.091213 63
14.705284 55.091045 65
14.705353 55.09092 67
14.705834 55.09084 69
14.705479 55.0907 71
14.705497 55.09059 73
14.705826 55.090515 75
14.701201 55.094074 22
14.70298 55.181393 2
14.702198 55.096317 2A
14.70223 55.096252 2B
14.702266 55.096172 2C
14.702753 55.096085 3
14.70237 55.09605 4
14.702796 55.096 5
14.702413 55.09596 6
14.702837 55.095917 7
14.702423 55.095802 8
14.703006 55.0958 9A
14.703687 55.09588 9B
14.702595 55.09556 10
14.703401 55.09559 11A
14.703841 55.0955 11B
14.702623 55.095493 12
14.703064 55.095627 13
14.703096 55.09555 15
14.702659 55.09543 16
14.703174 55.095448 17
14.702707 55.09531 18
14.703224 55.095318 19
14.702641 55.094967 20
14.702161 55.093124 20B
14.703263 55.09523 21
14.701638 55.093 22B
14.703288 55.095135 23
14.703552 55.093346 24A
14.703619 55.093204 24B
14.703346 55.09497 25
14.703673 55.093086 26
14.703699 55.093033 26A
14.703504 55.094654 27
14.70376 55.092907 28
14.703452 55.0928 28A
14.703601 55.094494 29
14.703655 55.09271 30
14.703661 55.09436 31
14.703814 55.09258 32
14.703705 55.094288 33
14.703571 55.092384 34
14.704082 55.092308 34B
14.703749 55.094177 35
14.704143 55.092052 36
14.703924 55.093918 37A
14.703856 55.093727 37B
14.704263 55.091927 38
14.70371 55.09181 38A
14.703902 55.09159 38B
14.703803 55.09142 38C
14.703359 55.09172 38D
14.704012 55.09356 39
14.704435 55.091503 40
14.704096 55.0934 41
14.704226 55.09132 42
14.704175 55.093235 43
14.704352 55.092968 45
14.703661 55.091175 46
14.704422 55.092728 47
14.704615 55.0926 49
14.704686 55.092167 51
14.70475 55.091972 53
14.704864 55.09179 55
14.705 55.09145 59
14.705146 55.091347 61
14.705238 55.091213 63
14.705284 55.091045 65
14.705353 55.09092 67
14.705834 55.09084 69
14.705479 55.0907 71
14.705497 55.09059 73
14.705826 55.090515 75
14.701201 55.094074 22
14.70298 55.181393 2
14.702198 55.096317 2A
14.70223 55.096252 2B
14.702266 55.096172 2C
14.702753 55.096085 3
14.70237 55.09605 4
14.702796 55.096 5
14.702413 55.09596 6
14.702837 55.095917 7
14.702423 55.095802 8
14.703006 55.0958 9A
14.703687 55.09588 9B
14.702595 55.09556 10
14.703401 55.09559 11A
14.703841 55.0955 11B
14.702623 55.095493 12
14.703064 55.095627 13
14.703096 55.09555 15
14.702659 55.09543 16
14.703174 55.095448 17
14.702707 55.09531 18
14.703224 55.095318 19
14.702641 55.094967 20
14.702161 55.093124 20B
14.703263 55.09523 21
14.701638 55.093 22B
14.703288 55.095135 23
14.703552 55.093346 24A
14.703619 55.093204 24B
14.703346 55.09497 25
14.703673 55.093086 26
14.703699 55.093033 26A
14.703504 55.094654 27
14.70376 55.092907 28
14.703452 55.0928 28A
14.703601 55.094494 29
14.703655 55.09271 30
14.703661 55.09436 31
14.703814 55.09258 32
14.703705 55.094288 33
14.703571 55.092384 34
14.704082 55.092308 34B
14.703749 55.094177 35
14.704143 55.092052 36
14.703924 55.093918 37A
14.703856 55.093727 37B
14.704263 55.091927 38
14.70371 55.09181 38A
14.703902 55.09159 38B
14.703803 55.09142 38C
14.703359 55.09172 38D
14.704012 55.09356 39
14.704435 55.091503 40
14.704096 55.0934 41
14.704226 55.09132 42
14.704175 55.093235 43
14.704352 55.092968 45
14.703661 55.091175 46
14.704422 55.092728 47
14.704615 55.0926 49
14.704686 55.092167 51
14.70475 55.091972 53
14.704864 55.09179 55
14.705 55.09145 59
14.705146 55.091347 61
14.705238 55.091213 63
14.705284 55.091045 65
14.705353 55.09092 67
14.705834 55.09084 69
14.705479 55.0907 71
14.705497 55.09059 73
14.705826 55.090515 75
14.701201 55.094074 22
14.70298 55.181393 2
14.702198 55.096317 2A
14.70223 55.096252 2B
14.702266 55.096172 2C
14.702753 55.096085 3
14.70237 55.09605 4
14.702796 55.096 5
14.702413 55.09596 6
14.702837 55.095917 7
14.702423 55.095802 8
14.703006 55.0958 9A
14.703687 55.09588 9B
14.702595 55.09556 10
14.703401 55.09559 11A
14.703841 55.0955 11B
14.702623 55.095493 12
14.703064 55.095627 13
14.703096 55.09555 15
14.702659 55.09543 16
14.703174 55.095448 17
14.702707 55.09531 18
14.703224 55.095318 19
14.702641 55.094967 20
14.702161 55.093124 20B
14.703263 55.09523 21
14.701638 55.093 22B
14.703288 55.095135 23
14.703552 55.093346 24A
14.703619 55.093204 24B
14.703346 55.09497 25
14.703673 55.093086 26
14.703699 55.093033 26A
14.703504 55.094654 27
14.70376 55.092907 28
14.703452 55.0928 28A
14.703601 55.094494 29
14.703655 55.09271 30
14.703661 55.09436 31
14.703814 55.09258 32
14.703705 55.094288 33
14.703571 55.092384 34
14.704082 55.092308 34B
14.703749 55.094177 35
14.704143 55.092052 36
14.703924 55.093918 37A
14.703856 55.093727 37B
14.704263 55.091927 38
14.70371 55.09181 38A
14.703902 55.09159 38B
14.703803 55.09142 38C
14.703359 55.09172 38D
14.704012 55.09356 39
14.704435 55.091503 40
14.704096 55.0934 41
14.704226 55.09132 42
14.704175 55.093235 43
14.704352 55.092968 45
14.703661 55.091175 46
14.704422 55.092728 47
14.704615 55.0926 49
14.704686 55.092167 51
14.70475 55.091972 53
14.704864 55.09179 55
14.705 55.09145 59
14.705146 55.091347 61
14.705238 55.091213 63
14.705284 55.091045 65
14.705353 55.09092 67
14.705834 55.09084 69
14.705479 55.0907 71
14.705497 55.09059 73
14.705826 55.090515 75
14.701201 55.094074 22
14.70298 55.181393 2
14.702198 55.096317 2A
14.70223 55.096252 2B
14.702266 55.096172 2C
14.702753 55.096085 3
14.70237 55.09605 4
14.702796 55.096 5
14.702413 55.09596 6
14.702837 55.095917 7
14.702423 55.095802 8
14.703006 55.0958 9A
14.703687 55.09588 9B
14.702595 55.09556 10
14.703401 55.09559 11A
14.703841 55.0955 11B
14.702623 55.095493 12
14.703064 55.095627 13
14.703096 55.09555 15
14.702659 55.09543 16
14.703174 55.095448 17
14.702707 55.09531 18
14.703224 55.095318 19
14.702641 55.094967 20
14.702161 55.093124 20B
14.703263 55.09523 21
14.701638 55.093 22B
14.703288 55.095135 23
14.703552 55.093346 24A
14.703619 55.093204 24B
14.703346 55.09497 25
14.703673 55.093086 26
14.703699 55.093033 26A
14.703504 55.094654 27
14.70376 55.092907 28
14.703452 55.0928 28A
14.703601 55.094494 29
14.703655 55.09271 30
14.703661 55.09436 31
14.703814 55.09258 32
14.703705 55.094288 33
14.703571 55.092384 34
14.704082 55.092308 34B
14.703749 55.094177 35
14.704143 55.092052 36
14.703924 55.093918 37A
14.703856 55.093727 37B
14.704263 55.091927 38
14.70371 55.09181 38A
14.703902 55.09159 38B
14.703803 55.09142 38C
14.703359 55.09172 38D
14.704012 55.09356 39
14.704435 55.091503 40
14.704096 55.0934 41
14.704226 55.09132 42
14.704175 55.093235 43
14.704352 55.092968 45
14.703661 55.091175 46
14.704422 55.092728 47
14.704615 55.0926 49
14.704686 55.092167 51
14.70475 55.091972 53
14.704864 55.09179 55
14.705 55.09145 59
14.705146 55.091347 61
14.705238 55.091213 63
14.705284 55.091045 65
14.705353 55.09092 67
14.705834 55.09084 69
14.705479 55.0907 71
14.705497 55.09059 73
14.705826 55.090515 75
14.701201 55.094074 22
14.70298 55.181393 2
