14.706982 55.096146 1
14.706722 55.096478 2
14.706723 55.0961 3
14.706479 55.096306 4
14.706314 55.09603 5
14.706168 55.09629 6
14.705895 55.096195 8
14.706044 55.095963 9
14.705668 55.096165 10
14.70581 55.09593 11
14.705422 55.09612 12
14.705584 55.095905 13
14.705155 55.096077 14
14.705361 55.095856 15
14.705059 55.095802 17
14.704061 55.095783 18
14.704638 55.095757 19
14.703858 55.095726 20
14.704266 55.095684 22
14.704327 55.095596 24
14.704376 55.095497 26
14.706982 55.096146 1
14.706722 55.096478 2
14.706723 55.0961 3
14.706479 55.096306 4
14.706314 55.09603 5
14.706168 55.09629 6
14.705895 55.096195 8
14.706044 55.095963 9
14.705668 55.096165 10
14.70581 55.09593 11
14.705422 55.09612 12
14.705584 55.095905 13
14.705155 55.096077 14
14.705361 55.095856 15
14.705059 55.095802 17
14.704061 55.095783 18
14.704638 55.095757 19
14.703858 55.095726 20
14.704266 55.095684 22
14.704327 55.095596 24
14.704376 55.095497 26
14.706982 55.096146 1
14.706722 55.096478 2
14.706723 55.0961 3
14.706479 55.096306 4
14.706314 55.09603 5
14.706168 55.09629 6
14.705895 55.096195 8
14.706044 55.095963 9
14.705668 55.096165 10
14.70581 55.09593 11
14.705422 55.09612 12
14.705584 55.095905 13
14.705155 55.096077 14
14.705361 55.095856 15
14.705059 55.095802 17
14.704061 55.095783 18
14.704638 55.095757 19
14.703858 55.095726 20
14.704266 55.095684 22
14.704327 55.095596 24
14.704376 55.095497 26
14.706982 55.096146 1
14.706722 55.096478 2
14.706723 55.0961 3
14.706479 55.096306 4
14.706314 55.09603 5
14.706168 55.09629 6
14.705895 55.096195 8
14.706044 55.095963 9
14.705668 55.096165 10
14.70581 55.09593 11
14.705422 55.09612 12
14.705584 55.095905 13
14.705155 55.096077 14
14.705361 55.095856 15
14.705059 55.095802 17
14.704061 55.095783 18
14.704638 55.095757 19
14.703858 55.095726 20
14.704266 55.095684 22
14.704327 55.095596 24
14.704376 55.095497 26
14.706982 55.096146 1
14.706722 55.096478 2
14.706723 55.0961 3
14.706479 55.096306 4
14.706314 55.09603 5
14.706168 55.09629 6
14.705895 55.096195 8
14.706044 55.095963 9
14.705668 55.096165 10
14.70581 55.09593 11
14.705422 55.09612 12
14.705584 55.095905 13
14.705155 55.096077 14
14.705361 55.095856 15
14.705059 55.095802 17
14.704061 55.095783 18
14.704638 55.095757 19
14.703858 55.095726 20
14.704266 55.095684 22
14.704327 55.095596 24
14.704376 55.095497 26
14.706982 55.096146 1
14.706722 55.096478 2
14.706723 55.0961 3
14.706479 55.096306 4
14.706314 55.09603 5
14.706168 55.09629 6
14.705895 55.096195 8
14.706044 55.095963 9
14.705668 55.096165 10
14.70581 55.09593 11
14.705422 55.09612 12
14.705584 55.095905 13
14.705155 55.096077 14
14.705361 55.095856 15
14.705059 55.095802 17
14.704061 55.095783 18
14.704638 55.095757 19
14.703858 55.095726 20
14.704266 55.095684 22
14.704327 55.095596 24
14.704376 55.095497 26
