14.706947 55.111637 4
14.707285 55.111782 5
14.707029 55.11163 6
14.70737 55.111774 7
14.707149 55.111618 8
14.707468 55.111767 9
14.707234 55.11161 10
14.707663 55.11181 11
14.707404 55.11156 12
14.707745 55.111816 13
14.707623 55.111626 14
14.70791 55.11183 15
14.707727 55.11163 16
14.70799 55.111843 17
14.707904 55.111645 18
14.708172 55.11183 19
14.707977 55.111656 20
14.708256 55.111855 21
14.708119 55.11168 22
14.708187 55.11169 24
14.7088 55.11209 31
14.709039 55.11218 33
14.708897 55.111816 34
14.709319 55.112366 35
14.709142 55.111916 36
14.709473 55.112503 37
14.709465 55.11193 38
14.709627 55.112637 39
14.709498 55.112106 40
14.710138 55.113083 41
14.709703 55.11217 42
14.71033 55.113247 43
14.710392 55.113503 45
14.709782 55.112335 46
14.710532 55.113758 47
14.710126 55.11228 48
14.710563 55.114 49
14.710001 55.11252 50
14.710719 55.11428 51
14.710498 55.112453 52
14.710223 55.112705 54
14.710335 55.112816 56
14.709886 55.114525 57
14.710475 55.11294 58
14.71075 55.11461 59
14.710876 55.112854 60
14.710818 55.114735 61
14.710672 55.113113 62
14.710889 55.11486 63
14.711063 55.11304 64
14.710957 55.114986 65
14.710835 55.11329 66
14.711205 55.113262 68
14.710983 55.113495 70
14.711307 55.11349 72
14.711081 55.113693 74
14.711205 55.113853 76
14.711305 55.114025 78
14.711313 55.114212 80
14.711373 55.114395 82
14.711349 55.114594 84
14.711427 55.11475 86
14.711604 55.114925 88
14.711506 55.115124 90
14.71156 55.1153 92
14.711609 55.115475 94
14.711877 55.11563 96
14.712003 55.115852 98
14.71171 55.115948 100
14.709511 55.11482 57B
14.708679 55.11174 32
14.708357 55.111717 26
