14.711537 55.11689 2
14.711055 55.116623 3
14.711134 55.116875 4
14.710738 55.116665 5
14.710859 55.116997 6
14.710387 55.116688 7
14.710283 55.116947 8
14.710037 55.116726 9
14.707976 55.11711 10
14.709726 55.116756 11
14.707571 55.117146 12
14.709335 55.116787 13
14.707171 55.11717 14
14.708988 55.11681 15
14.706786 55.117195 16
14.708585 55.116837 17
14.708244 55.11681 19
14.707851 55.116894 21
14.707527 55.116917 23
14.707169 55.116943 25
14.706767 55.116947 27
14.706358 55.116947 29
15.135872 55.070988 1
