14.698646 55.101128 1
14.698621 55.101013 3
14.698376 55.101177 4
14.698587 55.100864 5
14.698382 55.10103 6
14.698546 55.100677 7
14.698346 55.10084 8
14.698646 55.101128 1
14.698621 55.101013 3
14.698376 55.101177 4
14.698587 55.100864 5
14.698382 55.10103 6
14.698546 55.100677 7
14.698346 55.10084 8
14.698646 55.101128 1
14.698621 55.101013 3
14.698376 55.101177 4
14.698587 55.100864 5
14.698382 55.10103 6
14.698546 55.100677 7
14.698346 55.10084 8
14.698646 55.101128 1
14.698621 55.101013 3
14.698376 55.101177 4
14.698587 55.100864 5
14.698382 55.10103 6
14.698546 55.100677 7
14.698346 55.10084 8
14.698646 55.101128 1
14.698621 55.101013 3
14.698376 55.101177 4
14.698587 55.100864 5
14.698382 55.10103 6
14.698546 55.100677 7
14.698346 55.10084 8
14.698646 55.101128 1
14.698621 55.101013 3
14.698376 55.101177 4
14.698587 55.100864 5
14.698382 55.10103 6
14.698546 55.100677 7
14.698346 55.10084 8
