14.713372 55.088882 1
14.712941 55.088818 2
14.713912 55.089153 3
14.712474 55.088696 4
14.712803 55.088486 6
14.714339 55.08884 7
14.713201 55.088676 8
14.71463 55.088684 9
14.713576 55.088448 10
14.714309 55.088528 11
14.713183 55.08824 12
14.713458 55.088062 14
14.713824 55.08826 16
14.714058 55.08869 5
15.113856 55.018677 3
14.713372 55.088882 1
14.712941 55.088818 2
14.713912 55.089153 3
14.712474 55.088696 4
14.712803 55.088486 6
14.714339 55.08884 7
14.713201 55.088676 8
14.71463 55.088684 9
14.713576 55.088448 10
14.714309 55.088528 11
14.713183 55.08824 12
14.713458 55.088062 14
14.713824 55.08826 16
14.714058 55.08869 5
15.113856 55.018677 3
14.713372 55.088882 1
14.712941 55.088818 2
14.713912 55.089153 3
14.712474 55.088696 4
14.712803 55.088486 6
14.714339 55.08884 7
14.713201 55.088676 8
14.71463 55.088684 9
14.713576 55.088448 10
14.714309 55.088528 11
14.713183 55.08824 12
14.713458 55.088062 14
14.713824 55.08826 16
14.714058 55.08869 5
15.113856 55.018677 3
14.713372 55.088882 1
14.712941 55.088818 2
14.713912 55.089153 3
14.712474 55.088696 4
14.712803 55.088486 6
14.714339 55.08884 7
14.713201 55.088676 8
14.71463 55.088684 9
14.713576 55.088448 10
14.714309 55.088528 11
14.713183 55.08824 12
14.713458 55.088062 14
14.713824 55.08826 16
14.714058 55.08869 5
15.113856 55.018677 3
14.713372 55.088882 1
14.712941 55.088818 2
14.713912 55.089153 3
14.712474 55.088696 4
14.712803 55.088486 6
14.714339 55.08884 7
14.713201 55.088676 8
14.71463 55.088684 9
14.713576 55.088448 10
14.714309 55.088528 11
14.713183 55.08824 12
14.713458 55.088062 14
14.713824 55.08826 16
14.714058 55.08869 5
15.113856 55.018677 3
14.713372 55.088882 1
14.712941 55.088818 2
14.713912 55.089153 3
14.712474 55.088696 4
14.712803 55.088486 6
14.714339 55.08884 7
14.713201 55.088676 8
14.71463 55.088684 9
14.713576 55.088448 10
14.714309 55.088528 11
14.713183 55.08824 12
14.713458 55.088062 14
14.713824 55.08826 16
14.714058 55.08869 5
15.113856 55.018677 3
