14.71762 55.085316 1
14.717274 55.085125 2
14.717021 55.084965 4
14.718109 55.085327 5
14.717319 55.08481 6
14.717886 55.085197 7
14.717494 55.084957 8
14.718509 55.08483 9
14.71812 55.084602 10
14.717941 55.084457 12
14.719002 55.084835 13
14.718773 55.084705 15
14.71841 55.08449 16
14.718125 55.08435 14
14.718737 55.08496 11
14.717842 55.08545 3
14.910462 55.06752 1
14.71762 55.085316 1
14.717274 55.085125 2
14.717021 55.084965 4
14.718109 55.085327 5
14.717319 55.08481 6
14.717886 55.085197 7
14.717494 55.084957 8
14.718509 55.08483 9
14.71812 55.084602 10
14.717941 55.084457 12
14.719002 55.084835 13
14.718773 55.084705 15
14.71841 55.08449 16
14.718125 55.08435 14
14.718737 55.08496 11
14.717842 55.08545 3
14.910462 55.06752 1
14.71762 55.085316 1
14.717274 55.085125 2
14.717021 55.084965 4
14.718109 55.085327 5
14.717319 55.08481 6
14.717886 55.085197 7
14.717494 55.084957 8
14.718509 55.08483 9
14.71812 55.084602 10
14.717941 55.084457 12
14.719002 55.084835 13
14.718773 55.084705 15
14.71841 55.08449 16
14.718125 55.08435 14
14.718737 55.08496 11
14.717842 55.08545 3
14.910462 55.06752 1
14.71762 55.085316 1
14.717274 55.085125 2
14.717021 55.084965 4
14.718109 55.085327 5
14.717319 55.08481 6
14.717886 55.085197 7
14.717494 55.084957 8
14.718509 55.08483 9
14.71812 55.084602 10
14.717941 55.084457 12
14.719002 55.084835 13
14.718773 55.084705 15
14.71841 55.08449 16
14.718125 55.08435 14
14.718737 55.08496 11
14.717842 55.08545 3
14.910462 55.06752 1
14.71762 55.085316 1
14.717274 55.085125 2
14.717021 55.084965 4
14.718109 55.085327 5
14.717319 55.08481 6
14.717886 55.085197 7
14.717494 55.084957 8
14.718509 55.08483 9
14.71812 55.084602 10
14.717941 55.084457 12
14.719002 55.084835 13
14.718773 55.084705 15
14.71841 55.08449 16
14.718125 55.08435 14
14.718737 55.08496 11
14.717842 55.08545 3
14.910462 55.06752 1
14.71762 55.085316 1
14.717274 55.085125 2
14.717021 55.084965 4
14.718109 55.085327 5
14.717319 55.08481 6
14.717886 55.085197 7
14.717494 55.084957 8
14.718509 55.08483 9
14.71812 55.084602 10
14.717941 55.084457 12
14.719002 55.084835 13
14.718773 55.084705 15
14.71841 55.08449 16
14.718125 55.08435 14
14.718737 55.08496 11
14.717842 55.08545 3
14.910462 55.06752 1
