14.778342 55.05458 2
14.778532 55.054195 3
14.777383 55.054657 4
14.778378 55.054207 5
14.777982 55.054153 7
14.777283 55.053993 8
14.777519 55.05404 9
14.777079 55.053856 10
14.777405 55.0538 11
14.777202 55.053684 12
14.77733 55.053432 13
14.777037 55.0535 14
14.777281 55.05322 15
14.776726 55.053337 16
14.777152 55.053074 17
14.7763 55.053196 20
14.776957 55.053196 24
14.776582 55.053062 26
14.776781 55.053047 28
14.776972 55.053112 30
14.776423 55.05444 4B
14.777354 55.054073 6
14.902658 55.06091 1
