14.779616 55.060555 2
14.779389 55.0612 4
14.787886 55.072315 5
14.781642 55.06457 6
14.790284 55.08005 7
14.794136 55.06704 8
14.790637 55.08468 9
14.791371 55.073578 10
14.789035 55.07588 12
14.788706 55.075943 14
14.780624 55.10485 15
14.788062 55.076088 16
14.788236 55.076355 18
14.788398 55.076557 20
14.788581 55.0768 22
14.788647 55.077026 24
14.790303 55.077095 26
14.790182 55.079185 28
14.79403 55.079334 30
14.795801 55.079853 32
14.796213 55.084755 34
14.794984 55.08775 36
14.792164 55.091698 38
14.787235 55.098324 40
14.786582 55.099567 42
14.78338 55.102776 44
14.781922 55.10423 46
14.781944 55.106144 48
14.786811 55.068928 1T
14.780446 55.068703 1E
14.780362 55.068726 1D
14.796667 55.083675 34B
14.779616 55.060555 2
14.779389 55.0612 4
14.787886 55.072315 5
14.781642 55.06457 6
14.790284 55.08005 7
14.794136 55.06704 8
14.790637 55.08468 9
14.791371 55.073578 10
14.789035 55.07588 12
14.788706 55.075943 14
14.780624 55.10485 15
14.788062 55.076088 16
14.788236 55.076355 18
14.788398 55.076557 20
14.788581 55.0768 22
14.788647 55.077026 24
14.790303 55.077095 26
14.790182 55.079185 28
14.79403 55.079334 30
14.795801 55.079853 32
14.796213 55.084755 34
14.794984 55.08775 36
14.792164 55.091698 38
14.787235 55.098324 40
14.786582 55.099567 42
14.78338 55.102776 44
14.781922 55.10423 46
14.781944 55.106144 48
14.786811 55.068928 1T
14.780446 55.068703 1E
14.780362 55.068726 1D
14.796667 55.083675 34B
14.779616 55.060555 2
14.779389 55.0612 4
14.787886 55.072315 5
14.781642 55.06457 6
14.790284 55.08005 7
14.794136 55.06704 8
14.790637 55.08468 9
14.791371 55.073578 10
14.789035 55.07588 12
14.788706 55.075943 14
14.780624 55.10485 15
14.788062 55.076088 16
14.788236 55.076355 18
14.788398 55.076557 20
14.788581 55.0768 22
14.788647 55.077026 24
14.790303 55.077095 26
14.790182 55.079185 28
14.79403 55.079334 30
14.795801 55.079853 32
14.796213 55.084755 34
14.794984 55.08775 36
14.792164 55.091698 38
14.787235 55.098324 40
14.786582 55.099567 42
14.78338 55.102776 44
14.781922 55.10423 46
14.781944 55.106144 48
14.786811 55.068928 1T
14.780446 55.068703 1E
14.780362 55.068726 1D
14.796667 55.083675 34B
14.779616 55.060555 2
14.779389 55.0612 4
14.787886 55.072315 5
14.781642 55.06457 6
14.790284 55.08005 7
14.794136 55.06704 8
14.790637 55.08468 9
14.791371 55.073578 10
14.789035 55.07588 12
14.788706 55.075943 14
14.780624 55.10485 15
14.788062 55.076088 16
14.788236 55.076355 18
14.788398 55.076557 20
14.788581 55.0768 22
14.788647 55.077026 24
14.790303 55.077095 26
14.790182 55.079185 28
14.79403 55.079334 30
14.795801 55.079853 32
14.796213 55.084755 34
14.794984 55.08775 36
14.792164 55.091698 38
14.787235 55.098324 40
14.786582 55.099567 42
14.78338 55.102776 44
14.781922 55.10423 46
14.781944 55.106144 48
14.786811 55.068928 1T
14.780446 55.068703 1E
14.780362 55.068726 1D
14.796667 55.083675 34B
14.779616 55.060555 2
14.779389 55.0612 4
14.787886 55.072315 5
14.781642 55.06457 6
14.790284 55.08005 7
14.794136 55.06704 8
14.790637 55.08468 9
14.791371 55.073578 10
14.789035 55.07588 12
14.788706 55.075943 14
14.780624 55.10485 15
14.788062 55.076088 16
14.788236 55.076355 18
14.788398 55.076557 20
14.788581 55.0768 22
14.788647 55.077026 24
14.790303 55.077095 26
14.790182 55.079185 28
14.79403 55.079334 30
14.795801 55.079853 32
14.796213 55.084755 34
14.794984 55.08775 36
14.792164 55.091698 38
14.787235 55.098324 40
14.786582 55.099567 42
14.78338 55.102776 44
14.781922 55.10423 46
14.781944 55.106144 48
14.786811 55.068928 1T
14.780446 55.068703 1E
14.780362 55.068726 1D
14.796667 55.083675 34B
14.779616 55.060555 2
14.779389 55.0612 4
14.787886 55.072315 5
14.781642 55.06457 6
14.790284 55.08005 7
14.794136 55.06704 8
14.790637 55.08468 9
14.791371 55.073578 10
14.789035 55.07588 12
14.788706 55.075943 14
14.780624 55.10485 15
14.788062 55.076088 16
14.788236 55.076355 18
14.788398 55.076557 20
14.788581 55.0768 22
14.788647 55.077026 24
14.790303 55.077095 26
14.790182 55.079185 28
14.79403 55.079334 30
14.795801 55.079853 32
14.796213 55.084755 34
14.794984 55.08775 36
14.792164 55.091698 38
14.787235 55.098324 40
14.786582 55.099567 42
14.78338 55.102776 44
14.781922 55.10423 46
14.781944 55.106144 48
14.786811 55.068928 1T
14.780446 55.068703 1E
14.780362 55.068726 1D
14.796667 55.083675 34B
