14.702378 55.104546 3
14.702186 55.104443 4
14.702458 55.104534 5
14.70232 55.104416 6
14.702587 55.104515 7
14.702431 55.104393 8
14.702725 55.104485 9
14.702594 55.10437 10
14.702833 55.10447 11
14.70308 55.104275 12
14.702973 55.10444 13
14.703201 55.10425 14
14.703069 55.104424 15
14.703288 55.104233 16
14.703418 55.10436 17
14.918242 55.07022 2
14.702378 55.104546 3
14.702186 55.104443 4
14.702458 55.104534 5
14.70232 55.104416 6
14.702587 55.104515 7
14.702431 55.104393 8
14.702725 55.104485 9
14.702594 55.10437 10
14.702833 55.10447 11
14.70308 55.104275 12
14.702973 55.10444 13
14.703201 55.10425 14
14.703069 55.104424 15
14.703288 55.104233 16
14.703418 55.10436 17
14.918242 55.07022 2
14.702378 55.104546 3
14.702186 55.104443 4
14.702458 55.104534 5
14.70232 55.104416 6
14.702587 55.104515 7
14.702431 55.104393 8
14.702725 55.104485 9
14.702594 55.10437 10
14.702833 55.10447 11
14.70308 55.104275 12
14.702973 55.10444 13
14.703201 55.10425 14
14.703069 55.104424 15
14.703288 55.104233 16
14.703418 55.10436 17
14.918242 55.07022 2
14.702378 55.104546 3
14.702186 55.104443 4
14.702458 55.104534 5
14.70232 55.104416 6
14.702587 55.104515 7
14.702431 55.104393 8
14.702725 55.104485 9
14.702594 55.10437 10
14.702833 55.10447 11
14.70308 55.104275 12
14.702973 55.10444 13
14.703201 55.10425 14
14.703069 55.104424 15
14.703288 55.104233 16
14.703418 55.10436 17
14.918242 55.07022 2
14.702378 55.104546 3
14.702186 55.104443 4
14.702458 55.104534 5
14.70232 55.104416 6
14.702587 55.104515 7
14.702431 55.104393 8
14.702725 55.104485 9
14.702594 55.10437 10
14.702833 55.10447 11
14.70308 55.104275 12
14.702973 55.10444 13
14.703201 55.10425 14
14.703069 55.104424 15
14.703288 55.104233 16
14.703418 55.10436 17
14.918242 55.07022 2
14.702378 55.104546 3
14.702186 55.104443 4
14.702458 55.104534 5
14.70232 55.104416 6
14.702587 55.104515 7
14.702431 55.104393 8
14.702725 55.104485 9
14.702594 55.10437 10
14.702833 55.10447 11
14.70308 55.104275 12
14.702973 55.10444 13
14.703201 55.10425 14
14.703069 55.104424 15
14.703288 55.104233 16
14.703418 55.10436 17
14.918242 55.07022 2
