14.715526 55.102192 3
14.716235 55.102642 4
14.715564 55.102287 5
14.715943 55.102707 6
14.715599 55.102375 7
14.715944 55.102745 8
14.715525 55.10249 9
14.715944 55.102787 10
14.715311 55.10253 11
14.715945 55.10283 12
14.71512 55.10251 13
14.715972 55.10286 14
14.714903 55.102512 15
14.715973 55.102898 16
14.715549 55.102734 17
14.715973 55.102936 18
14.715337 55.102707 19
14.71511 55.10271 21
14.716111 55.102905 22
14.714999 55.102703 23
14.716181 55.1029 24
14.714887 55.102688 25
14.716248 55.1029 26
14.714762 55.102684 27
14.716309 55.102882 28
14.715491 55.10288 29
14.716378 55.102882 30
14.715498 55.102997 31
14.71643 55.102882 32
14.716083 55.102764 34
14.716137 55.102764 36
14.716205 55.102764 38
14.716265 55.102764 40
14.716455 55.10271 42
14.716455 55.10268 44
14.716454 55.10264 46
14.716666 55.102654 48
14.716667 55.102684 50
14.716667 55.102722 52
14.716636 55.102757 54
14.716637 55.1028 56
14.716638 55.102837 58
14.716548 55.102573 60
14.716547 55.10253 62
14.716546 55.102493 64
14.716467 55.102413 66
14.716537 55.102413 68
14.716607 55.102413 70
14.716668 55.102413 72
14.716715 55.10243 74
14.716853 55.10243 78
14.716923 55.10243 80
14.715974 55.10297 20
14.715516 55.102085 1
14.716779 55.10243 76
