14.730508 55.090965 5
14.730351 55.089806 7
14.729621 55.089005 10
14.729524 55.087864 14
14.728988 55.08695 16
14.729141 55.086254 20
14.730508 55.090965 5
14.730351 55.089806 7
14.729621 55.089005 10
14.729524 55.087864 14
14.728988 55.08695 16
14.729141 55.086254 20
14.730508 55.090965 5
14.730351 55.089806 7
14.729621 55.089005 10
14.729524 55.087864 14
14.728988 55.08695 16
14.729141 55.086254 20
14.730508 55.090965 5
14.730351 55.089806 7
14.729621 55.089005 10
14.729524 55.087864 14
14.728988 55.08695 16
14.729141 55.086254 20
14.730508 55.090965 5
14.730351 55.089806 7
14.729621 55.089005 10
14.729524 55.087864 14
14.728988 55.08695 16
14.729141 55.086254 20
14.730508 55.090965 5
14.730351 55.089806 7
14.729621 55.089005 10
14.729524 55.087864 14
14.728988 55.08695 16
14.729141 55.086254 20
