14.698464 55.09892 1B
14.698317 55.09876 2
14.698597 55.098934 3
14.698584 55.09881 4
14.698929 55.098988 5
14.698724 55.09883 6
14.698919 55.098824 8
14.699325 55.098816 9
14.699288 55.098705 10
14.699879 55.09878 11
14.699523 55.098682 12
14.699936 55.098743 13
14.699761 55.098656 14
14.700008 55.098698 15
14.699871 55.098625 16
14.700065 55.09866 17
14.699965 55.09856 18
14.700127 55.098618 19
14.700105 55.09847 20
14.700211 55.09855 21
14.700189 55.0984 22
14.700276 55.098495 23
14.700366 55.098423 25
14.700509 55.098335 27
14.700663 55.098133 29A
14.700806 55.098038 29B
14.700775 55.097893 32
14.700494 55.098045 30
14.700374 55.098145 26
14.700379 55.09822 24
15.107866 55.040546 1
