14.719807 55.102566 2
14.719998 55.102703 4
14.719982 55.103004 5
14.720273 55.102848 6
14.720247 55.103127 7
14.720598 55.102997 8
14.720537 55.10326 9
14.720914 55.103146 10
14.720766 55.10337 11
14.721166 55.103264 12
14.721061 55.10353 13
14.721471 55.103405 14
14.72134 55.103634 15
14.721601 55.103752 17
14.721781 55.103897 19
14.722741 55.103985 20
15.120057 55.061005 1
14.719807 55.102566 2
14.719998 55.102703 4
14.719982 55.103004 5
14.720273 55.102848 6
14.720247 55.103127 7
14.720598 55.102997 8
14.720537 55.10326 9
14.720914 55.103146 10
14.720766 55.10337 11
14.721166 55.103264 12
14.721061 55.10353 13
14.721471 55.103405 14
14.72134 55.103634 15
14.721601 55.103752 17
14.721781 55.103897 19
14.722741 55.103985 20
15.120057 55.061005 1
14.719807 55.102566 2
14.719998 55.102703 4
14.719982 55.103004 5
14.720273 55.102848 6
14.720247 55.103127 7
14.720598 55.102997 8
14.720537 55.10326 9
14.720914 55.103146 10
14.720766 55.10337 11
14.721166 55.103264 12
14.721061 55.10353 13
14.721471 55.103405 14
14.72134 55.103634 15
14.721601 55.103752 17
14.721781 55.103897 19
14.722741 55.103985 20
15.120057 55.061005 1
14.719807 55.102566 2
14.719998 55.102703 4
14.719982 55.103004 5
14.720273 55.102848 6
14.720247 55.103127 7
14.720598 55.102997 8
14.720537 55.10326 9
14.720914 55.103146 10
14.720766 55.10337 11
14.721166 55.103264 12
14.721061 55.10353 13
14.721471 55.103405 14
14.72134 55.103634 15
14.721601 55.103752 17
14.721781 55.103897 19
14.722741 55.103985 20
15.120057 55.061005 1
14.719807 55.102566 2
14.719998 55.102703 4
14.719982 55.103004 5
14.720273 55.102848 6
14.720247 55.103127 7
14.720598 55.102997 8
14.720537 55.10326 9
14.720914 55.103146 10
14.720766 55.10337 11
14.721166 55.103264 12
14.721061 55.10353 13
14.721471 55.103405 14
14.72134 55.103634 15
14.721601 55.103752 17
14.721781 55.103897 19
14.722741 55.103985 20
15.120057 55.061005 1
14.719807 55.102566 2
14.719998 55.102703 4
14.719982 55.103004 5
14.720273 55.102848 6
14.720247 55.103127 7
14.720598 55.102997 8
14.720537 55.10326 9
14.720914 55.103146 10
14.720766 55.10337 11
14.721166 55.103264 12
14.721061 55.10353 13
14.721471 55.103405 14
14.72134 55.103634 15
14.721601 55.103752 17
14.721781 55.103897 19
14.722741 55.103985 20
15.120057 55.061005 1
