14.707353 55.110588 2
14.707586 55.110546 4
14.707655 55.110718 5
14.707828 55.110508 6
14.707889 55.110676 7
14.708049 55.11047 8
14.708121 55.110638 9
14.708283 55.11043 10
14.708355 55.1106 11
14.708691 55.110302 12
14.708661 55.110527 13
14.708871 55.110218 14
14.708865 55.110455 15
14.709056 55.110134 16
14.709048 55.110367 17
14.709241 55.11005 18
14.709237 55.110283 19
14.709424 55.109962 20
14.709431 55.11019 21
14.709604 55.10988 22
14.709632 55.110096 23
14.709907 55.10997 25
14.707421 55.110756 3
14.706799 55.110893 1A
