14.708259 55.09978 1
14.707766 55.099464 2
14.708488 55.099747 3
14.708203 55.09949 4
14.708621 55.09972 5
14.708506 55.09946 6
14.70878 55.099686 7
14.70914 55.09932 8
14.708857 55.099667 9
14.709222 55.099308 10
14.709005 55.099632 11
14.709359 55.09927 12
14.70909 55.09961 13
14.709445 55.09924 14
14.709265 55.099575 15
14.709563 55.099194 16
14.709349 55.099556 17
14.70963 55.099163 18
14.70949 55.099525 19
14.709798 55.099083 20
14.709873 55.09905 22
14.709734 55.099464 23
14.709992 55.09899 24
14.70983 55.099426 25
14.710452 55.099945 25B
14.710456 55.100178 25C
14.710107 55.098938 26
14.71018 55.09928 27
14.710197 55.098896 28
14.710492 55.09878 30
14.710632 55.098724 32
14.711746 55.098602 35
14.710943 55.098545 36
14.711897 55.098446 37
14.711032 55.09854 38
14.71212 55.098316 39
14.711191 55.098434 40
14.712198 55.09828 41
14.711454 55.098297 42
14.712413 55.098167 43
14.711904 55.098064 44
14.713559 55.09725 48
14.714212 55.097534 49
14.713976 55.09704 50
14.714727 55.09718 51
14.71605 55.09719 53
14.715648 55.09673 55
14.716483 55.0968 57
14.716956 55.096474 59
14.715877 55.09623 60
14.716901 55.095932 64
14.718333 55.095604 66
14.719642 55.095592 67
14.718723 55.095516 68
14.720847 55.095253 101
14.720246 55.095146 102
14.721205 55.095165 103
14.72036 55.095116 104
14.721422 55.09507 105
14.720763 55.09502 106
14.721521 55.095036 107
14.72111 55.094753 108
14.720805 55.09468 108A
14.723018 55.094555 109
14.721434 55.094723 110
14.723298 55.094456 111
14.721675 55.094635 112
14.724227 55.09419 113A
14.724613 55.094654 113B
14.721935 55.094543 114
14.722179 55.09446 116
14.724709 55.094093 117
14.722484 55.094353 118
14.725086 55.093895 119
14.722734 55.09427 120
14.722988 55.0942 122
14.725653 55.09373 123
14.723079 55.09417 124
14.725889 55.09371 125
14.723299 55.09411 126
14.723504 55.094036 128
14.724117 55.093704 132
14.724398 55.093647 134
14.731199 55.092285 135
14.72474 55.09263 136
14.731361 55.092613 137
14.725245 55.092525 138
14.726421 55.092205 138B
14.731605 55.09221 139
14.725269 55.093323 140
14.732071 55.09202 141
14.725506 55.09329 142
14.725748 55.093246 144
14.733185 55.091724 145
14.72585 55.093216 146
14.726055 55.09316 148
14.726147 55.093136 150
14.733695 55.091534 151
14.726358 55.093075 152
14.734041 55.091476 153
14.726457 55.093044 154
14.726145 55.09264 154A
14.734487 55.09141 155
14.726755 55.092964 156
14.734866 55.091286 157
14.747295 55.085583 159
14.726943 55.09255 160
14.757709 55.08045 161
14.72735 55.092834 162
14.761877 55.07927 163
14.738836 55.089294 166
14.738936 55.088573 168
14.739262 55.08843 170
14.73933 55.088398 172
14.739776 55.088203 174
14.739846 55.08817 176
14.740444 55.087894 178
14.740521 55.08786 180
14.741023 55.087627 182
14.741121 55.087585 184
14.741784 55.087273 186
14.743396 55.086597 188
14.742846 55.087193 190
14.746078 55.08586 192
14.748781 55.08421 192B
14.75305 55.081516 194
14.714541 55.09662 52
14.723736 55.09396 130
14.709581 55.099503 21
14.72685 55.092937 158
14.724984 55.09237 136C
14.842014 55.24645 1
14.708259 55.09978 1
14.707766 55.099464 2
14.708488 55.099747 3
14.708203 55.09949 4
14.708621 55.09972 5
14.708506 55.09946 6
14.70878 55.099686 7
14.70914 55.09932 8
14.708857 55.099667 9
14.709222 55.099308 10
14.709005 55.099632 11
14.709359 55.09927 12
14.70909 55.09961 13
14.709445 55.09924 14
14.709265 55.099575 15
14.709563 55.099194 16
14.709349 55.099556 17
14.70963 55.099163 18
14.70949 55.099525 19
14.709798 55.099083 20
14.709873 55.09905 22
14.709734 55.099464 23
14.709992 55.09899 24
14.70983 55.099426 25
14.710452 55.099945 25B
14.710456 55.100178 25C
14.710107 55.098938 26
14.71018 55.09928 27
14.710197 55.098896 28
14.710492 55.09878 30
14.710632 55.098724 32
14.711746 55.098602 35
14.710943 55.098545 36
14.711897 55.098446 37
14.711032 55.09854 38
14.71212 55.098316 39
14.711191 55.098434 40
14.712198 55.09828 41
14.711454 55.098297 42
14.712413 55.098167 43
14.711904 55.098064 44
14.713559 55.09725 48
14.714212 55.097534 49
14.713976 55.09704 50
14.714727 55.09718 51
14.71605 55.09719 53
14.715648 55.09673 55
14.716483 55.0968 57
14.716956 55.096474 59
14.715877 55.09623 60
14.716901 55.095932 64
14.718333 55.095604 66
14.719642 55.095592 67
14.718723 55.095516 68
14.720847 55.095253 101
14.720246 55.095146 102
14.721205 55.095165 103
14.72036 55.095116 104
14.721422 55.09507 105
14.720763 55.09502 106
14.721521 55.095036 107
14.72111 55.094753 108
14.720805 55.09468 108A
14.723018 55.094555 109
14.721434 55.094723 110
14.723298 55.094456 111
14.721675 55.094635 112
14.724227 55.09419 113A
14.724613 55.094654 113B
14.721935 55.094543 114
14.722179 55.09446 116
14.724709 55.094093 117
14.722484 55.094353 118
14.725086 55.093895 119
14.722734 55.09427 120
14.722988 55.0942 122
14.725653 55.09373 123
14.723079 55.09417 124
14.725889 55.09371 125
14.723299 55.09411 126
14.723504 55.094036 128
14.724117 55.093704 132
14.724398 55.093647 134
14.731199 55.092285 135
14.72474 55.09263 136
14.731361 55.092613 137
14.725245 55.092525 138
14.726421 55.092205 138B
14.731605 55.09221 139
14.725269 55.093323 140
14.732071 55.09202 141
14.725506 55.09329 142
14.725748 55.093246 144
14.733185 55.091724 145
14.72585 55.093216 146
14.726055 55.09316 148
14.726147 55.093136 150
14.733695 55.091534 151
14.726358 55.093075 152
14.734041 55.091476 153
14.726457 55.093044 154
14.726145 55.09264 154A
14.734487 55.09141 155
14.726755 55.092964 156
14.734866 55.091286 157
14.747295 55.085583 159
14.726943 55.09255 160
14.757709 55.08045 161
14.72735 55.092834 162
14.761877 55.07927 163
14.738836 55.089294 166
14.738936 55.088573 168
14.739262 55.08843 170
14.73933 55.088398 172
14.739776 55.088203 174
14.739846 55.08817 176
14.740444 55.087894 178
14.740521 55.08786 180
14.741023 55.087627 182
14.741121 55.087585 184
14.741784 55.087273 186
14.743396 55.086597 188
14.742846 55.087193 190
14.746078 55.08586 192
14.748781 55.08421 192B
14.75305 55.081516 194
14.714541 55.09662 52
14.723736 55.09396 130
14.709581 55.099503 21
14.72685 55.092937 158
14.724984 55.09237 136C
14.842014 55.24645 1
14.708259 55.09978 1
14.707766 55.099464 2
14.708488 55.099747 3
14.708203 55.09949 4
14.708621 55.09972 5
14.708506 55.09946 6
14.70878 55.099686 7
14.70914 55.09932 8
14.708857 55.099667 9
14.709222 55.099308 10
14.709005 55.099632 11
14.709359 55.09927 12
14.70909 55.09961 13
14.709445 55.09924 14
14.709265 55.099575 15
14.709563 55.099194 16
14.709349 55.099556 17
14.70963 55.099163 18
14.70949 55.099525 19
14.709798 55.099083 20
14.709873 55.09905 22
14.709734 55.099464 23
14.709992 55.09899 24
14.70983 55.099426 25
14.710452 55.099945 25B
14.710456 55.100178 25C
14.710107 55.098938 26
14.71018 55.09928 27
14.710197 55.098896 28
14.710492 55.09878 30
14.710632 55.098724 32
14.711746 55.098602 35
14.710943 55.098545 36
14.711897 55.098446 37
14.711032 55.09854 38
14.71212 55.098316 39
14.711191 55.098434 40
14.712198 55.09828 41
14.711454 55.098297 42
14.712413 55.098167 43
14.711904 55.098064 44
14.713559 55.09725 48
14.714212 55.097534 49
14.713976 55.09704 50
14.714727 55.09718 51
14.71605 55.09719 53
14.715648 55.09673 55
14.716483 55.0968 57
14.716956 55.096474 59
14.715877 55.09623 60
14.716901 55.095932 64
14.718333 55.095604 66
14.719642 55.095592 67
14.718723 55.095516 68
14.720847 55.095253 101
14.720246 55.095146 102
14.721205 55.095165 103
14.72036 55.095116 104
14.721422 55.09507 105
14.720763 55.09502 106
14.721521 55.095036 107
14.72111 55.094753 108
14.720805 55.09468 108A
14.723018 55.094555 109
14.721434 55.094723 110
14.723298 55.094456 111
14.721675 55.094635 112
14.724227 55.09419 113A
14.724613 55.094654 113B
14.721935 55.094543 114
14.722179 55.09446 116
14.724709 55.094093 117
14.722484 55.094353 118
14.725086 55.093895 119
14.722734 55.09427 120
14.722988 55.0942 122
14.725653 55.09373 123
14.723079 55.09417 124
14.725889 55.09371 125
14.723299 55.09411 126
14.723504 55.094036 128
14.724117 55.093704 132
14.724398 55.093647 134
14.731199 55.092285 135
14.72474 55.09263 136
14.731361 55.092613 137
14.725245 55.092525 138
14.726421 55.092205 138B
14.731605 55.09221 139
14.725269 55.093323 140
14.732071 55.09202 141
14.725506 55.09329 142
14.725748 55.093246 144
14.733185 55.091724 145
14.72585 55.093216 146
14.726055 55.09316 148
14.726147 55.093136 150
14.733695 55.091534 151
14.726358 55.093075 152
14.734041 55.091476 153
14.726457 55.093044 154
14.726145 55.09264 154A
14.734487 55.09141 155
14.726755 55.092964 156
14.734866 55.091286 157
14.747295 55.085583 159
14.726943 55.09255 160
14.757709 55.08045 161
14.72735 55.092834 162
14.761877 55.07927 163
14.738836 55.089294 166
14.738936 55.088573 168
14.739262 55.08843 170
14.73933 55.088398 172
14.739776 55.088203 174
14.739846 55.08817 176
14.740444 55.087894 178
14.740521 55.08786 180
14.741023 55.087627 182
14.741121 55.087585 184
14.741784 55.087273 186
14.743396 55.086597 188
14.742846 55.087193 190
14.746078 55.08586 192
14.748781 55.08421 192B
14.75305 55.081516 194
14.714541 55.09662 52
14.723736 55.09396 130
14.709581 55.099503 21
14.72685 55.092937 158
14.724984 55.09237 136C
14.842014 55.24645 1
14.708259 55.09978 1
14.707766 55.099464 2
14.708488 55.099747 3
14.708203 55.09949 4
14.708621 55.09972 5
14.708506 55.09946 6
14.70878 55.099686 7
14.70914 55.09932 8
14.708857 55.099667 9
14.709222 55.099308 10
14.709005 55.099632 11
14.709359 55.09927 12
14.70909 55.09961 13
14.709445 55.09924 14
14.709265 55.099575 15
14.709563 55.099194 16
14.709349 55.099556 17
14.70963 55.099163 18
14.70949 55.099525 19
14.709798 55.099083 20
14.709873 55.09905 22
14.709734 55.099464 23
14.709992 55.09899 24
14.70983 55.099426 25
14.710452 55.099945 25B
14.710456 55.100178 25C
14.710107 55.098938 26
14.71018 55.09928 27
14.710197 55.098896 28
14.710492 55.09878 30
14.710632 55.098724 32
14.711746 55.098602 35
14.710943 55.098545 36
14.711897 55.098446 37
14.711032 55.09854 38
14.71212 55.098316 39
14.711191 55.098434 40
14.712198 55.09828 41
14.711454 55.098297 42
14.712413 55.098167 43
14.711904 55.098064 44
14.713559 55.09725 48
14.714212 55.097534 49
14.713976 55.09704 50
14.714727 55.09718 51
14.71605 55.09719 53
14.715648 55.09673 55
14.716483 55.0968 57
14.716956 55.096474 59
14.715877 55.09623 60
14.716901 55.095932 64
14.718333 55.095604 66
14.719642 55.095592 67
14.718723 55.095516 68
14.720847 55.095253 101
14.720246 55.095146 102
14.721205 55.095165 103
14.72036 55.095116 104
14.721422 55.09507 105
14.720763 55.09502 106
14.721521 55.095036 107
14.72111 55.094753 108
14.720805 55.09468 108A
14.723018 55.094555 109
14.721434 55.094723 110
14.723298 55.094456 111
14.721675 55.094635 112
14.724227 55.09419 113A
14.724613 55.094654 113B
14.721935 55.094543 114
14.722179 55.09446 116
14.724709 55.094093 117
14.722484 55.094353 118
14.725086 55.093895 119
14.722734 55.09427 120
14.722988 55.0942 122
14.725653 55.09373 123
14.723079 55.09417 124
14.725889 55.09371 125
14.723299 55.09411 126
14.723504 55.094036 128
14.724117 55.093704 132
14.724398 55.093647 134
14.731199 55.092285 135
14.72474 55.09263 136
14.731361 55.092613 137
14.725245 55.092525 138
14.726421 55.092205 138B
14.731605 55.09221 139
14.725269 55.093323 140
14.732071 55.09202 141
14.725506 55.09329 142
14.725748 55.093246 144
14.733185 55.091724 145
14.72585 55.093216 146
14.726055 55.09316 148
14.726147 55.093136 150
14.733695 55.091534 151
14.726358 55.093075 152
14.734041 55.091476 153
14.726457 55.093044 154
14.726145 55.09264 154A
14.734487 55.09141 155
14.726755 55.092964 156
14.734866 55.091286 157
14.747295 55.085583 159
14.726943 55.09255 160
14.757709 55.08045 161
14.72735 55.092834 162
14.761877 55.07927 163
14.738836 55.089294 166
14.738936 55.088573 168
14.739262 55.08843 170
14.73933 55.088398 172
14.739776 55.088203 174
14.739846 55.08817 176
14.740444 55.087894 178
14.740521 55.08786 180
14.741023 55.087627 182
14.741121 55.087585 184
14.741784 55.087273 186
14.743396 55.086597 188
14.742846 55.087193 190
14.746078 55.08586 192
14.748781 55.08421 192B
14.75305 55.081516 194
14.714541 55.09662 52
14.723736 55.09396 130
14.709581 55.099503 21
14.72685 55.092937 158
14.724984 55.09237 136C
14.842014 55.24645 1
14.708259 55.09978 1
14.707766 55.099464 2
14.708488 55.099747 3
14.708203 55.09949 4
14.708621 55.09972 5
14.708506 55.09946 6
14.70878 55.099686 7
14.70914 55.09932 8
14.708857 55.099667 9
14.709222 55.099308 10
14.709005 55.099632 11
14.709359 55.09927 12
14.70909 55.09961 13
14.709445 55.09924 14
14.709265 55.099575 15
14.709563 55.099194 16
14.709349 55.099556 17
14.70963 55.099163 18
14.70949 55.099525 19
14.709798 55.099083 20
14.709873 55.09905 22
14.709734 55.099464 23
14.709992 55.09899 24
14.70983 55.099426 25
14.710452 55.099945 25B
14.710456 55.100178 25C
14.710107 55.098938 26
14.71018 55.09928 27
14.710197 55.098896 28
14.710492 55.09878 30
14.710632 55.098724 32
14.711746 55.098602 35
14.710943 55.098545 36
14.711897 55.098446 37
14.711032 55.09854 38
14.71212 55.098316 39
14.711191 55.098434 40
14.712198 55.09828 41
14.711454 55.098297 42
14.712413 55.098167 43
14.711904 55.098064 44
14.713559 55.09725 48
14.714212 55.097534 49
14.713976 55.09704 50
14.714727 55.09718 51
14.71605 55.09719 53
14.715648 55.09673 55
14.716483 55.0968 57
14.716956 55.096474 59
14.715877 55.09623 60
14.716901 55.095932 64
14.718333 55.095604 66
14.719642 55.095592 67
14.718723 55.095516 68
14.720847 55.095253 101
14.720246 55.095146 102
14.721205 55.095165 103
14.72036 55.095116 104
14.721422 55.09507 105
14.720763 55.09502 106
14.721521 55.095036 107
14.72111 55.094753 108
14.720805 55.09468 108A
14.723018 55.094555 109
14.721434 55.094723 110
14.723298 55.094456 111
14.721675 55.094635 112
14.724227 55.09419 113A
14.724613 55.094654 113B
14.721935 55.094543 114
14.722179 55.09446 116
14.724709 55.094093 117
14.722484 55.094353 118
14.725086 55.093895 119
14.722734 55.09427 120
14.722988 55.0942 122
14.725653 55.09373 123
14.723079 55.09417 124
14.725889 55.09371 125
14.723299 55.09411 126
14.723504 55.094036 128
14.724117 55.093704 132
14.724398 55.093647 134
14.731199 55.092285 135
14.72474 55.09263 136
14.731361 55.092613 137
14.725245 55.092525 138
14.726421 55.092205 138B
14.731605 55.09221 139
14.725269 55.093323 140
14.732071 55.09202 141
14.725506 55.09329 142
14.725748 55.093246 144
14.733185 55.091724 145
14.72585 55.093216 146
14.726055 55.09316 148
14.726147 55.093136 150
14.733695 55.091534 151
14.726358 55.093075 152
14.734041 55.091476 153
14.726457 55.093044 154
14.726145 55.09264 154A
14.734487 55.09141 155
14.726755 55.092964 156
14.734866 55.091286 157
14.747295 55.085583 159
14.726943 55.09255 160
14.757709 55.08045 161
14.72735 55.092834 162
14.761877 55.07927 163
14.738836 55.089294 166
14.738936 55.088573 168
14.739262 55.08843 170
14.73933 55.088398 172
14.739776 55.088203 174
14.739846 55.08817 176
14.740444 55.087894 178
14.740521 55.08786 180
14.741023 55.087627 182
14.741121 55.087585 184
14.741784 55.087273 186
14.743396 55.086597 188
14.742846 55.087193 190
14.746078 55.08586 192
14.748781 55.08421 192B
14.75305 55.081516 194
14.714541 55.09662 52
14.723736 55.09396 130
14.709581 55.099503 21
14.72685 55.092937 158
14.724984 55.09237 136C
14.842014 55.24645 1
14.708259 55.09978 1
14.707766 55.099464 2
14.708488 55.099747 3
14.708203 55.09949 4
14.708621 55.09972 5
14.708506 55.09946 6
14.70878 55.099686 7
14.70914 55.09932 8
14.708857 55.099667 9
14.709222 55.099308 10
14.709005 55.099632 11
14.709359 55.09927 12
14.70909 55.09961 13
14.709445 55.09924 14
14.709265 55.099575 15
14.709563 55.099194 16
14.709349 55.099556 17
14.70963 55.099163 18
14.70949 55.099525 19
14.709798 55.099083 20
14.709873 55.09905 22
14.709734 55.099464 23
14.709992 55.09899 24
14.70983 55.099426 25
14.710452 55.099945 25B
14.710456 55.100178 25C
14.710107 55.098938 26
14.71018 55.09928 27
14.710197 55.098896 28
14.710492 55.09878 30
14.710632 55.098724 32
14.711746 55.098602 35
14.710943 55.098545 36
14.711897 55.098446 37
14.711032 55.09854 38
14.71212 55.098316 39
14.711191 55.098434 40
14.712198 55.09828 41
14.711454 55.098297 42
14.712413 55.098167 43
14.711904 55.098064 44
14.713559 55.09725 48
14.714212 55.097534 49
14.713976 55.09704 50
14.714727 55.09718 51
14.71605 55.09719 53
14.715648 55.09673 55
14.716483 55.0968 57
14.716956 55.096474 59
14.715877 55.09623 60
14.716901 55.095932 64
14.718333 55.095604 66
14.719642 55.095592 67
14.718723 55.095516 68
14.720847 55.095253 101
14.720246 55.095146 102
14.721205 55.095165 103
14.72036 55.095116 104
14.721422 55.09507 105
14.720763 55.09502 106
14.721521 55.095036 107
14.72111 55.094753 108
14.720805 55.09468 108A
14.723018 55.094555 109
14.721434 55.094723 110
14.723298 55.094456 111
14.721675 55.094635 112
14.724227 55.09419 113A
14.724613 55.094654 113B
14.721935 55.094543 114
14.722179 55.09446 116
14.724709 55.094093 117
14.722484 55.094353 118
14.725086 55.093895 119
14.722734 55.09427 120
14.722988 55.0942 122
14.725653 55.09373 123
14.723079 55.09417 124
14.725889 55.09371 125
14.723299 55.09411 126
14.723504 55.094036 128
14.724117 55.093704 132
14.724398 55.093647 134
14.731199 55.092285 135
14.72474 55.09263 136
14.731361 55.092613 137
14.725245 55.092525 138
14.726421 55.092205 138B
14.731605 55.09221 139
14.725269 55.093323 140
14.732071 55.09202 141
14.725506 55.09329 142
14.725748 55.093246 144
14.733185 55.091724 145
14.72585 55.093216 146
14.726055 55.09316 148
14.726147 55.093136 150
14.733695 55.091534 151
14.726358 55.093075 152
14.734041 55.091476 153
14.726457 55.093044 154
14.726145 55.09264 154A
14.734487 55.09141 155
14.726755 55.092964 156
14.734866 55.091286 157
14.747295 55.085583 159
14.726943 55.09255 160
14.757709 55.08045 161
14.72735 55.092834 162
14.761877 55.07927 163
14.738836 55.089294 166
14.738936 55.088573 168
14.739262 55.08843 170
14.73933 55.088398 172
14.739776 55.088203 174
14.739846 55.08817 176
14.740444 55.087894 178
14.740521 55.08786 180
14.741023 55.087627 182
14.741121 55.087585 184
14.741784 55.087273 186
14.743396 55.086597 188
14.742846 55.087193 190
14.746078 55.08586 192
14.748781 55.08421 192B
14.75305 55.081516 194
14.714541 55.09662 52
14.723736 55.09396 130
14.709581 55.099503 21
14.72685 55.092937 158
14.724984 55.09237 136C
14.842014 55.24645 1
