14.709593 55.0979 2
14.709155 55.09787 3
14.709549 55.09803 4
14.709163 55.09801 5
14.709634 55.098167 6
14.709161 55.098164 7
14.709602 55.098297 8
14.709172 55.0983 9
14.709635 55.098442 10
14.709173 55.09845 11
14.709606 55.098595 12
14.70918 55.09861 13
14.709609 55.098766 14
14.709201 55.098774 15
14.709076 55.098976 17
14.709593 55.0979 2
14.709155 55.09787 3
14.709549 55.09803 4
14.709163 55.09801 5
14.709634 55.098167 6
14.709161 55.098164 7
14.709602 55.098297 8
14.709172 55.0983 9
14.709635 55.098442 10
14.709173 55.09845 11
14.709606 55.098595 12
14.70918 55.09861 13
14.709609 55.098766 14
14.709201 55.098774 15
14.709076 55.098976 17
14.709593 55.0979 2
14.709155 55.09787 3
14.709549 55.09803 4
14.709163 55.09801 5
14.709634 55.098167 6
14.709161 55.098164 7
14.709602 55.098297 8
14.709172 55.0983 9
14.709635 55.098442 10
14.709173 55.09845 11
14.709606 55.098595 12
14.70918 55.09861 13
14.709609 55.098766 14
14.709201 55.098774 15
14.709076 55.098976 17
14.709593 55.0979 2
14.709155 55.09787 3
14.709549 55.09803 4
14.709163 55.09801 5
14.709634 55.098167 6
14.709161 55.098164 7
14.709602 55.098297 8
14.709172 55.0983 9
14.709635 55.098442 10
14.709173 55.09845 11
14.709606 55.098595 12
14.70918 55.09861 13
14.709609 55.098766 14
14.709201 55.098774 15
14.709076 55.098976 17
14.709593 55.0979 2
14.709155 55.09787 3
14.709549 55.09803 4
14.709163 55.09801 5
14.709634 55.098167 6
14.709161 55.098164 7
14.709602 55.098297 8
14.709172 55.0983 9
14.709635 55.098442 10
14.709173 55.09845 11
14.709606 55.098595 12
14.70918 55.09861 13
14.709609 55.098766 14
14.709201 55.098774 15
14.709076 55.098976 17
14.709593 55.0979 2
14.709155 55.09787 3
14.709549 55.09803 4
14.709163 55.09801 5
14.709634 55.098167 6
14.709161 55.098164 7
14.709602 55.098297 8
14.709172 55.0983 9
14.709635 55.098442 10
14.709173 55.09845 11
14.709606 55.098595 12
14.70918 55.09861 13
14.709609 55.098766 14
14.709201 55.098774 15
14.709076 55.098976 17
