14.70831 55.10338 2
14.707575 55.103237 3
14.708536 55.103416 4
14.707783 55.103436 5
14.708451 55.103542 6
14.707528 55.103382 7
14.708225 55.103504 8
14.707845 55.103634 9
14.7081 55.10371 10
14.707843 55.103664 11
14.708317 55.10375 12
14.707834 55.1037 13
14.708194 55.10384 14
14.707824 55.103733 15
14.707951 55.103813 16
14.707814 55.103767 17
14.707792 55.103806 19
14.707627 55.10386 21
14.707576 55.10385 23
14.70752 55.103844 25
14.707463 55.10384 27
14.707407 55.103832 29
14.707337 55.10383 31
14.707273 55.10375 33
14.707275 55.10372 35
14.707288 55.10369 37
14.707299 55.103657 39
14.707291 55.10361 41
14.70731 55.103577 43
14.707324 55.10355 45
14.707057 55.103806 49
14.706954 55.103798 53
14.706896 55.103794 55
14.706839 55.103794 57
14.706781 55.103794 59
14.706711 55.103794 61
14.706768 55.10368 63
14.706779 55.10364 65
14.706786 55.103607 67
14.706793 55.103577 69
14.706801 55.103542 71
14.706808 55.103508 73
14.706815 55.103474 75
14.706822 55.10344 77
14.70683 55.10341 79
14.706837 55.103374 81
14.706844 55.10334 83
14.706848 55.103306 85
14.706819 55.103218 87
14.706887 55.10323 89
14.706981 55.103218 91
14.707016 55.103245 93
14.707095 55.10323 95
14.707146 55.103264 97
14.70719 55.10325 99
14.707474 55.103477 101
14.707531 55.103485 103
14.707584 55.103497 105
14.707637 55.103504 107
14.70769 55.103516 109
14.707735 55.10353 111
14.707067 55.103355 113
14.707067 55.10339 115
14.707048 55.103424 117
14.707075 55.10347 119
14.707076 55.103508 121
14.707067 55.10354 123
14.707065 55.103565 125
14.70702 55.10361 127
14.70701 55.103645 129
14.706993 55.103683 131
14.707011 55.103798 51
