14.695022 55.0993 2
14.694838 55.099335 4
14.694771 55.099426 6
15.08588 54.998974 1
14.695022 55.0993 2
14.694838 55.099335 4
14.694771 55.099426 6
15.08588 54.998974 1
14.695022 55.0993 2
14.694838 55.099335 4
14.694771 55.099426 6
15.08588 54.998974 1
14.695022 55.0993 2
14.694838 55.099335 4
14.694771 55.099426 6
15.08588 54.998974 1
14.695022 55.0993 2
14.694838 55.099335 4
14.694771 55.099426 6
15.08588 54.998974 1
14.695022 55.0993 2
14.694838 55.099335 4
14.694771 55.099426 6
15.08588 54.998974 1
