12.548525 55.671932 1B
12.548197 55.671993 2
12.548629 55.671726 3
12.548166 55.671764 4
12.548687 55.671566 5
12.548207 55.67153 6
12.549084 55.671486 7
12.548259 55.67129 8
12.548719 55.67134 9
12.548196 55.671066 10
12.548763 55.6712 11
12.547847 55.670753 12
12.548785 55.671078 13
12.548397 55.670586 14
12.54878 55.67092 15
12.548453 55.67029 16
12.548812 55.670734 17
12.548469 55.670113 18
12.548896 55.670605 19A
12.54895 55.670593 19B
12.549177 55.670624 19C
12.549181 55.670517 19D
12.548508 55.669926 20
12.548878 55.670376 21
12.548689 55.669025 22
12.548717 55.668846 24
12.548761 55.668663 26
12.548904 55.670162 27
12.548795 55.668488 28
12.548539 55.668537 28A
12.548949 55.66996 29
12.548824 55.668327 30
12.548989 55.66958 31
12.548855 55.668198 32
12.549012 55.669395 33
12.548879 55.668068 34
12.548948 55.667683 36
12.549059 55.669216 37
12.548979 55.66755 38
12.548988 55.667458 40
12.549095 55.66903 41
12.549 55.667355 42
12.54935 55.669014 43
12.549014 55.667255 44
12.549366 55.668747 45
12.549015 55.66714 46
12.549158 55.668713 47
12.549242 55.668568 49
12.549256 55.668472 49A
12.549076 55.66662 50
12.549215 55.66835 51
12.549099 55.666477 52
12.549242 55.66821 53
12.549128 55.666306 56
12.549292 55.667717 57
12.549299 55.667625 59
12.549142 55.66617 60
12.549328 55.667507 61
12.54915 55.66609 62
12.549172 55.666 64
12.549335 55.667416 65
12.549183 55.665916 66
12.54935 55.667328 67
12.549189 55.665833 68
12.549369 55.667236 69
12.549191 55.665752 70
12.549375 55.667152 71
12.549216 55.665627 72
12.54939 55.66704 73
12.549435 55.666637 75
12.549454 55.666492 77
12.549465 55.666355 79
12.5495 55.666203 81
12.549513 55.666084 83
12.54952 55.66599 85
12.549532 55.665897 87
12.549546 55.665813 89
12.548038 55.670444 12A
12.518891 55.660988 1
