12.602161 55.680714 54
12.606755 55.678738 1A
12.602108 55.680653 52
12.606618 55.678783 1B
12.606386 55.678837 1C
12.606235 55.67887 1D
12.606002 55.678776 1E
12.606322 55.67872 1F
12.606069 55.6787 1G
12.606315 55.67865 1H
12.606444 55.67866 1K
12.606424 55.67862 1L
12.60663 55.67857 1M
12.60658 55.678627 1N
12.606702 55.67855 1P
12.605877 55.679306 2
12.60594 55.678932 3
12.605598 55.679382 4
12.605567 55.67903 5
12.605294 55.679466 6
12.605196 55.679127 7
12.605016 55.679543 8
12.604825 55.679226 9
12.604523 55.679688 10
12.604657 55.679264 11
12.604294 55.67975 12
12.605891 55.679626 14
12.604013 55.67947 15
12.605627 55.6797 16
12.605369 55.679768 18
12.604986 55.67987 20
12.604756 55.67994 22
12.602971 55.679756 23
12.604497 55.680008 24
12.602759 55.679813 25
12.602545 55.679874 27
12.602444 55.679863 29
12.602302 55.680016 31
12.601946 55.679996 33
12.601847 55.67989 35
12.601758 55.67978 37
12.601671 55.679676 39
12.601802 55.680294 40
12.601099 55.679626 41
12.601853 55.680355 42
12.601902 55.680412 44
12.601953 55.680473 46
12.602006 55.680534 48
12.60206 55.680595 50
12.602213 55.680775 56
12.602263 55.680832 58
12.602313 55.680893 60
12.602363 55.680946 62
12.602415 55.681007 64
12.602464 55.68107 66
12.602785 55.68089 66A
12.602515 55.681126 68
12.602563 55.681183 70
12.602615 55.68124 72
12.602669 55.6813 74
12.602716 55.68136 76
12.602774 55.681423 78
12.585798 55.608135 1
