12.573212 55.67576 18
12.573844 55.675793 19
12.573726 55.67575 19A
12.573018 55.675686 20
12.573748 55.675674 21
12.573846 55.67568 21A
12.573761 55.675488 21B
12.573586 55.67568 21C
12.573628 55.675385 21D
12.574221 55.675476 21E
12.574449 55.67555 21F
12.574306 55.67557 21G
12.574281 55.675594 21H
12.574227 55.675632 21K
12.5742 55.67565 21L
12.573396 55.67562 23
12.57284 55.675606 24
12.573244 55.675552 25
12.5728 55.675377 27
12.572428 55.675243 37
12.572852 55.6751 37A
12.572605 55.675064 37B
12.572508 55.675148 37C
12.57224 55.67517 39
12.578848 55.6828 2
12.52462 55.645638 33
