12.569475 55.668407 3
12.569737 55.668903 4
12.568351 55.667896 5
12.569523 55.66881 6
12.567136 55.66735 7
12.567303 55.66796 10
12.566461 55.667053 11
12.5661 55.666817 13
12.566762 55.6678 14
12.566331 55.667572 18
12.564121 55.6665 22
12.563574 55.6653 17
12.556371 55.66207 49
12.55659 55.662743 45
12.558689 55.663242 43
12.559229 55.663467 41
12.559578 55.663616 39
12.569832 55.66898 2D
12.570037 55.669086 2B
12.568514 55.66988 2G
12.570162 55.66913 2A
12.56909 55.669437 2F
12.569944 55.669033 2C
12.569493 55.669075 2E
12.560074 55.66377 37
12.539584 55.668907 1
