12.532727 55.68632 2
12.532054 55.686493 2B
12.534084 55.68592 3
12.53264 55.68621 4
12.534008 55.68582 5
12.532553 55.686104 6
12.533783 55.68554 7
12.532465 55.685993 8
12.533691 55.68542 9
12.532378 55.685883 10
12.533582 55.685284 11
12.532292 55.685776 12
12.533262 55.684887 13
12.532205 55.685665 14
12.533127 55.684715 15
12.53212 55.68556 16
12.53203 55.685444 18
12.531938 55.68533 20
12.531851 55.685223 22
12.531728 55.685066 24
12.531571 55.68501 26
12.531459 55.68512 28
12.531216 55.685154 30
12.531091 55.684982 32
12.532374 55.685562 14A
12.532223 55.686275 2C
12.53119 55.68535 20C
12.53121 55.685375 20B
12.53286 55.686504 2A
12.531286 55.685455 20A
12.531171 55.68532 20D
12.505231 55.666904 4
12.587463 55.60859 1
