12.516824 55.669018 4
12.516817 55.66913 6
12.516051 55.668682 7
12.516642 55.66921 8
12.515788 55.668667 9
12.516409 55.66921 10
12.515579 55.66871 11
12.516227 55.669106 12
12.515317 55.668716 13
12.516201 55.66897 14
12.515231 55.668724 15
12.515838 55.66904 16
12.51514 55.668728 17
12.515583 55.669067 18
12.515057 55.66874 19
12.515391 55.669125 20
12.514972 55.668747 21
12.515077 55.66911 22
12.514884 55.66875 23
12.514852 55.66912 24
12.5148 55.668762 25
12.514708 55.66877 27
12.514619 55.668774 29
12.514241 55.6688 31
12.514281 55.668808 31A
12.602116 55.621037 3
