12.522883 55.66683 1B
12.52275 55.6669 3
12.52244 55.66685 5
12.522547 55.66695 7
12.522385 55.667015 9
12.522123 55.66709 11A
12.521985 55.66696 11B
12.521727 55.667233 13
12.521656 55.667137 15
12.521585 55.66704 17
12.521066 55.667183 19
12.521115 55.667297 21
12.521165 55.66741 23
12.520687 55.667637 25
12.519964 55.667862 27
12.519297 55.668003 29
12.519303 55.66773 31
12.518798 55.66793 33
12.51879 55.668205 35
12.518781 55.66849 37
12.52113 55.66774 20
12.52309 55.666573 1
12.522791 55.667206 10
12.520084 55.668015 30
12.663471 55.628326 3
12.55456 55.672688 1
