12.512274 55.684155 1
12.512128 55.68374 1A
12.512391 55.684456 2
12.512103 55.684185 3
12.511806 55.68456 4
12.511924 55.684216 5
12.511765 55.684242 7
12.510943 55.68471 8
12.511576 55.684277 9
12.511393 55.68431 11
12.511197 55.684345 13
12.511002 55.68438 15A
12.510805 55.684414 15B
12.510152 55.684193 17
12.510513 55.684498 17A
12.510304 55.68417 17B
12.509833 55.684406 19
12.510268 55.684826 20
12.509952 55.6846 21
12.509849 55.6849 22
12.509657 55.68465 23
12.509393 55.684982 24
12.508955 55.684772 27
12.508593 55.684837 29
12.507635 55.685482 30
12.5081 55.684925 31
12.507842 55.68497 33
12.506874 55.685673 43
12.505961 55.68606 51A
12.50586 55.68625 51B
12.506691 55.68617 53A
12.506585 55.68636 53B
12.507529 55.684788 39
12.506503 55.68649 55
12.506418 55.686565 57
12.506989 55.6855 43A
12.506252 55.685734 45
12.506933 55.68517 41B
12.506889 55.68506 41A
12.507181 55.685024 41F
12.506984 55.685165 41C
12.507217 55.68508 41D
12.507124 55.68494 41E
12.509313 55.684708 25
12.565785 55.6738 3
