12.514704 55.678684 3
12.514168 55.67848 4
12.514674 55.678608 5
12.514095 55.678295 6
12.514621 55.67848 7
12.514036 55.678207 8
12.514591 55.6784 9
12.513681 55.67828 10
12.514539 55.67827 11
12.513543 55.678295 12
12.514509 55.67819 13
12.513312 55.678326 14
12.514414 55.678032 15
12.513174 55.678345 16
12.51418 55.677933 17
12.51286 55.678356 18
12.513932 55.677937 19
12.513796 55.67795 21
12.513562 55.67798 23
12.513427 55.677998 25
12.513184 55.67803 27
12.513054 55.678043 29
12.51276 55.67811 31
12.514204 55.678574 2
12.547708 55.687088 1
