12.517748 55.68327 1
12.517909 55.683525 2
12.517623 55.683075 3
12.518033 55.68372 4
12.518195 55.68397 6
12.518318 55.684166 8
12.517878 55.68436 10
12.517531 55.684425 12
12.517078 55.684513 14
12.515544 55.68368 15
12.516731 55.68458 16
12.516258 55.6846 18
12.516038 55.68441 20
12.515874 55.684444 22
12.515912 55.684677 24
12.517232 55.68367 26
12.513333 55.684048 27
12.517308 55.68382 28
12.513226 55.683853 29
12.517295 55.68395 30
12.517198 55.68406 32
12.517032 55.68414 34
12.516821 55.684174 36
12.516601 55.684162 38
12.516417 55.684105 40
12.516276 55.684006 42
12.516189 55.683857 44
12.515948 55.683857 44A
12.515793 55.68388 44B
12.515967 55.683933 46
12.515815 55.683964 48
12.515183 55.68403 50
12.515457 55.683945 50A
12.515491 55.684017 50B
12.515259 55.68418 52
12.515247 55.684307 54
12.51515 55.684418 56
12.514981 55.6845 58
12.514767 55.684536 60
12.514574 55.684525 62
12.514366 55.684464 64
12.514226 55.68437 66
12.514136 55.684216 68
12.513475 55.684307 70
12.513582 55.6845 72
12.513808 55.68475 74
12.513917 55.684948 76
12.51766 55.68334 1A
12.517946 55.683624 2A
12.513545 55.684402 70A
12.51578 55.683426 15D
12.516452 55.683292 15E
12.51721 55.683384 15F
12.513886 55.68396 15A
12.514406 55.68366 15B
12.515093 55.683548 15C
12.603886 55.66778 2
