12.505065 55.682297 1
12.505087 55.682564 1A
12.505211 55.682686 1B
12.504978 55.682953 3
12.505715 55.682777 4
12.504784 55.683094 5
12.506591 55.68439 6
12.504607 55.683224 7
12.504438 55.683357 9
12.504248 55.6835 11
12.50406 55.68364 13
12.503821 55.683807 15
12.502211 55.68458 17
12.502344 55.684544 17A
12.501982 55.68464 19
12.501594 55.684784 19A
12.50166 55.6847 21
12.504158 55.684025 22
12.504073 55.684093 24
12.503962 55.684174 26
12.503862 55.684254 28
12.50377 55.684322 30
12.503696 55.68438 32
12.503588 55.684456 34
12.503186 55.684692 36
12.503121 55.68471 38
12.503043 55.68473 40
12.502962 55.684753 42
12.502892 55.68477 44
12.502824 55.684788 46
12.502749 55.684803 48
12.502668 55.68482 50
12.502592 55.684837 52
12.502515 55.68485 54
12.502442 55.684868 56
12.502117 55.68524 58
12.502068 55.685143 60
12.50202 55.68507 62
12.501991 55.685013 64
12.5019 55.68498 66
12.501746 55.68501 68
12.501513 55.685055 70
12.504947 55.683414 12
12.504869 55.68347 14
12.504798 55.683533 16
12.504714 55.683594 18
12.505885 55.68294 4A
12.50536 55.683136 10A
12.505497 55.68331 10B
12.505534 55.68336 10C
12.505587 55.68343 10D
12.505642 55.683502 10E
12.505809 55.683506 10F
12.505574 55.683056 8A
12.505678 55.683125 8B
12.50572 55.68318 8C
12.505744 55.683216 8D
12.505768 55.683254 8E
12.503371 55.684196 15F
12.61719 55.643806 3
