12.527116 55.68973 3
12.527364 55.69007 4
12.527009 55.68977 5
12.527207 55.69015 6
12.526898 55.689796 7
12.527082 55.690186 8
12.526791 55.68983 9
12.52686 55.690235 10
12.526697 55.689857 11
12.526739 55.690273 12
12.526584 55.68989 13
12.526541 55.69033 14
12.526487 55.68992 15
12.526399 55.690372 16
12.526384 55.68995 17
12.526272 55.689983 19
12.52617 55.690014 21
12.526061 55.69005 23
12.525632 55.69018 25
12.525525 55.690212 27
12.525402 55.69025 29
12.525284 55.690285 31
12.525173 55.69032 33
12.525053 55.690353 35
12.524938 55.690388 37
12.52483 55.690422 39
12.52438 55.690548 41
12.52425 55.690586 43
12.524129 55.69062 45
12.524017 55.690655 47
12.523899 55.690693 49
12.523791 55.690723 51
12.523675 55.690758 53
12.523546 55.690796 55
12.523112 55.690926 57
12.522983 55.690964 59
12.522857 55.691 61
12.522736 55.691036 63
12.522618 55.69107 65
12.522496 55.69111 67
12.522372 55.691147 69
12.52225 55.69118 71
12.522123 55.69122 73
12.522 55.691257 75
12.577126 55.666756 1
