12.521585 55.68092 2
12.521172 55.680706 3
12.52141 55.68104 4
12.520574 55.680466 5A
12.520652 55.680595 5B
12.520736 55.680737 5C
12.520986 55.681034 6
12.521081 55.68104 6A
12.521182 55.68117 6B
12.521281 55.681297 6C
12.521344 55.681484 6D
12.520661 55.68162 6E
12.520171 55.680515 7
12.519717 55.68022 7A
12.519806 55.68037 7B
12.519891 55.68051 7C
12.52038 55.681145 8
12.520732 55.68114 8A
12.520479 55.68119 8B
12.520251 55.681232 8C
12.520433 55.68147 8D
12.520595 55.68144 8E
12.520766 55.681404 8F
12.520944 55.68137 8G
12.521107 55.68134 8H
12.520011 55.680927 9
12.520037 55.681236 10A
12.520112 55.68133 10B
12.52019 55.681435 10C
12.520267 55.681534 10D
12.519311 55.68029 11
12.518875 55.68 11A
12.51896 55.68014 11B
12.519047 55.680286 11C
12.519532 55.681313 12
12.519728 55.68098 13
12.51919 55.680706 13A
12.519273 55.680843 13B
12.519358 55.68099 13C
12.51922 55.681385 14A
12.51862 55.681187 15
12.518543 55.68148 16
12.518077 55.681244 17
12.517924 55.68152 18
12.5176 55.68127 19
12.517675 55.681534 20
12.517275 55.681293 23
12.517004 55.68131 25
12.516948 55.68158 30
12.516662 55.6816 32
12.516256 55.68135 33
12.515849 55.68138 33A
12.51644 55.681614 34
12.515568 55.681393 35
12.515247 55.68141 35A
12.515853 55.68166 36A
12.515619 55.68167 36B
12.515382 55.681683 36C
12.515139 55.681698 36D
12.515034 55.681423 37A
12.514809 55.68144 37B
12.514616 55.68145 37C
12.514847 55.68121 37D
12.514637 55.68125 37E
12.514698 55.68109 37F
12.514582 55.680794 37G
12.513996 55.681248 39A
12.513825 55.681496 39B
12.513584 55.68151 39C
12.510365 55.6817 41
12.514813 55.68171 42
12.510018 55.68172 43A
12.509779 55.681736 43B
12.514667 55.681774 44A
12.514708 55.68192 44B
12.514743 55.68204 44C
12.514776 55.682156 44D
12.509138 55.68177 45A
12.508838 55.681786 45B
12.508501 55.681805 45C
12.514053 55.68183 46A
12.514091 55.681965 46B
12.514131 55.682106 46C
12.514163 55.68222 46D
12.508158 55.681824 47A
12.507864 55.681843 47B
12.513859 55.681767 48
12.507432 55.681873 49
12.513614 55.68178 50A
12.513324 55.6818 50B
12.513046 55.681816 50C
12.507168 55.681885 51
12.512751 55.68183 52
12.510525 55.68196 54
12.506415 55.68193 55
12.510028 55.681988 56
12.506145 55.681946 57
12.506246 55.68176 57A
12.506082 55.68195 57B
12.509093 55.68204 58
12.505932 55.681957 59
12.508876 55.682056 60
12.505329 55.681965 61
12.508672 55.682068 62
12.505181 55.682 63
12.508482 55.68208 64
12.504927 55.682014 65
12.508278 55.68209 66
12.504646 55.68203 67
12.508055 55.682102 68
12.50444 55.682045 69
12.504197 55.682034 71
12.503591 55.682095 73
12.506236 55.68248 74A
12.503357 55.682106 75
12.503078 55.68212 77
12.504811 55.682297 78
12.502788 55.68214 79
12.503866 55.68235 80
12.502569 55.68215 81
12.503411 55.68237 82
12.502015 55.68217 83
12.502774 55.68242 84
12.502326 55.68244 86
12.501712 55.682495 92
12.501629 55.682617 94
12.501547 55.682735 96
12.505325 55.682297 76
12.521024 55.68073 5
12.520595 55.681637 6F
12.519051 55.68146 14B
12.516719 55.68114 27
12.516529 55.681305 29
12.512084 55.681515 39D
12.504819 55.681847 65A
12.506686 55.681927 53
12.504108 55.682407 80A
12.504011 55.68263 80B
12.512119 55.681812 52A
12.50637 55.682205 74
12.522007 55.681454 4F
12.521713 55.681267 4A
12.521773 55.68136 4C
12.521742 55.681313 4B
12.521845 55.681454 4E
12.521811 55.681408 4D
12.573222 55.68003 1
