12.534972 55.682453 1
12.535148 55.682644 2A
12.534927 55.682693 2B
12.534786 55.682495 3
12.534589 55.682545 3A
12.534731 55.68274 4
12.534393 55.68259 5
12.534513 55.682793 6
12.534195 55.682636 7
12.534315 55.68284 8
12.534014 55.68268 9
12.534134 55.68288 10
12.533788 55.68273 11
12.533855 55.682945 12
12.533611 55.682774 13
12.533687 55.682987 14
12.53343 55.682816 15
12.533529 55.68302 16
12.53326 55.682854 17
12.533343 55.683064 18
12.532986 55.68292 19
12.533081 55.68313 20
12.532844 55.682953 21
12.532938 55.683163 22
12.53267 55.68299 23
12.532785 55.683197 24
12.532546 55.683025 25
12.532634 55.68323 26
12.532266 55.683086 27
12.532396 55.68329 28
12.532106 55.683125 29
12.53224 55.683327 30
12.531956 55.68316 31
12.532102 55.683357 32
12.538371 55.700165 2
