12.531942 55.67767 1A
12.531876 55.677563 1B
12.531845 55.677414 1C
12.531587 55.6774 1D
12.531622 55.677486 1E
12.531269 55.677513 1F
12.531855 55.677944 2
12.531697 55.677753 3B
12.531455 55.677784 3C
12.530539 55.678104 4
12.531178 55.6778 5
12.530836 55.67785 7A
12.530616 55.677624 7B
12.530771 55.67761 7C
12.530591 55.677883 9
12.530406 55.677753 9A
12.530024 55.677994 11
12.529869 55.67805 11A
12.529531 55.678085 13A
12.528616 55.678123 13B
12.52881 55.678474 17
12.528508 55.678566 19
12.528177 55.67868 21
12.527899 55.678802 23
12.529235 55.678577 14
12.528918 55.678673 16
12.528666 55.67874 18
12.52826 55.67885 20
12.530253 55.67824 8
12.530384 55.678123 6
12.530722 55.67786 7
