12.519198 55.675083 1A
12.519088 55.675087 1B
12.519272 55.675285 2
12.518847 55.675083 3
12.518908 55.67529 4
12.518563 55.675087 5
12.518593 55.675293 6
12.518303 55.67509 7A
12.518161 55.67509 7B
12.518146 55.675297 8
12.518009 55.675095 9A
12.517864 55.675095 9B
12.517899 55.6753 10
12.517709 55.6751 11A
12.517554 55.6751 11B
12.517536 55.67531 12
12.517402 55.6751 13
12.517332 55.67531 14
12.517254 55.675102 15
12.517074 55.675312 16
12.517098 55.675102 17
12.516834 55.675312 18
12.516952 55.675102 19
12.516714 55.6751 21
12.516409 55.675102 23
12.515704 55.675323 24
12.516102 55.675106 25
12.515494 55.675327 26
12.515801 55.67511 27
12.51534 55.675327 28
12.515492 55.675114 29
12.5151 55.67533 30
12.515188 55.675114 31
12.514932 55.67533 32
12.51483 55.675117 33
12.514772 55.675335 34
12.514636 55.675125 35
12.514603 55.675335 36
12.514364 55.675125 37
12.514444 55.67534 38
12.513897 55.67513 39
12.514262 55.67534 40
12.513638 55.675133 41
12.513995 55.675343 42
12.513926 55.675346 42B
12.513238 55.675137 43
12.513817 55.675346 44
12.512988 55.675137 45
12.51366 55.675346 46
12.512606 55.67514 47
12.51352 55.675346 48
12.512381 55.675144 49
12.513355 55.67535 50
12.511953 55.675156 51
12.513183 55.67535 52
12.511313 55.675087 53
12.514312 55.674984 53A
12.512973 55.675354 54
12.512748 55.675358 56
12.512527 55.675358 58
12.512301 55.67541 60
12.512306 55.67555 62
12.512006 55.675484 64
12.511914 55.675365 66
12.51171 55.675365 68
12.51151 55.67537 70
12.516516 55.67532 20
12.515938 55.675323 22
12.51103 55.675274 55
12.511101 55.675343 72
12.552574 55.698154 1
