12.538161 55.68554 4
12.537735 55.685417 5
12.537929 55.685593 6
12.537568 55.68544 7
12.537686 55.685646 8
12.537499 55.68569 8A
12.537664 55.685745 8B
12.537274 55.68574 10
12.537292 55.6859 10A
12.537416 55.686066 10B
12.537514 55.686195 10C
12.537423 55.68548 11A
12.537295 55.68551 11B
12.537165 55.685535 11C
12.536742 55.685863 12
12.536903 55.68588 12A
12.536985 55.685974 12B
12.537083 55.686127 12C
12.536988 55.685577 13A
12.536881 55.685555 13B
12.536823 55.68547 13C
12.536504 55.685925 14
12.536431 55.68566 15
12.536134 55.686005 16
12.536331 55.686153 16A
12.536427 55.68628 16B
12.535936 55.68583 17
12.535887 55.686058 18A
12.535869 55.686146 18B
12.535992 55.686306 18C
12.535983 55.6864 18D
12.535432 55.685932 19
12.535443 55.68616 20A
12.535559 55.686203 20B
12.535695 55.686382 20C
12.53582 55.68644 20D
12.535266 55.685986 21A
12.535095 55.686024 21B
12.534711 55.685886 21C
12.535159 55.686226 22
12.53494 55.686058 23
12.534905 55.686283 24
12.534859 55.6864 24A
12.534969 55.686543 24B
12.535064 55.68667 24C
12.534804 55.68609 25
12.534424 55.686394 26
12.534604 55.686474 26A
12.534878 55.68672 26B
12.534658 55.686123 27
12.534159 55.686455 28
12.534308 55.686638 28A
12.534276 55.686775 28B
12.534563 55.686146 29
12.534389 55.686184 29A
12.534278 55.686214 29B
12.533826 55.68653 30
12.53323 55.686447 31
12.533542 55.686596 32A
12.533315 55.68665 32B
12.53344 55.686104 33
12.533244 55.686783 34A
12.533428 55.68702 34B
12.532749 55.686527 35
12.532761 55.6868 36
12.532934 55.68683 36A
12.533011 55.686928 36B
12.533097 55.68704 36C
12.533185 55.687153 36D
12.532588 55.68656 37
12.532518 55.686855 38
12.532411 55.686604 39
12.532226 55.686646 41
12.531889 55.686996 42
12.532039 55.68672 43
12.531698 55.687042 44
12.531861 55.686764 45
12.531499 55.687084 46
12.531258 55.686886 47
12.531309 55.687126 48
12.531013 55.686943 49
12.530789 55.687244 50
12.530758 55.687 51
12.530597 55.68729 52
12.530092 55.687153 53
12.53038 55.68734 54
12.529852 55.687206 55
12.530188 55.68738 56
12.529609 55.687263 57
12.529509 55.687515 58
12.528828 55.68744 61A
12.529015 55.687397 61B
12.529194 55.68759 62A
12.529154 55.6877 62B
12.529244 55.687828 62C
12.528426 55.68777 64
12.528617 55.68772 64A
12.528785 55.687775 64B
12.528867 55.68789 64C
12.52896 55.688023 64D
12.52828 55.687798 66
12.528666 55.687477 67
12.528073 55.687843 68
12.528502 55.687515 69
12.527313 55.68805 70
12.527961 55.687614 71
12.527131 55.688095 72
12.527763 55.68766 73
12.526972 55.688137 74
12.526249 55.68766 77
12.526726 55.687893 77T
12.525997 55.68837 78
12.525882 55.68791 79A
12.525729 55.688152 79B
12.525862 55.688396 80
12.525447 55.688107 81
12.52572 55.688427 82
12.524818 55.688236 83
12.52402 55.687733 83A
12.52392 55.688194 83C
12.523696 55.687836 83D
12.525578 55.68847 84
12.522827 55.688713 85
12.525384 55.688545 86
12.522735 55.688587 87
12.525171 55.688557 88
12.522648 55.68846 89
12.525052 55.688583 90
12.522558 55.68834 91
12.522509 55.688282 91A
12.52494 55.68861 92
12.52211 55.688885 93
12.522458 55.688854 93A
12.5248 55.68864 94
12.522022 55.68876 95
12.524338 55.68875 96
12.521928 55.68863 97
12.524218 55.688774 98
12.521839 55.688503 99
12.521743 55.688473 99A
12.524014 55.68882 100
12.521408 55.68904 101
12.521697 55.68903 101A
12.523771 55.688873 102
12.521332 55.688934 103
12.523562 55.688923 104
12.521243 55.688812 105
12.521167 55.688705 107
12.521077 55.688667 107A
12.520711 55.689186 109
12.521013 55.689182 109A
12.520604 55.689037 111
12.522874 55.689075 112
12.520505 55.688896 113
12.522643 55.68913 114
12.520703 55.689255 115
12.52242 55.689182 116
12.519298 55.68959 117
12.522233 55.689228 118
12.519027 55.68965 119
12.518742 55.689716 121
12.518472 55.689777 123
12.518186 55.689842 125
12.517911 55.689903 127
12.521534 55.68938 128
12.517648 55.689964 129
12.521423 55.689407 130
12.516856 55.690144 131
12.521296 55.689438 132
12.521193 55.68946 132A
12.516565 55.69021 133
12.521018 55.689503 134
12.516342 55.690193 135
12.52088 55.68953 136
12.516028 55.690044 137
12.520735 55.689564 138
12.520213 55.68968 140
12.519797 55.689774 142
12.518796 55.690044 144
12.518827 55.690083 148
12.518164 55.690605 150
12.517805 55.69066 152
12.517915 55.690765 154
12.518025 55.690872 156
12.518376 55.690895 158
12.51885 55.690826 160A
12.518772 55.690716 160B
12.518681 55.690594 160C
12.5186 55.690483 160D
12.51827 55.69075 162
12.518542 55.69021 164A
12.518375 55.690098 166
12.518152 55.690147 168
12.517898 55.690243 170
12.517422 55.690308 174A
12.517574 55.69051 174B
12.517122 55.69042 176A
12.517301 55.6905 176B
12.517049 55.69056 176C
12.523185 55.68869 85A
12.517963 55.690376 172
12.537223 55.686295 12D
12.529326 55.68795 62D
12.522004 55.688736 95A
12.516877 55.69051 176D
12.529716 55.68749 58A
12.522993 55.689045 110
12.538087 55.68584 6A
12.534388 55.686684 26C
12.535504 55.686157 20
