12.516405 55.68944 9
12.516042 55.689865 10
12.516083 55.689396 11
12.515806 55.689648 12
12.515823 55.68936 13
12.515387 55.689568 14
12.515556 55.689316 15
12.514973 55.689487 16
12.515313 55.689266 17
12.514548 55.689407 18
12.515042 55.689217 19
12.514138 55.68933 20
12.51465 55.689144 21
12.513824 55.689278 22
12.51434 55.689087 23
12.513548 55.689274 24
12.514023 55.689026 25
12.512027 55.68945 26
12.513753 55.688957 27
12.512261 55.68899 28
12.51249 55.68871 29
12.511938 55.688915 30
12.512161 55.688667 31
12.511577 55.68885 32
12.511846 55.688606 33
12.511306 55.688797 34
12.511578 55.68855 35
12.510928 55.688725 36
12.511277 55.688446 37
12.510515 55.688644 38
12.510995 55.688435 39
12.510072 55.688557 40
12.51068 55.68839 41
12.509659 55.688477 42
12.51048 55.688313 43
12.509243 55.688396 44
12.510278 55.68828 45
12.50892 55.68835 46
12.509998 55.688255 47
12.508696 55.688305 48
12.509696 55.688194 49
12.508473 55.688255 50
12.509453 55.688152 51
12.508125 55.688225 52
12.509123 55.688087 53
12.507933 55.688152 54
12.508832 55.688038 55
12.507688 55.688118 56
12.508695 55.687824 57A
12.508622 55.687946 57B
12.507407 55.688053 58A
12.507112 55.687946 58B
12.50817 55.68789 59
12.506942 55.687782 60
12.507901 55.687836 61
12.506717 55.68762 62
12.507603 55.68776 63
12.506537 55.68745 64
12.507357 55.687614 65
12.506287 55.687366 66
12.507143 55.68745 67
12.506285 55.68721 68
12.506236 55.68705 70
12.507893 55.68849 52A
12.522557 55.696186 1
