12.502468 55.678913 2A
12.502555 55.678917 2B
12.502646 55.67892 2C
12.502743 55.678925 2D
12.502842 55.678925 2E
12.502914 55.67893 2F
12.50298 55.678997 2G
12.501791 55.679478 5
12.501673 55.67964 7
12.502549 55.679256 8
12.501551 55.679817 9
12.502374 55.679413 10
12.501134 55.679806 11
12.502413 55.679657 12
12.502285 55.679844 14
12.501366 55.680058 15
12.501278 55.680206 17
12.502034 55.680126 18
12.501198 55.680313 19
12.501733 55.680294 24
12.501774 55.68043 26
12.501573 55.680496 28
12.501521 55.680565 30
12.501471 55.680637 32
12.501392 55.680744 34
12.501339 55.680817 36
12.501287 55.68089 38
12.501254 55.681007 40
12.50125 55.681187 42
12.612073 55.647835 1
