12.507171 55.67904 2
12.506771 55.67918 3
12.506432 55.679195 3A
12.507157 55.679176 4
12.506756 55.679337 5
12.507144 55.679306 6
12.506738 55.679516 7
12.507132 55.67944 8
12.506775 55.67965 9
12.507136 55.679573 10
12.50686 55.679806 11
12.507231 55.67972 12
12.506927 55.679928 13
12.507301 55.679848 14
12.506992 55.680046 15
12.507371 55.679974 16
12.507189 55.6804 17
12.507275 55.680553 19
12.507339 55.680668 21
12.507407 55.680794 23
12.507475 55.680916 25
12.507542 55.681038 27
12.507602 55.68115 29
12.507679 55.68129 31
12.50776 55.681435 33
12.564145 55.67972 1
