12.536287 55.683758 2
12.535864 55.683628 3
12.535726 55.683662 3A
12.536107 55.683804 4
12.535963 55.68384 4A
12.53559 55.683697 5
12.535455 55.683735 5A
12.535823 55.683876 6
12.535695 55.683907 6A
12.535302 55.683773 7
12.535528 55.68395 8
12.535182 55.683804 9
12.535352 55.684 10
12.534992 55.683853 11
12.535167 55.684044 12
12.534817 55.683895 13
12.534982 55.68409 14
12.534651 55.68394 15
12.534803 55.68414 16
12.534494 55.68398 17
12.534157 55.6843 18
12.533983 55.684113 19
12.533976 55.684345 20
12.533697 55.68418 21
12.533772 55.684624 22A
12.533785 55.684395 22B
12.533466 55.68424 23
12.533575 55.68445 24
12.533252 55.684296 25
12.533384 55.684498 26
12.533018 55.684353 27
12.533177 55.684547 28
12.532187 55.68456 29
12.560918 55.67303 1
