12.508228 55.672977 8
12.508317 55.673042 9
12.508407 55.673122 10
12.508498 55.673206 11
12.508592 55.673267 12
12.508682 55.67335 13
12.508782 55.67343 14
12.508859 55.673508 15
12.508963 55.673588 16
12.509706 55.67419 23
12.509807 55.67429 24
12.509901 55.674362 25
12.509993 55.674458 26
12.510091 55.674522 27
12.51019 55.674603 28
12.510281 55.674683 29
12.508902 55.673798 17
12.509195 55.673782 18
12.509308 55.67387 19
12.50768 55.672546 2
12.509408 55.67395 20
12.509498 55.67403 21
12.509597 55.674107 22
12.507755 55.6726 3
12.510393 55.67476 30
12.510477 55.674862 31
12.510579 55.67493 32
12.510689 55.67502 33
12.510795 55.67513 34
12.5109 55.67523 35
12.507859 55.672684 4
12.507944 55.672752 5
12.508039 55.67283 6
12.585809 55.623417 12
