12.539441 55.686348 2
12.539016 55.68623 3A
12.538753 55.68629 3B
12.539073 55.68645 4
12.53848 55.68635 5
12.538937 55.68648 6
12.538218 55.686413 7
12.538783 55.68652 8
12.53797 55.686466 9
12.538623 55.686554 10
12.538453 55.686592 12
12.538504 55.686775 12A
12.537328 55.686348 13
12.538356 55.686615 14
12.537395 55.686436 15
12.538231 55.68664 16
12.537454 55.686516 17
12.538079 55.68668 18
12.537402 55.686604 19
12.537862 55.686726 20
12.537222 55.68664 21
12.537043 55.68668 23
12.537649 55.68677 24
12.536802 55.686733 25
12.537483 55.68681 26
12.536633 55.68677 27A
12.536482 55.686695 27B
12.536167 55.686684 29A
12.536246 55.686794 29B
12.537202 55.687115 30
12.536115 55.68689 31
12.53649 55.687122 32
12.535913 55.686935 33
12.535702 55.686985 35
12.535509 55.687027 37A
12.535364 55.686962 37B
12.536041 55.68742 40
12.5348 55.687435 42
12.534973 55.68714 45
12.534326 55.687298 49
12.534116 55.687344 51
12.534584 55.68747 52
12.533878 55.687397 53
12.534369 55.68752 54
12.533706 55.68733 55
12.534146 55.68757 56
12.533624 55.687214 57
12.533922 55.68762 58
12.533268 55.687267 59
12.533696 55.68767 60
12.533367 55.687405 61
12.533468 55.68772 62
12.533312 55.687527 63
12.533224 55.68778 64
12.53316 55.68756 65
12.53299 55.6876 67
12.532417 55.68773 69
12.532235 55.68777 71
12.532045 55.687817 73
12.531865 55.68786 75
12.531273 55.687992 77
12.531102 55.68803 79
12.530898 55.688076 81
12.532485 55.687946 82
12.530715 55.688118 83
12.532191 55.68801 84
12.530161 55.688244 85
12.531898 55.688076 86
12.529801 55.688316 87
12.531934 55.688286 88
12.531563 55.688377 90
12.52894 55.68851 91
12.531476 55.68825 92
12.531182 55.68824 94
12.530904 55.688305 96
12.530649 55.688362 98
12.530417 55.688416 100
12.530113 55.688538 102
12.529588 55.68864 104
12.529281 55.688908 106A
12.529368 55.689034 106B
12.528858 55.68877 108
12.538988 55.686634 4A
12.537309 55.68689 28A
12.537332 55.686924 28B
12.537354 55.686954 28C
12.537374 55.686985 28D
12.537398 55.687016 28E
12.537422 55.687054 28F
12.537403 55.6871 28G
12.537343 55.687115 28H
12.529395 55.688408 89A
12.529372 55.68838 89B
12.529345 55.688354 89C
12.529322 55.68833 89D
12.52928 55.688282 89E
12.529244 55.68824 89F
12.529209 55.688198 89G
12.529368 55.688107 89H
12.529506 55.688046 89K
12.529586 55.68803 89L
12.529621 55.688007 89M
12.529578 55.68801 89N
12.529518 55.688026 89P
12.529524 55.68821 89R
12.614144 55.64947 1
