12.518721 55.67619 3
12.519476 55.67651 4A
12.519437 55.67663 4B
12.518476 55.676174 5
12.518888 55.676483 6A
12.518864 55.676666 6B
12.518181 55.676163 7
12.518472 55.676453 8
12.517899 55.67615 9
12.51761 55.67614 11
12.51745 55.676414 12
12.517109 55.676113 13
12.517234 55.676388 14
12.516756 55.676098 15
12.516866 55.67638 16
12.516474 55.676083 17
12.516478 55.676422 18
12.516208 55.67607 19
12.516258 55.67641 20
12.515949 55.67606 21
12.515899 55.676388 22
12.515647 55.676044 23
12.5156 55.67642 24
12.515422 55.676037 25
12.51513 55.676025 27
12.514897 55.67592 29A
12.514801 55.675877 29B
12.51451 55.675995 31
12.514556 55.67631 32
12.514217 55.675983 33
12.514356 55.67637 34
12.513843 55.67597 35
12.514026 55.67627 36
12.513776 55.67638 38
12.513309 55.67594 39
12.513017 55.6762 40
12.513068 55.67593 41
12.512751 55.6762 42
12.512859 55.675877 43
12.512471 55.67618 44
12.51261 55.67592 45
12.512351 55.675888 47
12.511725 55.676163 48
12.512102 55.675835 49
12.511585 55.676155 50
12.511348 55.676144 52
12.511188 55.67583 53
12.511106 55.676136 54
12.510973 55.675823 55
12.510832 55.675816 57
12.510282 55.67579 59
12.510144 55.67578 61
12.509811 55.67579 63
12.509579 55.675728 65
12.508501 55.676117 66
12.50927 55.675747 67
12.508632 55.67574 69
12.508314 55.6757 71
12.507975 55.67571 73
12.513664 55.675938 37A
12.513608 55.675903 37B
12.511713 55.675877 51
