12.509815 55.682106 2
12.509451 55.682186 3
12.509913 55.682236 4
12.509552 55.68232 5
12.510004 55.682354 6
12.509651 55.682453 7
12.5101 55.682484 8
12.50974 55.68257 9
12.510198 55.682613 10
12.509829 55.68269 11
12.510292 55.682735 12
12.509926 55.68282 13
12.51059 55.68313 14
12.510667 55.68323 16
12.510764 55.683357 18
12.510844 55.683464 20
12.51091 55.68355 22
12.511125 55.683605 24
12.509827 55.68299 25
12.511393 55.683556 26
12.509926 55.68299 27
12.511599 55.683517 28
12.509954 55.68303 29
12.5118 55.683483 30
12.50999 55.683083 31
12.510018 55.683125 33
12.510059 55.68317 35
12.510088 55.683216 37
12.510119 55.683254 39
12.510147 55.683304 41
12.51022 55.683388 43
12.510276 55.683468 45
12.510318 55.683556 47
12.510245 55.683575 49
12.510147 55.6836 51
12.510049 55.68362 53
12.509987 55.68364 55
12.509914 55.683655 57
12.509826 55.683678 59
12.509744 55.683693 61
12.509672 55.683716 63
12.509607 55.683735 65
12.50953 55.683754 67
12.509442 55.68377 69
12.509379 55.68379 71
12.509304 55.683804 73
12.509225 55.683823 75
12.509169 55.683838 77
12.509098 55.683853 79
12.509001 55.683834 81
12.508932 55.68385 83
12.508859 55.68387 85
12.508788 55.683884 87
12.508706 55.683903 89
12.508627 55.683926 91
12.508535 55.683945 93
12.508431 55.683968 95
12.50833 55.683994 97
12.508239 55.684013 99
12.508192 55.684013 101
12.508144 55.684017 103
12.508097 55.684017 105
12.508049 55.68402 107
12.508002 55.684025 109
12.507926 55.684044 111
12.507812 55.68407 113
12.507711 55.684097 115
12.507605 55.68412 117
12.507531 55.68414 119
12.507436 55.684166 121
12.507342 55.684193 123
12.507254 55.684204 125
12.507138 55.68424 127
12.572193 55.676567 1
