12.519333 55.675625 1
12.519616 55.67584 2
12.518904 55.67561 3
12.519182 55.675823 4
12.518569 55.6756 5
12.51878 55.67581 6
12.518176 55.675583 7
12.518443 55.675797 8
12.517896 55.67557 9
12.518107 55.675785 10
12.517468 55.675552 11
12.51781 55.67578 12
12.517634 55.675774 12A
12.517438 55.67577 14
12.517267 55.675762 14A
12.516513 55.675518 15
12.51708 55.675755 16
12.516919 55.675747 16A
12.516407 55.67541 17
12.516625 55.675766 18
12.516305 55.675755 20
12.516056 55.67577 22A
12.515982 55.67564 22B
12.516029 55.67541 24
12.519542 55.67584 2A
12.519407 55.675842 2B
12.552382 55.669796 1
