12.51306 55.68745 4
12.512807 55.687172 5
12.512674 55.68752 6
12.512351 55.687073 7
12.512439 55.68735 8
12.511967 55.686935 9
12.512023 55.687263 10
12.511757 55.687286 12
12.511496 55.68714 14
12.511157 55.687187 16
12.511185 55.68671 17
12.510916 55.68698 18
12.510946 55.686665 19
12.510525 55.686913 20
12.510758 55.686607 21
12.510274 55.687046 22
12.510436 55.68657 23
12.510045 55.68676 24
12.510105 55.686512 25
12.509952 55.68685 26
12.510209 55.68641 27
12.509845 55.686962 28
12.510314 55.6863 29
12.509546 55.686646 30
12.510332 55.686195 31
12.509444 55.686752 32
12.509602 55.686405 33
12.509338 55.68686 34
12.509709 55.686295 35
12.509039 55.686546 36
12.50981 55.68619 37
12.508934 55.686657 38
12.509826 55.686092 39
12.508828 55.686764 40
12.50909 55.686314 41
12.508524 55.686455 42
12.509193 55.686207 43
12.508422 55.686558 44
12.509299 55.686096 45
12.508318 55.68667 46
12.509319 55.68599 47
12.508015 55.686356 48
12.50858 55.686214 49
12.507916 55.68646 50
12.508684 55.686108 51
12.507808 55.68657 52
12.508784 55.686005 53
12.50747 55.686264 54
12.508803 55.6859 55
12.50739 55.686348 56
12.508065 55.686123 57
12.507313 55.68642 58
12.508173 55.686012 59
12.507278 55.68648 60
12.508274 55.68591 61
12.508288 55.685814 63
12.507537 55.686047 65
12.507575 55.685947 67
12.507642 55.68583 69
12.507762 55.685734 71
12.548354 55.646408 29
