12.521642 55.67959 2
12.521379 55.67978 3
12.521728 55.679775 4
12.521436 55.679913 5
12.521788 55.679913 6
12.521497 55.680054 7
12.521837 55.680027 8
12.521555 55.680187 9
12.521893 55.68016 10
12.521948 55.680286 12
12.521914 55.68094 13
12.522287 55.680813 14A
12.522844 55.680866 14B
12.523012 55.680897 14C
12.523175 55.680927 14D
12.522242 55.681404 15
12.522365 55.68093 16
12.522444 55.68105 18
12.522515 55.68115 20
12.522586 55.681244 22
12.522302 55.68152 25
12.522816 55.681545 26
12.523242 55.68203 28
12.522985 55.682373 29
12.523369 55.682194 30
12.523076 55.68249 31
12.523479 55.68234 32
12.523175 55.682625 33A
12.523168 55.682804 33B
12.523575 55.682465 34
12.523659 55.682575 36
12.523124 55.683064 37A
12.523285 55.68302 37B
12.523739 55.68268 38
12.523523 55.68308 39A
12.523652 55.68325 39B
12.523812 55.682777 40
12.523772 55.68341 41A
12.523655 55.683563 41B
12.52349 55.683605 41C
12.524133 55.683193 42
12.524073 55.683804 43
12.524261 55.683357 44
12.524314 55.683434 44B
12.524332 55.684135 45
12.524565 55.68376 46
12.524689 55.68392 48
12.524509 55.68443 51
12.525185 55.68436 52
12.524686 55.68483 53
12.525274 55.684475 54
12.524738 55.685017 55
12.525366 55.684593 56
12.524944 55.68513 57
12.525216 55.6853 59
12.52549 55.684746 60
12.52593 55.68623 61
12.525606 55.684895 62
12.525783 55.68698 63
12.525745 55.685078 64
12.525845 55.685207 66
12.52595 55.68536 68
12.526061 55.68551 70
12.526166 55.685642 72
12.52626 55.685764 74
12.526107 55.68744 75
12.526412 55.687115 75T
12.526576 55.686176 76
12.526828 55.68736 77
12.526744 55.6864 78
12.52677 55.687546 79
12.526894 55.6866 80
12.527154 55.68776 81
12.52703 55.686768 82
12.52758 55.688118 83
12.527693 55.68822 85
12.527775 55.68831 87
12.527437 55.68838 89
12.527129 55.687183 90
12.527743 55.688473 91
12.527281 55.687378 92
12.528036 55.688572 93
12.527426 55.687622 94
12.527808 55.688797 95A
12.528118 55.688694 95B
12.528211 55.688793 97A
12.527895 55.688892 97B
12.527871 55.687958 98
12.528335 55.688927 99
12.528024 55.68811 100
12.52861 55.68817 102A
12.52815 55.688244 102B
12.52873 55.689445 103
12.528238 55.688335 104
12.528385 55.6885 108
12.529044 55.68968 109A
12.529119 55.68976 109B
12.528734 55.68887 110
12.529211 55.68986 111
12.528826 55.68897 112
12.529023 55.690067 113
12.52888 55.689026 114
12.529511 55.69018 115
12.528943 55.689095 116
12.529698 55.69046 117
12.529014 55.68917 118
12.529752 55.690525 119
12.529105 55.689266 120
12.529886 55.690582 121
12.529965 55.690666 123
12.530463 55.6904 124A
12.53029 55.69045 124B
12.530305 55.690548 124C
12.529541 55.690933 125A
12.530044 55.69075 125B
12.530415 55.690666 126
12.530117 55.69083 127
12.530512 55.69077 128
12.530197 55.690914 129
12.529927 55.690994 129A
12.530593 55.690857 130A
12.530674 55.690945 130B
12.530275 55.690998 131
12.530757 55.691032 132A
12.530839 55.69112 132B
12.530283 55.69111 133A
12.530377 55.691208 133B
12.531163 55.691467 134
12.531274 55.691586 136
12.530778 55.691532 137
12.531757 55.691666 138A
12.531418 55.69174 138B
12.530884 55.691647 139
12.53154 55.69187 140
12.530953 55.69172 141
12.531687 55.692028 142
12.531029 55.6918 143
12.531828 55.69218 144
12.531104 55.691883 145
12.532205 55.69258 146
12.531168 55.691948 147
12.532329 55.69271 148
12.531245 55.69203 149
12.532492 55.692886 150
12.531322 55.692116 151
12.532623 55.693027 152
12.531389 55.69219 153
12.532766 55.693176 154
12.531325 55.692436 155A
12.531458 55.692265 155B
12.532909 55.693333 156
12.531543 55.692356 157
12.533335 55.69378 158
12.531609 55.692425 159
12.533482 55.693935 160
12.531686 55.69251 161
12.533642 55.69411 162
12.531757 55.692585 163
12.533811 55.69429 164
12.531828 55.69266 165
12.533946 55.69443 166
12.531909 55.69275 167
12.531985 55.69283 169
12.532061 55.69291 171
12.532132 55.692986 173
12.532357 55.693344 175
12.534894 55.69549 176
12.535062 55.695633 178
12.535163 55.69574 180
12.535281 55.69587 182A
12.535594 55.695847 182B
12.532954 55.693863 183
12.535389 55.695984 184
12.533038 55.693954 185
12.535486 55.69609 186A
12.535827 55.69603 186B
12.535981 55.696198 186C
12.533109 55.69404 187
12.535574 55.696186 188A
12.535686 55.696304 188B
12.533203 55.69413 189
12.535784 55.69641 190A
12.535867 55.696503 190B
12.533296 55.69423 191
12.535901 55.6969 192A
12.533381 55.69432 193
12.535891 55.69697 194
12.533464 55.69441 195
12.535867 55.697098 196
12.53356 55.69451 197
12.536012 55.69714 198
12.533653 55.69461 199
12.536211 55.69723 200
12.533556 55.69467 201
12.536196 55.697304 202
12.533299 55.69473 203
12.53618 55.697372 204
12.534924 55.695984 215
12.534546 55.695644 215A
12.52262 55.682 27
12.52297 55.682854 33C
12.522559 55.684196 43A
12.524602 55.68381 46A
12.53214 55.692497 146A
12.533715 55.695896 215B
12.52312 55.681698 26A
12.523406 55.681618 26B
12.524192 55.681473 26C
12.530586 55.690083 122A
12.531167 55.6907 122B
12.534272 55.69474 170
12.535798 55.6974 204A
12.532574 55.6954 209A
12.52501 55.684315 52A
12.533812 55.69498 207
12.533731 55.69503 207A
12.533234 55.695217 207B
12.529146 55.688293 108B
12.534795 55.69538 174
12.535328 55.695473 176B
12.535309 55.69519 176C
12.532569 55.69534 209B
12.535 55.69552 176A
12.5326 55.695267 209C
12.53592 55.696823 192
12.535181 55.695236 176D
