12.534572 55.68213 2
12.534333 55.682186 2B
12.533909 55.68206 3
12.533651 55.68213 5
12.533725 55.682343 6
12.533406 55.68219 7
12.533444 55.68241 8
12.533164 55.68225 9
12.533134 55.68249 10
12.5329 55.682316 11
12.532868 55.68256 12
12.532657 55.682377 13
12.532622 55.68262 14
12.532349 55.68269 16
12.531985 55.68278 18
12.531853 55.682583 19
12.531755 55.68284 20
12.531648 55.682632 21A
12.53141 55.682693 21C
12.531179 55.682983 22
12.530529 55.68283 23
12.530963 55.68304 24
12.529843 55.683006 25
12.529807 55.68235 25A
12.529249 55.682327 25B
12.529579 55.6831 27
12.530149 55.683228 30
12.530103 55.68324 30A
12.528614 55.683163 31
12.529984 55.68326 32
12.528433 55.6832 33
12.529828 55.683296 34
12.528225 55.683243 35
12.529664 55.68333 36
12.528017 55.68329 37
12.529495 55.68337 38
12.527809 55.68333 39
12.529293 55.68341 40
12.527219 55.683453 41
12.528523 55.683575 42
12.527017 55.6835 43
12.528277 55.683624 44
12.526832 55.683537 45
12.52738 55.683815 46
12.526644 55.68358 47
12.527116 55.68387 48
12.526449 55.68362 49
12.526379 55.684025 50
12.526213 55.683666 51
12.526055 55.683765 51A
12.526144 55.684074 52
12.525538 55.68371 53
12.525948 55.684116 54
12.525623 55.683826 55
12.525309 55.68425 56
12.525598 55.68396 57
12.52536 55.68401 59
12.523715 55.684715 60
12.525163 55.68405 61
12.524933 55.684097 63
12.523369 55.68524 64A
12.522415 55.685326 64B
12.521468 55.685272 64C
12.524062 55.684265 65
12.522645 55.684814 66
12.523649 55.68433 67
12.5209 55.68532 68
12.523183 55.684425 69
12.523053 55.68423 69B
12.52027 55.68547 70
12.522712 55.68453 71
12.520049 55.685867 72
12.522309 55.684643 73
12.519951 55.68574 74
12.521823 55.684734 75
12.521109 55.684483 75A
12.521765 55.684113 75B
12.518931 55.685654 76
12.521323 55.684788 77
12.521263 55.684696 77A
12.518498 55.68573 78
12.518334 55.685867 80
12.521032 55.684917 81
12.518016 55.685833 82
12.520701 55.68499 83
12.5178 55.68592 84
12.520465 55.68503 85
12.518092 55.68628 86A
12.517715 55.686245 86B
12.517352 55.685993 86C
12.519888 55.685146 87
12.517078 55.68604 88
12.516771 55.686153 90
12.516494 55.68615 92
12.516232 55.686203 94
12.515987 55.686256 96
12.515737 55.68629 98
12.515382 55.686363 100
12.517502 55.685635 103
12.516934 55.68575 105
12.516505 55.685833 107
12.516247 55.68589 109
12.515492 55.686043 111
12.515156 55.686108 113
12.51482 55.686195 115
12.53415 55.682224 2C
12.533977 55.682278 4
12.532456 55.682175 13A
12.532085 55.682755 18A
12.518937 55.68536 95
12.523187 55.685604 64D
12.529021 55.683167 29
12.531223 55.682518 23A
12.530886 55.68235 23B
12.530556 55.68243 23C
12.529485 55.682945 29A
12.529258 55.682606 25C
12.573687 55.678444 2
