12.511443 55.67927 3
12.511251 55.679306 5
12.511014 55.67935 7
12.510807 55.679398 9
12.510631 55.679424 11
12.510424 55.679462 13
12.510222 55.6795 15
12.509989 55.679512 17
12.509776 55.67955 19
12.509185 55.679672 21
12.509006 55.679707 23
12.509006 55.679962 24
12.508727 55.67976 25
12.508819 55.68052 26
12.507972 55.679905 27
12.507616 55.679966 29
12.506909 55.68011 61
12.506709 55.68015 63
12.506867 55.68036 64
12.506486 55.68019 65
12.506575 55.680416 66
12.505602 55.68022 67
12.505857 55.680695 68
12.505423 55.680256 69
12.505676 55.68073 70
12.50524 55.68029 71
12.505472 55.680767 72
12.505057 55.68033 73
12.505283 55.680805 74
12.508651 55.680595 26A
12.508715 55.680725 26B
12.622348 55.65751 5
