12.503798 55.679115 3
12.504239 55.679935 5
12.504413 55.68021 7
12.504515 55.680393 9
12.5043 55.680653 13
12.504349 55.680725 15
12.504839 55.681087 19
12.504905 55.679733 20
12.50502 55.681274 21
12.504714 55.679768 22
12.50506 55.681377 23
12.504664 55.679886 24
12.505141 55.681526 25
12.504725 55.679993 26
12.505235 55.68169 27
12.504803 55.680134 28
12.505309 55.68182 29
12.50487 55.680252 30
12.505256 55.680943 32
12.505313 55.681046 34
12.505374 55.681152 36
12.505438 55.681267 38
12.505494 55.681366 40
12.505546 55.68146 42
12.505594 55.681545 44
12.50565 55.68165 46
12.505708 55.68175 48
12.505776 55.681873 50
12.504968 55.681175 19A
