12.535651 55.682953 1
12.535543 55.682983 1B
12.53578 55.683155 2
12.535386 55.68302 3
12.53557 55.68321 4
12.53523 55.68306 5
12.535373 55.68326 6
12.534976 55.683125 7
12.535199 55.683304 8
12.534816 55.683167 9
12.535032 55.683346 10
12.534639 55.683212 11
12.534722 55.683426 12
12.534469 55.683254 13
12.534551 55.68347 14
12.534273 55.683304 15
12.534385 55.68351 16
12.534104 55.683346 17
12.534211 55.683556 18
12.533917 55.683395 19
12.533664 55.683693 20
12.533711 55.68345 21
12.533464 55.683743 22
12.53354 55.68349 23
12.533235 55.683804 24
12.53337 55.683533 25
12.533027 55.683853 26
12.533175 55.683582 27
12.532817 55.68391 28
12.532976 55.683636 29
12.532636 55.683952 30
12.532793 55.68368 31
12.532604 55.683727 33
12.531944 55.683895 35
12.531794 55.683937 37
12.531727 55.683956 37A
12.531623 55.683983 37B
12.531382 55.684036 39
12.534876 55.68296 5A
12.531752 55.684135 36
12.538972 55.685116 2
