12.52638 55.671383 26
12.527715 55.67123 26A
12.527707 55.671295 26B
12.527745 55.671413 26C
12.525108 55.671387 28
12.524932 55.672104 28B
12.52522 55.67208 28C
12.517755 55.671875 29
12.517526 55.671883 31
12.517034 55.671852 33A
12.517239 55.67185 33B
12.516737 55.67191 35
12.521284 55.6719 36
12.516309 55.671837 37
12.520421 55.671944 38
12.515483 55.67182 39
12.518584 55.67216 40
12.514938 55.671844 41
12.513992 55.672443 42A
12.513716 55.672253 42B
12.513458 55.672253 42C
12.513295 55.672413 42D
12.513016 55.672264 44
12.512952 55.672474 44A
12.513101 55.67247 44B
12.514193 55.671936 45
12.514098 55.6717 45B
12.512237 55.67227 46
12.51382 55.671947 47
12.512936 55.67195 51
12.511042 55.672375 52A
12.510604 55.672318 52B
12.511993 55.67198 53
12.509717 55.672672 54
12.514352 55.67393 54A
12.511993 55.67197 55
12.509217 55.672497 56A
12.509221 55.672882 56B
12.50881 55.672894 58A
12.509694 55.67203 59
12.5116 55.671978 59A
12.509342 55.672035 61
12.507627 55.67203 63
12.507559 55.67201 65
12.507515 55.67189 65A
12.507209 55.671886 65H
12.504773 55.67207 71
12.504955 55.672424 72
12.504984 55.672604 72A
12.504633 55.672417 74
12.503914 55.67243 76
12.503747 55.672432 78
12.50358 55.672436 80
12.503387 55.67244 82
12.503224 55.67244 84
12.523275 55.671696 32
12.509219 55.67327 56C
12.508429 55.672607 58B
12.526867 55.670383 25
12.525539 55.672043 28D
12.52371 55.671654 30
12.522602 55.671734 34
12.509459 55.670925 59B
12.506911 55.672035 67
12.506269 55.67188 69
12.507164 55.6725 58D
12.524948 55.66946 25A
12.526873 55.671425 26D
12.524189 55.67118 27A
12.521618 55.67148 27B
12.521556 55.670612 27C
12.513569 55.672256 42E
12.509722 55.67367 54B
12.51007 55.67368 54C
12.5098 55.67382 54D
12.507711 55.672344 60
12.518431 55.67179 27
12.516179 55.671776 37A
12.510101 55.674118 54E
12.510192 55.673992 54F
12.510191 55.67419 54G
12.512325 55.672756 46A
12.512768 55.672306 46E
12.512631 55.672497 46C
12.512777 55.672466 46D
12.512738 55.67272 46B
12.525277 55.646442 2
