12.53771 55.68487 2
12.537326 55.684715 3
12.537161 55.684757 3A
12.537004 55.6848 5
12.536861 55.684834 5A
12.537308 55.68498 6
12.536714 55.68487 7
12.536575 55.684906 7A
12.537043 55.68504 8
12.536445 55.68494 9
12.536316 55.684975 9A
12.536682 55.68513 10
12.536168 55.68501 11
12.536011 55.68505 11A
12.536167 55.68525 12
12.535868 55.685085 13
12.535735 55.68512 13A
12.53552 55.685177 15
12.534961 55.685318 17
12.535155 55.685474 18
12.534818 55.685352 19
12.534651 55.685394 19A
12.534997 55.685513 20
12.534841 55.685555 20A
12.534506 55.685432 21A
12.534354 55.68547 21B
12.534123 55.68542 21C
12.534696 55.68559 22
12.534529 55.68563 22A
12.534 55.685562 23
12.534353 55.685677 24
12.635873 55.635143 1
