12.508095 55.68255 4B
12.507326 55.683037 5
12.508196 55.682682 6
12.507761 55.682926 7
12.50878 55.6826 8
12.506467 55.683067 9
12.508293 55.682808 10
12.506555 55.683186 11
12.508373 55.682915 12
12.506666 55.683327 13
12.508474 55.68305 14
12.506774 55.68347 15
12.508645 55.683086 16
12.506881 55.683613 17
12.508946 55.683018 18
12.506825 55.68378 19
12.509116 55.683033 20
12.506948 55.68395 21
12.509197 55.68316 22
12.507043 55.684074 23
12.50933 55.683308 24
12.509559 55.68339 26
12.509264 55.68347 28
12.508816 55.683575 30
12.508629 55.68339 32
12.507574 55.682343 2
