12.533691 55.68099 1
12.533911 55.681362 2A
12.533555 55.68136 2B
12.532611 55.68135 2C
12.533249 55.68098 3
12.53193 55.68106 6
12.531532 55.68106 8
12.531267 55.681053 10
12.530255 55.680893 23
12.52738 55.680832 24
12.529598 55.680874 25
12.527585 55.680714 26
12.527538 55.68057 28
12.527348 55.68034 30
12.530517 55.681087 14
12.532657 55.6812 4
12.53188 55.681194 4A
12.531119 55.6812 4B
12.531128 55.681053 10A
12.531546 55.680866 9
12.532355 55.681347 2D
12.531656 55.681343 2E
12.531114 55.681343 2F
12.636353 55.64058 4
