12.522122 55.689278 2
12.521715 55.68961 3
12.522454 55.689453 4
12.521767 55.689667 5
12.522511 55.68951 6
12.521813 55.689716 7
12.522561 55.689564 8
12.521867 55.689777 9
12.522609 55.689613 10
12.521915 55.68983 11
12.522658 55.68967 12
12.521961 55.68988 13
12.522707 55.68972 14
12.522014 55.689938 15
12.522753 55.68977 16
12.522052 55.68998 17
12.522808 55.689827 18
12.522101 55.690033 19
12.522849 55.68988 20
12.522152 55.69009 21
12.522894 55.689934 22
12.52217 55.690132 23
12.522946 55.689987 24
12.522227 55.690193 25
12.522995 55.690033 26
12.522283 55.69023 27
12.523042 55.69009 28
12.522338 55.690292 29
12.523089 55.690144 30
12.522389 55.69035 31
12.523131 55.69019 32
12.52244 55.690403 33
12.523184 55.690247 34
12.522491 55.69046 35
12.52323 55.6903 36
12.522536 55.69051 37
12.523279 55.690353 38
12.522584 55.690563 39
12.523328 55.690407 40
12.522632 55.690617 41
12.523377 55.69046 42
12.522686 55.690674 43
12.523426 55.690514 44
12.522732 55.690723 45
12.524878 55.69231 46
12.525217 55.692616 48
12.523641 55.691475 49
12.525464 55.692802 50
12.523797 55.691685 51
12.523981 55.691807 53
12.525806 55.69328 54
12.524072 55.69193 55
12.524085 55.692097 57
12.526375 55.69345 58
12.523904 55.692158 59
12.526284 55.693653 60
12.523575 55.692204 61
12.526556 55.693756 62
12.523323 55.692276 63
12.526566 55.693943 64
12.526662 55.694115 66
12.523431 55.692463 67
12.526882 55.694256 68
12.52369 55.692455 69
12.527032 55.694412 70
12.527202 55.694572 72
12.527496 55.69488 74
12.524362 55.69229 75
12.527698 55.695072 76
12.524519 55.692455 77
12.524681 55.692726 79
12.524452 55.6928 81
12.524188 55.69284 83
12.524084 55.69287 85
12.523907 55.692963 87
12.524049 55.693115 89
12.524321 55.693165 91
12.524463 55.693123 93
12.524569 55.69298 95
12.524834 55.69292 97
12.525072 55.693035 99
12.52565 55.693665 105
12.525799 55.693794 107
12.525924 55.693913 109
12.526042 55.694054 111
12.526306 55.69428 115
12.526419 55.694424 117
12.526616 55.69455 119
12.526962 55.694935 123
12.527218 55.695133 125A
12.527442 55.6953 125B
12.596103 55.642994 6
