12.518996 55.68594 3
12.519429 55.686123 4
12.518804 55.68611 5
12.519183 55.68654 6
12.518723 55.686275 7
12.518618 55.686413 9
12.518499 55.68662 11
12.518346 55.68676 13
12.518378 55.686924 15
12.518056 55.687477 17
12.517946 55.687664 19
12.518463 55.68773 20
12.517781 55.687862 21
12.518314 55.687916 22
12.517656 55.688026 23
12.5182 55.688133 24
12.51749 55.68842 25
12.517987 55.68848 26
12.517861 55.688667 28
12.517637 55.689323 32A
12.51783 55.689358 32B
12.51708 55.689114 33
12.517418 55.689487 34
12.516855 55.68941 35
12.517321 55.68973 36
12.517402 55.68994 38
12.516951 55.69004 39
12.575371 55.68971 3
