12.528207 55.694546 2A
12.527535 55.69477 2B
12.526765 55.69472 3A
12.526239 55.69468 3B
12.526637 55.694973 4
12.525933 55.694607 5
12.526326 55.694984 6
12.525644 55.694553 7
12.526064 55.694866 8
12.525352 55.694492 9
12.525708 55.694878 10
12.525107 55.69444 11
12.525499 55.6948 12
12.52486 55.69435 13
12.524664 55.694256 15
12.525154 55.69467 16
12.524475 55.69417 17
12.524801 55.69455 18
12.524564 55.694454 20
12.524355 55.69435 22
12.524297 55.694393 24
12.524196 55.69447 26
12.524137 55.69451 28
12.637548 55.58833 1
