12.520703 55.689613 2
12.520586 55.690063 3
12.521091 55.68978 4
12.520717 55.690243 5
12.521121 55.689827 6
12.520844 55.690414 7
12.521172 55.68989 8
12.520974 55.690594 9
12.521205 55.68994 10
12.521252 55.690002 12
12.521293 55.69005 14
12.521569 55.691418 15
12.521335 55.690113 16
12.521665 55.69155 17
12.521368 55.690163 18
12.521763 55.691685 19
12.52141 55.69022 20
12.521861 55.69182 21
12.521451 55.69027 22
12.521716 55.69203 23
12.521488 55.690323 24
12.521503 55.69208 25
12.521531 55.69038 26
12.521258 55.69214 27
12.52157 55.690434 28
12.52102 55.692196 29
12.521611 55.69049 30
12.520819 55.69224 31
12.521652 55.690544 32
12.520758 55.692368 33
12.521693 55.6906 34
12.520883 55.69254 35
12.521734 55.69066 36
12.521 55.6927 37
12.521773 55.69071 38
12.522463 55.69282 39
12.521814 55.690765 40
12.522369 55.6927 41
12.521852 55.69082 42
12.522267 55.692562 43
12.521895 55.690876 44
12.522168 55.69243 45
12.521937 55.690933 46
12.522405 55.69301 47
12.522448 55.691864 48
12.522236 55.69305 49
12.52258 55.691826 50
12.521971 55.69311 51
12.522796 55.69176 52A
12.522936 55.691715 52B
12.521727 55.69317 53
12.523166 55.69165 54A
12.523294 55.691612 54B
12.521518 55.69322 55
12.523517 55.691547 56
12.522726 55.693386 57
12.522935 55.69203 58
12.522421 55.69346 59
12.522852 55.69223 60
12.522106 55.69353 61
12.52295 55.69238 62
12.523044 55.693428 63
12.522897 55.692554 64
12.523148 55.69357 65
12.52302 55.692726 66
12.52326 55.69372 67
12.523134 55.69286 68
12.523363 55.693863 69
12.523276 55.69301 70
12.523469 55.694008 71
12.523515 55.69317 72
12.523586 55.694168 73
12.523818 55.693348 74
12.524007 55.693436 76
12.524232 55.69355 78
12.509345 55.6667 3
