12.517293 55.682205 2
12.516931 55.682014 3
12.517068 55.68223 4
12.516718 55.68204 5
12.516809 55.682262 6
12.516475 55.68207 7
12.516566 55.682293 8
12.516249 55.6821 9
12.516304 55.682327 10
12.516037 55.68212 11
12.516092 55.68235 12
12.515802 55.68215 13
12.515995 55.68243 14
12.515558 55.682182 15
12.516039 55.68254 16A
12.516078 55.682644 16B
12.515962 55.682747 16C
12.515752 55.682774 16D
12.515598 55.6827 16E
12.515555 55.68259 16F
12.515343 55.68221 17
12.515513 55.68248 18
12.515148 55.682236 19
12.515339 55.68244 20
12.514929 55.682266 21
12.515117 55.68247 22
12.51469 55.682293 23
12.514998 55.68257 24A
12.515055 55.682716 24B
12.514997 55.682846 24C
12.514824 55.682865 24D
12.514447 55.682323 25
12.514258 55.68267 26A
12.514315 55.682816 26B
12.51444 55.682915 26C
12.514636 55.682888 26D
12.514173 55.682358 27
12.514099 55.682594 28
12.513962 55.682384 29
12.513841 55.68263 30
12.513701 55.682415 31
12.513609 55.682655 32
12.513445 55.68245 33A
12.5132 55.68248 33B
12.512928 55.68274 34
12.512963 55.682507 35
12.512701 55.682766 36
12.512374 55.682575 37
12.512439 55.682796 38
12.512157 55.682602 39
12.512196 55.682827 40
12.51194 55.68263 41
12.511354 55.68293 42
12.511142 55.682728 43
12.511123 55.682957 44
12.510859 55.682762 45
12.510899 55.682983 46
12.510516 55.682804 47
12.510679 55.68301 48
12.579849 55.697052 2
