12.585078 55.622776 10
12.584986 55.622528 11
12.584807 55.622826 12
12.584716 55.622574 13
12.58453 55.6229 14
12.584442 55.622597 15
12.584218 55.622875 16
12.583539 55.622772 24
12.582985 55.62258 25
12.584147 55.622612 17
12.583967 55.622906 18
12.583759 55.622726 19
12.586275 55.62266 2
12.583677 55.622932 20
12.583379 55.623013 22
12.583287 55.622566 23
12.583164 55.623043 28
12.582406 55.622643 29
12.586042 55.622433 3
12.583246 55.622787 26
12.58271 55.62262 27
12.581252 55.622967 42
12.58119 55.622517 43
12.580814 55.62233 44
12.582857 55.623024 30
12.582131 55.622677 31
12.582705 55.622837 32
12.581838 55.6227 33
12.582418 55.62299 34
12.585852 55.62246 5
12.581551 55.622726 35
12.58217 55.623005 36
12.581276 55.62277 37
12.581877 55.622944 38
12.581025 55.62278 39
12.585931 55.622692 4
12.581538 55.622974 40
12.58095 55.622517 41
12.58148 55.622486 45
12.581119 55.622307 46
12.58174 55.622463 47
12.581429 55.62228 48
12.582076 55.622425 49
12.581675 55.622265 50
12.582334 55.62239 51
12.581986 55.622227 52
12.582276 55.622196 54
12.582889 55.622326 55
12.582574 55.62217 56
12.58316 55.62231 57
12.582835 55.622143 58
12.584044 55.622303 59
12.585624 55.622723 6
12.583129 55.622116 60
12.584347 55.622272 61
12.583392 55.622093 62
12.58461 55.62225 63
12.583667 55.622078 64
12.584901 55.62221 65
12.583915 55.622066 66
12.585178 55.622166 67
12.584251 55.622032 68
12.585442 55.622154 69
12.585566 55.622482 7
12.58455 55.622 70
12.585736 55.62213 71
12.584832 55.62197 72
12.585991 55.622116 73
12.585114 55.621937 74
12.58615 55.622116 75
12.585366 55.621918 76
12.585659 55.621895 78
12.585362 55.622757 8
12.585913 55.621853 80
12.586117 55.621853 82
12.585283 55.6225 9
12.58385 55.62258 21
12.582595 55.622368 53
12.598484 55.640896 1
