12.586959 55.60846 2
12.587608 55.60847 3
12.587009 55.608364 4
12.587567 55.6083 5
12.587039 55.60808 6
12.587692 55.608135 7
12.587013 55.6079 8
12.587655 55.60797 9
12.58712 55.60772 10
12.587631 55.60782 11
12.587164 55.607544 12
12.587525 55.607624 13
12.587214 55.60724 14
12.587725 55.60749 15
12.587183 55.60709 16
12.587786 55.607285 17
12.587251 55.606915 18
12.587728 55.607132 19
12.587223 55.60675 20
12.587704 55.60697 21
12.587352 55.60641 22
12.587881 55.60682 23
12.58721 55.60616 24
12.587835 55.606655 25
12.587871 55.606487 27
12.587878 55.606323 29
12.614666 55.66311 1
