12.650033 55.636524 30
12.649843 55.63651 32
12.649663 55.636497 34
12.649293 55.63645 38
12.648767 55.636436 40
12.648545 55.63642 42
12.648282 55.636406 44
12.648086 55.63639 46
12.647848 55.636375 48
12.647721 55.63637 54A
12.647659 55.635353 55
12.647493 55.63635 56A
12.647363 55.63634 56B
12.645961 55.63602 57
12.645759 55.636005 59
12.64551 55.635986 61
12.6462 55.636414 62
12.645721 55.635323 63
12.645459 55.635296 65
12.64523 55.635326 67
12.645029 55.635403 69
12.645145 55.63621 70
12.644838 55.635475 71
12.644714 55.63617 72
12.644597 55.635536 73
12.644378 55.635567 75
12.644163 55.63558 77
12.643827 55.63563 79
12.643688 55.635693 81
12.6432 55.63605 82
12.643575 55.635796 83
12.642947 55.63605 84
12.642979 55.635777 85
12.642708 55.636124 86
12.643044 55.635674 87
12.643119 55.63555 89
12.643203 55.635414 91
12.643266 55.63531 93
12.643347 55.63518 95
12.643426 55.63505 97
12.642488 55.635307 101
12.64242 55.63542 103
12.64235 55.635532 105
12.642264 55.63567 107
12.641582 55.635033 109
12.641537 55.63512 111
12.64147 55.635227 113
12.641384 55.635365 115
12.64127 55.635548 117
12.640641 55.634842 119
12.640574 55.63495 121
12.6405 55.635067 123
12.640416 55.6352 125
12.640341 55.63533 127
12.640272 55.63544 129
12.639462 55.635387 131
12.639283 55.63537 133
12.639104 55.635345 135
12.638927 55.635326 137
12.638749 55.635303 139
12.638568 55.635284 141
12.638158 55.63524 143
12.637979 55.63522 145
12.637801 55.635197 147
12.637623 55.635178 149
12.637445 55.635155 151
12.637242 55.635136 153
12.532794 55.675068 2
