12.605375 55.633305 2
12.608533 55.632298 3
12.605437 55.63316 4
12.60827 55.632263 5
12.603932 55.632736 6
12.608012 55.632233 7
12.604146 55.632744 8
12.607716 55.632366 9
12.604334 55.632744 10
12.607644 55.632538 11
12.604604 55.63268 12
12.607533 55.6327 13
12.604669 55.632526 14
12.607422 55.632866 15
12.604719 55.63241 16
12.607073 55.632957 17
12.605571 55.632843 18
12.606817 55.632923 19
12.605628 55.632706 20
12.606562 55.63289 21
12.605682 55.63258 22
12.606238 55.632713 23A
12.606268 55.6326 23B
12.606329 55.632446 23C
12.606395 55.632244 23D
12.605166 55.632263 24
12.608112 55.631287 25
12.605348 55.632267 26
12.608355 55.631313 27
12.605565 55.632275 28
12.608583 55.631344 29
12.605857 55.632168 30
12.608815 55.631374 31
12.605905 55.632053 32
12.609041 55.631405 33
12.605956 55.631935 34
12.609236 55.631428 35
12.606323 55.631847 36
12.607852 55.631393 37
12.607753 55.631638 39
12.607639 55.631916 41
12.607322 55.632046 43
12.607071 55.63201 45
12.606814 55.631973 47
12.606568 55.631943 49
12.611695 55.64661 1
