12.644732 55.642506 300
12.646206 55.641014 340
12.645972 55.642067 341
12.646267 55.64095 342
12.646523 55.64068 344
12.646582 55.640617 346
12.646808 55.64044 348
12.647939 55.639153 362A
12.647963 55.639122 362B
12.64799 55.639095 362C
12.648014 55.63907 362D
12.648038 55.63904 362E
12.648064 55.63901 362F
12.648089 55.63899 364A
12.648113 55.63896 364B
12.648134 55.638935 364C
12.648156 55.638912 364D
12.648181 55.63889 366A
12.648201 55.638863 366B
12.648226 55.63884 366C
12.648254 55.638817 366D
12.648276 55.63879 366E
12.648301 55.638763 368A
12.648325 55.638737 368B
12.648349 55.63871 368C
12.648376 55.638683 368D
12.648398 55.638657 368E
12.648422 55.63863 370A
12.648445 55.638603 370B
12.648467 55.63858 370C
12.648488 55.638557 370D
12.648731 55.63811 374
12.648942 55.63797 376
12.649131 55.637806 378
12.649379 55.63757 382
12.649762 55.637104 384
12.649922 55.63691 386
12.651281 55.635464 390
12.651928 55.635597 399
12.653312 55.63519 401
12.656996 55.63578 405
12.65279 55.634583 407
12.65378 55.634155 413A
12.654669 55.63442 413B
12.653543 55.634064 413C
12.656014 55.634598 413D
12.653673 55.634144 413F
12.654077 55.634182 413G
12.654613 55.63428 413H
12.653962 55.63417 413K
12.655602 55.634518 413L
12.655246 55.634487 413N
12.652756 55.634018 414
12.652851 55.63389 416
12.653163 55.633595 418
12.654183 55.63349 423
12.653373 55.6332 424
12.647197 55.645123 301
12.643628 55.64468 282
12.647163 55.639977 350
12.651305 55.635353 392
12.648142 55.635986 406
12.649155 55.635258 396
12.652432 55.635567 399A
12.648438 55.63605 404
12.655318 55.635117 409
12.65678 55.63536 411
12.649047 55.635395 398
12.648795 55.63577 400
12.648622 55.636044 402
12.647833 55.635876 408
12.602699 55.66354 1
