12.617554 55.640232 3A
12.617599 55.64014 3B
12.617647 55.640045 3C
12.617034 55.63999 4
12.617778 55.63986 5
12.618752 55.63979 7A
12.618069 55.639637 7B
12.618364 55.639496 9
12.617014 55.639717 12
12.618197 55.639103 13
12.617226 55.639416 14
12.618591 55.639004 15
12.617313 55.639263 16
12.618484 55.638847 17
12.617436 55.639107 18
12.618636 55.638676 19
12.617665 55.63894 20
12.618568 55.638508 21
12.617809 55.638596 22
12.618571 55.638176 23
12.617801 55.638435 24
12.618632 55.63803 25
12.617904 55.63828 26
12.618763 55.637894 27
12.617935 55.63811 28
12.619254 55.637794 29
12.617761 55.63771 30
12.618889 55.637527 31
12.617784 55.637665 32
12.61925 55.637234 33
12.617594 55.63735 34
12.619305 55.636948 35
12.619361 55.6366 37
12.619541 55.636414 39
12.6184 55.637268 40
12.618685 55.63679 42
12.61885 55.636463 44A
12.61863 55.63652 44B
12.618389 55.636482 44C
12.618897 55.636368 46A
12.618418 55.63636 46B
12.618939 55.636284 48A
12.618469 55.636257 48B
12.620031 55.635235 49
12.619003 55.636158 50A
12.61857 55.63606 50B
12.6201 55.635067 51
12.619079 55.636 52A
12.619144 55.635895 52B
12.619119 55.63594 52C
12.620281 55.63507 53A
12.620497 55.635105 53B
12.619201 55.635754 54
12.620375 55.63491 55
12.619264 55.635624 56
12.620511 55.63479 57
12.620614 55.63464 59
12.620493 55.63448 61
12.620561 55.634342 63
12.620614 55.634186 65
12.62094 55.634087 67
12.620689 55.63388 69
12.620912 55.633663 71
12.61937 55.63391 76
12.619994 55.633503 82A
12.620188 55.633537 82B
12.620432 55.63321 84
12.620477 55.633118 86
12.620534 55.633003 88
12.620575 55.63292 90
12.620927 55.632267 92A
12.620029 55.63206 92B
12.619336 55.63189 92C
12.620989 55.632145 94A
12.620097 55.631924 94B
12.619396 55.631767 94C
12.621058 55.632004 96A
12.620155 55.631805 96B
12.619463 55.63163 96C
12.62112 55.631878 98A
12.62021 55.631695 98B
12.61952 55.631516 98C
12.622621 55.631157 101
12.621216 55.631676 102
12.621286 55.63132 106
12.621563 55.63082 110
12.621592 55.63067 112
12.623233 55.629326 119
12.622296 55.629204 124
12.623224 55.62887 129
12.623244 55.628704 131
12.622646 55.62888 134
12.622699 55.628742 136
12.622599 55.628582 138
12.623428 55.62842 139
12.622827 55.628445 140
12.623749 55.62794 141
12.622935 55.628174 142
12.624039 55.62782 143
12.622958 55.628017 144
12.623046 55.627895 146
12.625095 55.62767 147A
12.626354 55.627808 147B
12.623169 55.627728 148
12.626425 55.627583 149
12.623243 55.62744 150A
12.623272 55.627384 150B
12.623301 55.627323 150C
12.623331 55.627262 150D
12.625364 55.627464 151
12.623476 55.627117 152
12.624096 55.627167 153
12.623514 55.626637 158
12.623806 55.626484 160
12.623872 55.62639 162
12.623974 55.62614 164
12.624691 55.62585 165
12.624001 55.626015 166
12.624793 55.625717 167
12.623909 55.625854 168
12.624854 55.625614 169
12.625249 55.62554 171A
12.626379 55.62571 171B
12.626204 55.625233 171C
12.62435 55.62542 172
12.625157 55.6251 175
12.624247 55.62509 176
12.624734 55.624626 180
12.625864 55.624245 181
12.624731 55.6245 182
12.625705 55.623924 183
12.624749 55.624325 184
12.625079 55.623913 186B
12.624981 55.623768 188
12.625881 55.62364 189
12.625159 55.623604 190A
12.625177 55.62353 190B
12.625873 55.62356 191
12.62526 55.623386 192
12.625425 55.623165 194
12.626099 55.623035 195
12.625629 55.622665 196
12.626985 55.621254 217
12.627283 55.621017 219
12.626597 55.62065 220
12.627229 55.62076 221
12.626649 55.620262 222
12.629045 55.619503 223
12.626894 55.62011 224
12.626859 55.619965 226
12.627014 55.61957 230
12.627296 55.61937 232
12.628049 55.619274 233
12.627379 55.619198 234
12.62803 55.61916 235
12.627493 55.618923 236
12.629395 55.61874 237
12.627638 55.618744 238
12.627729 55.618546 240
12.628564 55.61877 241
12.627757 55.618343 242
12.628616 55.61863 243
12.627577 55.618263 244
12.629188 55.619278 245
12.629199 55.619217 247
12.627958 55.61787 248
12.628085 55.61771 250
12.628113 55.61755 252
12.62819 55.61729 254
12.628355 55.61716 256
12.628359 55.61698 258
12.62921 55.61694 259
12.628374 55.616814 260
12.629829 55.616753 261
12.628568 55.616695 262
12.629678 55.616505 263
12.628644 55.616547 264
12.629379 55.616344 265
12.628719 55.616394 266
12.62955 55.61614 267
12.628818 55.616222 268
12.629543 55.615963 269
12.628919 55.616074 270
12.629866 55.615368 271
12.628923 55.61593 272
12.630095 55.615005 273
12.629016 55.615757 274
12.630196 55.614845 275
12.628897 55.61554 276
12.630272 55.614697 277
12.629222 55.61496 278
12.630442 55.614384 279
12.629288 55.614735 280
12.63048 55.61432 281
12.629401 55.61427 282
12.630052 55.61384 290
12.624049 55.625244 174
12.629528 55.615017 278Z
12.626466 55.623512 193A
12.626102 55.62342 193B
12.619055 55.636047 52
12.627546 55.618095 246
12.626267 55.623894 185
12.625095 55.629475 123
12.629451 55.613815 288
12.649223 55.65455 1
