12.619532 55.637306 4
12.619924 55.637367 6
12.620862 55.63783 7
12.620261 55.63744 8
12.621395 55.637886 9
12.620646 55.637505 10
12.621976 55.637985 11
12.622263 55.638042 13
12.621731 55.637703 14
12.622373 55.638065 15
12.62185 55.63773 16
12.622629 55.638107 17
12.622102 55.63778 18
12.622847 55.638145 19
12.622368 55.63783 20
12.623093 55.63819 21
12.623286 55.638226 23
12.623084 55.637917 24
12.623473 55.638306 25
12.62334 55.637985 26
12.623764 55.63834 27
12.623986 55.63842 29
12.6244 55.63845 31
12.624269 55.63818 32
12.624622 55.63858 33
12.62452 55.638226 34
12.624997 55.638718 35
12.625438 55.638638 37
12.625206 55.638348 38
12.625467 55.638393 40A
12.625557 55.63841 40B
12.62569 55.638668 41
12.62582 55.638443 42
12.625891 55.638702 43
12.626102 55.638744 45
12.626487 55.638584 46
12.626287 55.638878 47
12.62676 55.63862 48
12.627007 55.638653 50
12.626682 55.638977 51
12.626985 55.63892 53
12.619286 55.637287 2
12.594467 55.698086 1
