12.59589 55.613113 3
12.595501 55.613026 4
12.59607 55.61295 5
12.595528 55.612804 6
12.595986 55.612732 7
12.595549 55.61263 8
12.596075 55.612583 9
12.595382 55.612465 10
12.59599 55.612385 11
12.595596 55.61224 12
12.59622 55.612156 13
12.595601 55.61204 14
12.596072 55.611984 15
12.59563 55.61186 16
12.596133 55.611782 17
12.595648 55.611645 18
12.5961 55.611565 19
12.595657 55.611423 20
12.596129 55.611378 21
12.59563 55.611195 22
12.5962 55.611183 23
12.595654 55.611004 24
12.596137 55.610996 25
12.595757 55.6108 26
12.596163 55.61081 27
12.595663 55.610638 28
12.596196 55.61055 29
12.595791 55.610424 30
12.579316 55.63097 24
