12.584045 55.61535 3
12.583387 55.61536 4
12.584017 55.615124 5
12.58345 55.615192 6
12.583998 55.614956 7
12.583485 55.614956 8
12.584084 55.61481 9
12.583474 55.614704 10
12.584046 55.61465 11
12.58339 55.61445 12
12.583874 55.61449 13
12.583344 55.6143 14
12.583974 55.6143 15
12.58335 55.614117 16
12.58405 55.614197 17
12.583346 55.61396 18
12.584033 55.614014 19
12.583264 55.613796 20
12.583947 55.61385 21
12.583243 55.613605 22
12.583796 55.61372 23
12.583695 55.613605 25
12.583188 55.613384 26
12.583706 55.613396 27
12.583032 55.613174 28
12.583736 55.61319 29
12.583097 55.61301 30
12.584116 55.615616 1
12.570369 55.66123 3
