12.594724 55.61293 3
12.594309 55.61282 4
12.594747 55.61274 5
12.594277 55.612602 6
12.59475 55.612537 7
12.594348 55.61242 8
12.594865 55.612366 9
12.594382 55.61222 10
12.594971 55.61217 11
12.59425 55.612015 12
12.594972 55.61196 13
12.594435 55.611805 14
12.594896 55.61176 15
12.594457 55.61164 16
12.595037 55.61153 17
12.594485 55.611446 18
12.59489 55.611343 19
12.594499 55.611263 20
12.594909 55.611183 21
12.594396 55.61106 22
12.595058 55.610973 23
12.594432 55.61088 24
12.595014 55.610775 25
12.59457 55.610714 26
12.595028 55.6106 27
12.594583 55.610516 28
12.595006 55.61039 29
12.594593 55.61034 30
12.594678 55.61014 32
12.568149 55.686348 1
