12.610365 55.633293 2
12.611724 55.6335 3
12.610422 55.63313 4
12.611455 55.633465 5
12.61048 55.63297 6
12.611175 55.633427 7
12.610538 55.63281 8
12.612316 55.63271 9
12.610595 55.63265 10
12.61205 55.632675 11
12.610653 55.63249 12
12.611789 55.63264 13
12.61071 55.632328 14
12.611517 55.632607 15
12.610768 55.632168 16
12.612584 55.63186 17
12.609217 55.632236 18
12.609409 55.632317 18A
12.612324 55.631824 19
12.609289 55.63206 20
12.612057 55.63179 21
12.609359 55.631886 22
12.611794 55.63176 23
12.609418 55.63174 24
12.61203 55.63127 25
12.609765 55.631626 26
12.61003 55.63166 28
12.610251 55.631687 30
12.610507 55.63172 32
12.610787 55.63176 34
12.611126 55.63159 36
12.61119 55.63143 38
12.611251 55.63128 40
12.611313 55.631126 42
12.609542 55.631294 44
12.609599 55.631153 46
12.609669 55.630978 48
12.609737 55.63081 50
12.610075 55.63075 52
12.610331 55.630783 54
12.61058 55.630814 56
12.610832 55.630848 58
12.611085 55.63088 60
12.609479 55.63247 2A
12.513214 55.676353 3
