12.592902 55.63753 4
12.59365 55.637363 5
12.592864 55.63738 6
12.593494 55.637196 7
12.592968 55.637238 8
12.593565 55.637066 9
12.592945 55.637096 10
12.593663 55.63692 11
12.59307 55.63695 12
12.593627 55.636765 13
12.593134 55.636787 14
12.59392 55.636578 15
12.593094 55.636623 16
12.59395 55.63645 17
12.593122 55.6365 18
12.593154 55.636375 20
12.593303 55.636234 22
12.593491 55.63616 24
12.593684 55.636093 26
12.593864 55.636024 28
12.594055 55.63596 30
12.594236 55.635887 32
12.594429 55.635822 34
12.594616 55.635754 36
12.594853 55.63573 38
12.595077 55.63573 40
12.595297 55.63573 42
12.59552 55.635735 44
12.59574 55.635735 46
12.595965 55.635735 48
12.582083 55.67755 2
