12.619562 55.619717 1
12.618944 55.619644 3
12.619003 55.620033 4
12.618657 55.619644 5
12.618624 55.61996 6
12.618371 55.6197 7
12.618366 55.620003 8
12.618101 55.6197 9
12.618106 55.61998 10
12.617823 55.6197 11
12.617833 55.61997 12
12.61753 55.619698 13
12.617535 55.619995 14
12.617233 55.619694 15
12.617222 55.61998 16
12.616915 55.619682 17
12.616931 55.620056 18
12.616623 55.6197 19
12.616608 55.62001 20
12.616347 55.619713 21
12.61627 55.61994 22
12.616049 55.6197 23
12.616011 55.62002 24
12.615717 55.6197 25
12.615718 55.62002 26
12.61544 55.619694 27
12.615434 55.62009 28
12.615101 55.619686 29
12.615133 55.619953 30
12.614797 55.6197 31
12.614837 55.61996 32
12.614492 55.619698 33
12.614551 55.620003 34
12.614195 55.619705 35
12.614239 55.619987 36
12.613953 55.6197 37
12.613868 55.620014 38
