12.582003 55.61212 3
12.581358 55.611958 4
12.582135 55.611973 5
12.581463 55.611767 6
12.58197 55.611813 7
12.581503 55.6116 8
12.582001 55.611633 9
12.581573 55.611427 10
12.582189 55.611485 11
12.581548 55.61122 12
12.582143 55.611305 13
12.581654 55.61107 14
12.582278 55.61119 15A
12.582291 55.611145 15B
12.581667 55.610916 16
12.582264 55.61102 17
12.581743 55.61075 18
12.582233 55.610832 19
12.581892 55.610638 20
12.582395 55.610664 21
12.582045 55.6105 22
12.582526 55.61045 23
12.582222 55.610252 24
12.582998 55.609905 27
12.582372 55.609783 28
12.583138 55.609722 29
12.582124 55.609344 30
12.582214 55.60936 32
12.583222 55.60942 33
12.58229 55.60938 34
12.58325 55.609375 35
12.582378 55.609398 36
12.58328 55.60932 37
12.582477 55.609413 38
12.583309 55.609272 39
12.582556 55.60943 40
12.583328 55.60922 41
12.582642 55.609447 42
12.582969 55.608974 43
12.582716 55.609455 44
12.583059 55.608986 45
12.582534 55.609173 46
12.583138 55.60901 47
12.582572 55.609123 48
12.583233 55.609024 49
12.582602 55.609077 50
12.583319 55.60904 51
12.582628 55.60903 52
12.583402 55.60906 53
12.582655 55.60898 54
12.5835 55.60907 55
12.582688 55.60893 56
12.583547 55.60882 57
12.582707 55.608875 58
12.583579 55.60879 59
12.582729 55.608826 60
12.583608 55.608738 61
12.582529 55.60859 62
12.583635 55.60869 63
12.582614 55.608604 64
12.583655 55.608643 65
12.582693 55.608616 66
12.583691 55.6086 67
12.583715 55.60855 69
12.58288 55.608646 70
12.583738 55.608498 71
12.582956 55.608658 72
12.583761 55.608433 73
12.583057 55.60867 74
12.583349 55.608185 75
12.583138 55.608696 76
12.583418 55.608196 77
12.58296 55.608402 78
12.583504 55.60821 79
12.582985 55.608356 80
12.583583 55.60823 81
12.583009 55.608315 82
12.583684 55.608246 83
12.58304 55.608257 84
12.583763 55.608257 85
12.58307 55.608204 86
12.583094 55.60816 88
12.583119 55.608112 90
12.583147 55.608063 92
12.582791 55.60863 68
12.583195 55.609547 29C
12.583353 55.609722 29E
12.58346 55.609528 29H
12.583086 55.609745 29A
12.583535 55.609356 29M
12.583388 55.609657 29F
12.583424 55.609592 29G
12.583317 55.609787 29D
12.583495 55.609467 29K
12.583531 55.6094 29L
12.58314 55.609646 29B
12.603544 55.662003 1
