12.598795 55.638153 10
12.598691 55.638157 12
12.598591 55.638157 14
12.598491 55.63816 16
12.598392 55.63816 18
12.598295 55.638165 20
12.598196 55.638165 22
12.598096 55.638165 24
12.598001 55.638165 26
12.597901 55.63817 28
12.597803 55.63817 30
12.597701 55.63817 32
12.597601 55.63817 34
12.597328 55.63815 34A
12.597232 55.638176 36
12.597136 55.63818 38
12.597034 55.638176 40
12.596938 55.638176 42
12.596841 55.638176 44
12.596741 55.63818 46
12.596633 55.63818 48
12.596537 55.638184 50
12.596443 55.638187 52
12.596337 55.63819 54
12.596023 55.63826 56
12.595771 55.638126 58
12.595427 55.63813 60
12.59512 55.63813 62
12.594764 55.63812 64
12.594358 55.638096 66
12.594034 55.638107 68
12.593615 55.63812 70
12.59333 55.638176 72
12.593003 55.6381 74
12.59938 55.637825 1
12.599028 55.637768 3
12.599115 55.63755 5
12.598519 55.637737 7A
12.598424 55.63774 7B
12.59834 55.63774 9A
12.598252 55.63774 9B
12.598169 55.63774 11A
12.59809 55.637745 11B
12.598009 55.637745 13A
12.597927 55.637745 13B
12.597839 55.637745 15A
12.597754 55.637745 15B
12.597675 55.63775 17
12.597581 55.63775 19
12.597326 55.637737 21
12.597232 55.637753 23
12.597144 55.637753 25
12.597064 55.637753 27
12.59698 55.637753 29
12.596896 55.637756 31
12.59682 55.637756 33
12.59673 55.637756 35
12.596653 55.637756 37
12.596569 55.637756 39
12.596484 55.63776 41
12.596401 55.63776 43
12.596314 55.63776 45
12.596235 55.63776 47
12.596145 55.63776 49
12.595639 55.637802 51
12.595387 55.637794 53
12.595116 55.637768 55
12.594708 55.637825 57
12.594212 55.637775 59
12.593893 55.63782 61
12.59363 55.637787 63
12.593317 55.6378 65
12.592806 55.63777 67
12.592498 55.637794 69
12.599536 55.637577 1A
12.518817 55.6668 1
