12.616804 55.622967 2
12.6174 55.622902 3
12.616803 55.622913 4
12.617446 55.62285 5
12.616802 55.622856 6
12.617446 55.62279 7
12.616802 55.622807 8
12.617399 55.622738 9
12.616801 55.622753 10
12.617399 55.62269 11
12.6168 55.6227 12
12.617392 55.62263 13
12.616799 55.622643 14
12.616798 55.62259 16
12.617441 55.622463 17
12.616797 55.622536 18
12.61744 55.622417 19
12.616797 55.622486 20
12.617439 55.622353 21
12.616796 55.622425 22
12.617438 55.622307 23
12.616795 55.62237 24
12.617384 55.622246 25
12.616794 55.62232 26
12.617382 55.622192 27
12.616805 55.62227 28
12.617382 55.622143 29
12.617381 55.622097 31
12.617375 55.62192 35
12.617432 55.62186 37
12.617431 55.62181 39
12.61743 55.621754 41
12.617383 55.6217 43
12.617429 55.62165 45
12.617428 55.621597 47
12.617374 55.621536 49
12.61737 55.62137 53
12.617423 55.62131 55
12.617422 55.62126 57
12.617422 55.62121 59
12.617421 55.62115 61
12.617375 55.6211 63
12.617374 55.62105 65
12.617386 55.620914 67
12.616833 55.621822 32
12.584087 55.675564 2
