12.621749 55.629284 4
12.621506 55.6289 5
12.62145 55.629192 6
12.621165 55.62891 7
12.621122 55.629257 8
12.620768 55.628883 9
12.620801 55.629208 10
12.620502 55.628853 11
12.620499 55.629143 12
12.620176 55.62883 13
12.620229 55.629066 14
12.619801 55.628822 15
12.619901 55.62904 16
12.619513 55.628757 17
12.61956 55.62905 18
12.619189 55.628757 19
12.619138 55.62907 20
12.61885 55.628735 21
12.618861 55.629066 22
12.618555 55.628685 23
12.61853 55.628986 24
12.618183 55.628677 25
12.618209 55.62895 26
12.617807 55.62865 27
12.617506 55.62864 29
12.62246 55.629017 1
12.592181 55.646164 1
