12.626463 55.6197 3
12.626252 55.61997 4
12.626164 55.61971 5
12.625824 55.619965 6
12.625858 55.61971 7
12.625522 55.61998 8
12.625454 55.619694 9
12.625218 55.619972 10
12.625251 55.619694 11
12.624863 55.619953 12
12.624874 55.6197 13
12.624531 55.620014 14
12.624552 55.619694 15
12.624251 55.620037 16
12.624207 55.619717 17
12.62396 55.619957 18
12.623944 55.619705 19
12.623626 55.619957 20
12.623606 55.619705 21
12.623287 55.62 22
12.623293 55.619717 23
12.622815 55.61997 24
12.623001 55.619663 25
12.622655 55.619713 27
12.609204 55.65584 1
