12.592395 55.61051 4
12.592233 55.610218 5
12.591989 55.610054 7
12.591278 55.610394 8
12.591589 55.610104 9
12.591066 55.610245 10
12.591313 55.610046 11
12.590722 55.61019 12
12.59107 55.609882 13
12.590412 55.61013 14
12.590657 55.609898 15
12.590002 55.61008 16
12.590399 55.609886 17
12.589735 55.610023 18
12.590094 55.609825 19
12.589448 55.609962 20
12.589832 55.6097 21
12.589072 55.61 22
12.589467 55.609585 23
12.588858 55.6099 24
12.589125 55.60966 25
12.588437 55.60988 26
12.588765 55.60964 27
12.588073 55.609875 28
12.588539 55.60948 29
12.587899 55.609684 30
12.588269 55.6095 31
12.58797 55.609425 33
12.587648 55.609398 35
12.612284 55.665257 1
