12.599872 55.636944 238
12.599982 55.636642 246
12.600085 55.636272 250
12.600114 55.63611 252
12.600056 55.635952 254
12.600216 55.63578 256
12.600245 55.635616 258
12.600319 55.635433 260
12.60031 55.635185 262
12.601151 55.635082 263
12.600428 55.635006 264
12.601232 55.634922 265
12.600378 55.634823 266
12.601279 55.63476 267
12.601649 55.634495 269
12.600476 55.63427 270
12.600503 55.634106 272
12.601693 55.6341 273
12.600564 55.633892 274
12.601781 55.63397 275
12.600611 55.633705 276
12.601924 55.633747 277
12.600737 55.633408 280
12.600741 55.63323 282
12.602847 55.632645 297
12.60231 55.63171 299
12.602001 55.629852 320
12.602836 55.628468 330
12.602618 55.62795 332
12.602947 55.62797 340
12.60423 55.62736 343
12.604448 55.62707 347
12.603457 55.62658 348
12.605234 55.626953 349
12.603616 55.626072 350
12.604566 55.62683 351
12.604498 55.62666 353
12.604422 55.626476 355
12.604539 55.626324 357
12.603727 55.625595 358
12.6044 55.62614 359
12.603926 55.625256 360
12.604724 55.62585 361
12.60396 55.62498 362
12.604639 55.62567 363
12.604044 55.624725 364
12.604039 55.624557 366
12.604484 55.625416 367
12.604169 55.624367 368
12.604545 55.625168 369
12.604185 55.62418 370
12.604564 55.62499 371
12.604223 55.6239 372
12.604689 55.624535 375
12.604176 55.62355 376
12.604732 55.624367 377
12.604659 55.624195 379
12.604078 55.6226 380
12.604969 55.62376 381
12.603186 55.622208 382A
12.60432 55.622105 382B
12.604345 55.621716 384
12.604796 55.623497 385
12.604444 55.621178 386
12.60451 55.620796 388
12.60512 55.61914 392
12.605513 55.620483 395
12.613486 55.613415 437
12.613528 55.61076 450
12.600636 55.633514 278
12.604003 55.624176 370A
12.603986 55.624165 370B
12.603983 55.624138 370C
12.605242 55.62093 391
12.600893 55.632244 290
12.613936 55.611046 447
12.61435 55.61184 441
