12.648189 55.63853 2
12.648166 55.638214 3
12.648121 55.63852 4
12.648047 55.638508 6
12.647482 55.638058 7
12.647974 55.638493 8
12.647022 55.637997 9
12.647893 55.638474 10
12.646465 55.637936 11
12.647797 55.6385 12
12.646273 55.637886 13
12.647735 55.63853 14
12.646079 55.637848 15
12.647671 55.63856 16
12.647608 55.63859 18
12.647546 55.638622 20
12.647301 55.638794 22
12.646817 55.63849 26
12.646747 55.638477 28
12.646738 55.638435 30
12.646666 55.638424 32
12.646652 55.63838 34
12.646641 55.638336 36
12.646604 55.638294 38
12.646665 55.638264 40
12.64663 55.63822 42
12.646685 55.63819 44
12.647318 55.63834 24
12.593786 55.64402 4
