12.622662 55.62152 2
12.622221 55.621258 3
12.622564 55.621502 4
12.622145 55.621258 5
12.622468 55.62151 6
12.62206 55.621258 7
12.622373 55.62151 8
12.621968 55.621258 9
12.622274 55.62151 10
12.621874 55.621258 11
12.622175 55.62151 12
12.62179 55.62126 13
12.622079 55.62151 14
12.62169 55.621265 15
12.621985 55.62151 16
12.621487 55.621273 17A
12.621271 55.621258 17B
12.621886 55.621513 18
12.621066 55.621273 19
12.621783 55.621513 20
12.620869 55.621273 21
12.62169 55.621506 22
12.620674 55.621277 23
12.621454 55.62166 24
12.620477 55.621277 25
12.621062 55.62151 26
12.620693 55.62153 28
12.598239 55.661232 1
