12.579733 55.616817 3
12.579329 55.61724 4
12.579794 55.616604 5
12.579321 55.616753 6
12.579882 55.616356 7
12.579368 55.616493 8
12.579959 55.616158 9
12.579448 55.616302 10
12.579872 55.615993 11
12.579452 55.616135 12
12.579854 55.61584 13
12.579466 55.615974 14
12.579906 55.6157 15
12.579438 55.615826 16
12.579801 55.615562 17
12.579273 55.615692 18
12.579851 55.61541 19
12.579375 55.615547 20
12.579742 55.61526 21
12.579334 55.61541 22
12.579179 55.615276 24
12.579163 55.615128 26
12.57975 55.614513 27
12.57916 55.614983 28
12.579631 55.614277 29
12.579223 55.614815 30
12.579499 55.614063 31
12.579056 55.614697 32
12.579387 55.613636 33
12.579183 55.61457 34
12.579304 55.613323 35
12.578855 55.614395 36
12.579113 55.61273 37
12.579104 55.614265 38
12.579176 55.61255 39
12.579047 55.61406 40
12.579089 55.6123 41
12.578725 55.613895 42
12.578895 55.61375 44
12.57894 55.613564 46
12.578869 55.613407 48
12.578573 55.613277 50
12.578705 55.613056 52
12.578742 55.612896 54
12.578666 55.612717 56
12.578595 55.612476 58
12.578558 55.612297 60
12.506865 55.65039 1
