12.6265 55.643707 8
12.626602 55.64352 10
12.627168 55.643284 11
12.626637 55.643456 12
12.62725 55.64318 13
12.626725 55.643295 14
12.626804 55.643158 16
12.626879 55.64302 18
12.626969 55.64286 20
12.627014 55.642776 22
12.627112 55.642605 24
12.627155 55.64253 26
12.627101 55.642338 28
12.627354 55.642166 30
12.627933 55.641964 31
12.627428 55.641983 32
12.628169 55.641846 33
12.627619 55.641712 34
12.627693 55.641567 36
12.627795 55.64142 38
12.62829 55.64122 39
12.627825 55.641273 40
12.628351 55.64107 41
12.627843 55.6411 42
12.628522 55.640896 43
12.62782 55.640938 44
12.62777 55.640797 46
12.628541 55.64049 47
12.627654 55.64063 48
12.628443 55.64028 49
12.62789 55.640488 50
12.627815 55.64034 52
12.627949 55.6402 54
12.628088 55.64004 56
12.581376 55.67803 3
