12.596315 55.6245 2
12.595407 55.624027 3
12.595641 55.624416 4
12.59466 55.62379 5
12.5948 55.62431 6
12.596118 55.624584 2A
12.596058 55.624744 2B
12.595859 55.625187 2C
12.596047 55.62405 1A
12.596131 55.623837 1B
12.596246 55.623573 1C
12.596349 55.623344 1D
12.595578 55.62396 3A
12.595673 55.623707 3B
12.595712 55.6236 3C
12.595833 55.623344 3D
12.59559 55.623295 3E
12.595448 55.62361 3F
12.595371 55.62377 3G
12.59534 55.623875 3H
12.595638 55.624516 4A
12.595572 55.624714 4B
12.59536 55.62518 4C
12.595387 55.624443 4D
12.595362 55.62451 4E
12.595268 55.62474 4F
12.595211 55.624847 4G
12.595192 55.624912 4H
12.595156 55.625057 4L
12.593284 55.623085 9
12.591267 55.648098 7
