12.636415 55.633087 4
12.636315 55.633183 6
12.636219 55.633293 8
12.636115 55.633373 10
12.635999 55.633484 12
12.635887 55.63356 14
12.635765 55.63366 16
12.633232 55.632244 17
12.635673 55.632843 18
12.635605 55.63295 20
12.635519 55.633038 22
12.635434 55.63314 24
12.635332 55.63323 26
12.635241 55.633324 28
12.634835 55.632755 30
12.634717 55.632935 32
12.634577 55.633102 34
12.634041 55.63257 36
12.634011 55.632675 38
12.633953 55.63278 40
12.633912 55.632877 42
12.633839 55.63298 44
12.63378 55.633087 46
12.632504 55.632313 48
12.624564 55.63167 84
12.623916 55.63157 88
12.62327 55.63146 92
12.621953 55.631947 98
12.62149 55.630993 101
12.620901 55.63082 103
12.620654 55.631252 104
12.620493 55.63082 105
12.620176 55.630836 107
12.61995 55.630844 109
12.620078 55.6312 110
12.619811 55.630753 111
12.619839 55.63108 112
12.6196 55.630722 113
12.619394 55.631123 114
12.619444 55.63065 115
12.61923 55.631027 116
12.619301 55.630653 117
12.618469 55.63084 120
12.618847 55.63055 121
12.618229 55.630856 122
12.617993 55.630756 124
12.617205 55.63056 128
12.621913 55.63158 100
12.63127 55.63215 50
12.560018 55.674404 1
