12.62322 55.627007 2
12.622836 55.626747 3
12.622674 55.627064 4
12.622513 55.626743 5
12.622249 55.627056 6
12.622196 55.626743 7
12.621889 55.62706 8
12.621912 55.62672 9
12.621443 55.627144 10
12.62162 55.626743 11
12.621134 55.62704 12
12.621283 55.626747 13
12.6208 55.62704 14
12.62097 55.62674 15
12.620402 55.62703 16A
12.620287 55.62703 16B
12.620646 55.62672 17
12.619847 55.627052 18
12.620349 55.62676 19
12.619615 55.627014 20
12.619753 55.62675 21
12.619247 55.627087 22
12.619302 55.62663 23
12.618968 55.627052 24
12.61891 55.62671 25
12.618482 55.62713 26
12.618413 55.626713 27
12.618147 55.627163 28
12.618049 55.626835 29
12.617815 55.627205 30
12.617786 55.626873 31
12.617593 55.627323 32
12.617547 55.62694 33
12.616499 55.62732 35
12.615805 55.6284 36
12.614395 55.627934 39
12.615354 55.628204 40
12.609035 55.62891 41
12.612934 55.62929 100
12.60846 55.629036 199
12.605343 55.629025 202
12.60468 55.628513 203
12.604171 55.629166 204
12.613701 55.628944 92
12.613604 55.629044 94
12.50809 55.67371 1
