12.609442 55.622604 3
12.608894 55.622616 4
12.609532 55.622326 5
12.608978 55.622425 6
12.609499 55.622093 7
12.608782 55.622257 8
12.609505 55.62187 9
12.608999 55.62207 10
12.609497 55.621677 11
12.609025 55.621895 12
12.609569 55.62138 13A
12.609517 55.6213 13B
12.609019 55.62172 14
12.609486 55.621136 15
12.60903 55.621414 16
12.609543 55.620907 17
12.609022 55.621185 18
12.609584 55.62076 19
12.609007 55.620953 20
12.609593 55.6206 21
12.608857 55.620667 22
12.609717 55.6204 23
12.609053 55.620407 24
12.609454 55.620247 25
12.609058 55.620247 26
12.609489 55.61998 27
12.609056 55.62005 28
12.609539 55.61979 29
12.608994 55.6198 30
12.60963 55.619576 31
12.60896 55.61951 32
12.609624 55.619415 33
12.609557 55.619076 35
12.609025 55.619244 36
12.609522 55.618847 37
12.609062 55.619007 38
12.60906 55.618835 40
12.609416 55.62298 1
12.506363 55.69345 1A
