12.630532 55.632206 2
12.630534 55.63232 3
12.630481 55.632435 4
12.630405 55.632603 5
12.630362 55.632782 6
12.630327 55.632885 7
12.630326 55.633 8
12.630227 55.63316 9
12.630207 55.633347 10
12.630151 55.63347 11
12.630128 55.6336 12
12.63004 55.633698 13
12.630017 55.633823 14
12.629982 55.633923 15
12.629929 55.63405 16
12.62991 55.634167 17
12.629886 55.63427 18
12.629926 55.63437 19
12.631082 55.632175 20
12.631085 55.632298 21
12.631017 55.632416 22
12.630913 55.632496 23
12.630796 55.632706 24
12.630801 55.632942 25
12.630822 55.63306 26
12.63074 55.63322 27
12.630638 55.633408 28
12.630647 55.63353 29
12.630613 55.633614 30
12.630641 55.633766 31
12.630624 55.633865 32
12.630484 55.634106 34
12.630471 55.6342 35
12.630501 55.634315 36
12.630407 55.634457 37
12.63153 55.63222 38
12.631435 55.632328 39
12.631384 55.632442 40
12.631407 55.63254 41
12.631202 55.632866 42
12.631077 55.632973 43
12.631137 55.633102 44
12.631057 55.633205 45
12.630959 55.633324 46
12.631015 55.633446 47
12.630991 55.633556 48
12.630856 55.633686 49
12.630808 55.6339 50
12.630812 55.63402 51
12.630712 55.634125 52
12.63073 55.63423 53
12.630652 55.634327 54
12.630864 55.634514 55
12.631944 55.632294 65
12.631896 55.632454 66
12.63179 55.632557 67
12.631831 55.632683 68
12.631756 55.632805 69
12.631693 55.63298 70
12.631643 55.633133 71
12.631626 55.633312 72
12.631563 55.63349 73
12.631512 55.63362 74
12.631423 55.63396 76
12.631383 55.63407 77
12.631307 55.63424 78
12.631225 55.634403 79
12.631064 55.634537 80
12.631403 55.63384 75
12.631437 55.633736 75A
12.629253 55.634815 33
12.598524 55.59897 1
