12.596004 55.600414 1
12.598092 55.599426 2
12.595965 55.600548 3
12.598297 55.599354 4
12.595998 55.60068 5
12.598519 55.59942 6
12.596005 55.6008 7
12.597249 55.59963 8
12.596037 55.60094 9
12.597481 55.59963 10
12.59597 55.60108 11
12.597805 55.59967 12
12.595907 55.601162 13
12.598037 55.59966 14
12.596028 55.60133 15
12.59828 55.59959 16
12.596027 55.60144 17
12.598494 55.59967 18
12.595907 55.601574 19
12.595995 55.601692 21
12.597013 55.59984 22
12.595966 55.601814 23
12.597223 55.599842 24
12.595673 55.60036 25
12.597469 55.599834 26
12.595093 55.60029 27
12.597827 55.5998 28
12.595632 55.600468 29
12.598017 55.599857 30
12.595085 55.600388 31
12.598235 55.599873 32
12.595642 55.600613 33
12.598476 55.599895 34
12.595213 55.600525 35
12.596735 55.60009 36
12.595617 55.60074 37
12.596991 55.600136 38
12.595214 55.600655 39
12.597199 55.600105 40
12.595657 55.60086 41
12.597464 55.60015 42
12.59516 55.60078 43
12.597739 55.600117 44
12.595685 55.600956 45
12.597981 55.600163 46
12.595171 55.60089 47
12.598212 55.60013 48
12.595591 55.6011 49
12.598425 55.600193 50
12.595099 55.60102 51
12.596748 55.600327 52
12.596994 55.60032 54
12.597137 55.60033 56
12.595562 55.6014 57
12.597414 55.60033 58
12.595172 55.601307 59
12.597722 55.60035 60
12.595568 55.60151 61
12.597938 55.600334 62
12.595147 55.60143 63
12.598162 55.60032 64
12.595551 55.601646 65
12.598381 55.60034 66
12.595034 55.601536 67
12.597186 55.600536 68
12.595646 55.60176 69
12.597435 55.60058 70
12.594978 55.60165 71
12.597944 55.600563 72
12.594755 55.600227 73
12.598119 55.600613 74
12.594267 55.600178 75
12.598343 55.600616 76
12.594756 55.600338 77
12.597267 55.60078 78
12.594235 55.6003 79
12.597474 55.60074 80
12.594773 55.60047 81
12.597844 55.60078 82
12.59434 55.60043 83
12.598128 55.600773 84
12.594748 55.600597 85
12.598339 55.600803 86
12.594147 55.60054 87
12.597567 55.601044 88
12.594788 55.60072 89
12.598076 55.601044 90
12.594252 55.600674 91
12.598283 55.601135 92
12.59478 55.600845 93
12.597673 55.601284 94
12.594196 55.600815 95
12.598007 55.601257 96
12.594787 55.600975 97
12.598218 55.601334 98
12.59421 55.600925 99
12.597929 55.601585 100
12.594746 55.601097 101
12.598186 55.60162 102
12.594233 55.601048 103
12.594674 55.60123 105
12.594255 55.601166 107
12.594642 55.601368 109
12.594247 55.601295 111
12.594775 55.601475 113
12.594262 55.60143 115
12.594592 55.601612 117
12.59426 55.601536 119
12.594201 55.601753 121
12.594363 55.60177 123
12.594619 55.60179 125
12.594837 55.60183 127
12.594978 55.601925 129
12.595187 55.601944 131
12.595406 55.602013 133
12.59567 55.602036 135
12.595839 55.60206 137
12.596048 55.602093 139
12.596518 55.602203 143
12.596692 55.602192 145
12.596928 55.60227 147
12.597139 55.602325 149
12.597348 55.602352 151
12.597556 55.602367 153
12.597403 55.602062 155
12.597198 55.601967 157
12.596945 55.601997 159
12.596736 55.601974 161
12.596519 55.601948 163
12.596293 55.601906 165
12.596316 55.60161 167
12.596537 55.601704 169
12.596722 55.60173 171
12.596954 55.601746 173
12.597181 55.601757 175
12.595137 55.601177 55
12.596335 55.602085 141
12.595664 55.60127 53
12.596456 55.6014 177A
12.596879 55.60151 177B
12.596401 55.600567 1A
12.59482 55.59801 1
