12.581026 55.60118 1
12.580618 55.601116 2
12.581075 55.60104 3
12.580609 55.601025 4
12.581046 55.60092 5
12.580642 55.600872 6
12.581159 55.600803 7
12.580672 55.600796 8
12.58118 55.600708 9
12.580668 55.600655 10
12.581215 55.600582 11
12.580733 55.600536 12
12.581242 55.600452 13
12.580814 55.600437 14
12.581278 55.600357 15
12.58081 55.600292 16
12.581311 55.600212 17
12.580821 55.60016 18
12.581264 55.600094 19
12.58085 55.600063 20
12.581387 55.59995 21
12.581008 55.59996 22
12.5814 55.59985 23
12.580955 55.599827 24
12.581414 55.59975 25
12.580962 55.59971 26
12.545745 55.673096 1A
