12.581599 55.60115 2
12.58167 55.600998 3
12.581702 55.60089 4
12.58176 55.600784 5
12.58173 55.60065 6
12.581803 55.60053 7
12.58184 55.60038 8
12.581839 55.600292 9
12.581869 55.60016 10
12.581912 55.60004 11
12.581603 55.599827 13
12.58151 55.59999 14
12.581475 55.600147 15
12.581454 55.600258 16
12.581402 55.60038 17
12.581383 55.600517 18
12.581396 55.60061 19
12.581286 55.600727 20
12.581273 55.600883 21
12.581223 55.60102 22
12.581267 55.6011 23
12.581203 55.60124 24
12.581813 55.5998 12
12.591906 55.638443 1
