12.588515 55.617104 33
12.591311 55.617546 21
12.590911 55.617455 23
12.59041 55.617374 25
12.589838 55.617317 27
12.589412 55.617245 29
12.588934 55.617176 31
12.588477 55.61731 36
12.591095 55.617496 22
12.590639 55.617405 24
12.589568 55.617302 28
12.589176 55.61717 30
12.58864 55.61711 32
12.588262 55.61702 34
12.591166 55.617214 11
12.591382 55.61725 12
12.591575 55.617313 13
12.591852 55.617344 14
12.592071 55.61742 15
12.592229 55.617504 16
12.592325 55.61766 17
12.592023 55.617718 18
12.59177 55.61763 19
12.591567 55.617577 20
12.590079 55.617294 26
12.588357 55.616806 1
12.588645 55.616833 2
12.588858 55.616856 3
12.589088 55.616863 4
12.589356 55.616917 5
12.589573 55.617027 6
12.589816 55.61705 7
12.590071 55.617092 8
12.590605 55.617176 9
12.590895 55.61721 10
12.588236 55.618095 101
12.587982 55.618073 102
12.587897 55.61834 103
12.58815 55.61837 104
12.58836 55.6184 105
12.588596 55.61845 106
12.588823 55.61848 107
12.589085 55.61852 108
12.589311 55.618557 109
12.589513 55.618607 110
12.589785 55.618614 111
12.590045 55.618652 112
12.58992 55.618866 113
12.589698 55.618774 114
12.589451 55.61882 115
12.589251 55.61877 116
12.589015 55.618652 117
12.588696 55.618702 118
12.588521 55.618675 119
12.588274 55.618626 120
12.588079 55.618587 121
12.587827 55.618557 122
12.587737 55.618828 123
12.587928 55.618824 124
12.588166 55.618847 125
12.58838 55.618877 126
12.588624 55.618916 127
12.588953 55.618977 128
12.588491 55.618107 100
12.589218 55.618977 129
12.589404 55.619064 130
12.589617 55.61911 131
12.589817 55.619137 132
12.589752 55.619324 133
12.589552 55.619278 134
12.589307 55.619274 135
12.589012 55.619247 136
12.588822 55.619232 137
12.588627 55.61919 138
12.588342 55.61919 139
12.588172 55.61913 140
12.587909 55.618996 141
12.587712 55.61902 142
12.588216 55.617306 35
12.58873 55.617405 37
12.58891 55.617435 38
12.589224 55.61751 39
12.589462 55.617443 40
12.589766 55.617493 41
12.589915 55.617554 42
12.590797 55.618015 58
12.59062 55.617973 59
12.590424 55.617886 60
12.590169 55.61791 61
12.589859 55.617794 62
12.589613 55.617733 63
12.590289 55.617645 43
12.590483 55.617683 44
12.590762 55.617725 45
12.590991 55.617725 46
12.591304 55.617786 47
12.59147 55.617805 48
12.591755 55.617878 49
12.592005 55.617954 50
12.592212 55.618004 51
12.591969 55.618225 53
12.591726 55.618153 54
12.591556 55.618088 55
12.59127 55.61808 56
12.591126 55.617996 57
12.588022 55.617805 70
12.588325 55.61786 71
12.588575 55.61785 72
12.588735 55.6179 73
12.589053 55.61792 74
12.589217 55.617985 75
12.589487 55.618065 76
12.590231 55.618137 77
12.59048 55.61821 78
12.589363 55.61773 64
12.589128 55.617664 65
12.588887 55.61767 66
12.588601 55.61756 67
12.588408 55.61753 68
12.588158 55.61746 69
12.590695 55.61824 79
12.590931 55.6183 80
12.591154 55.618347 81
12.591468 55.61835 82
12.591709 55.618427 83
12.591949 55.61847 84
12.592219 55.618523 85
12.592208 55.618763 86
12.59192 55.618748 87
12.591716 55.61868 88
12.591441 55.61864 89
12.591194 55.618626 90
12.591005 55.61857 91
12.590786 55.618526 92
12.590568 55.61848 93
12.590327 55.61845 94
12.590112 55.618404 95
12.589357 55.618217 96
12.589169 55.61828 97
12.588889 55.618233 98
12.588648 55.618202 99
12.592232 55.618187 52
