12.641788 55.633743 2
12.642429 55.633896 3
12.641871 55.63361 4
12.642387 55.63355 5
12.641954 55.633472 6
12.642627 55.6336 7
12.642155 55.633144 8
12.642584 55.633255 9
12.642238 55.63301 10
12.642783 55.633293 11
12.642323 55.632874 12
12.642771 55.632954 13
12.642588 55.632442 14
12.642968 55.63299 15
12.642654 55.632336 16
12.643048 55.63252 17
12.642717 55.632236 18
12.643257 55.632557 19
12.642783 55.63213 20
12.643225 55.63222 21
12.642948 55.63186 22
12.643415 55.63226 23
12.643016 55.631752 24
12.643401 55.631927 25
12.643077 55.631657 26
12.643592 55.631966 27
12.643143 55.63155 28
12.643555 55.631626 29
12.643799 55.631676 31
12.642923 55.632698 32A
12.642942 55.632675 32B
12.642959 55.63266 32C
12.642978 55.63263 32D
12.642992 55.632607 32E
12.643112 55.632767 32F
12.643143 55.632744 32G
12.643175 55.63271 32H
12.643201 55.632683 32K
12.643232 55.632652 32L
12.587778 55.59683 3
