12.618496 55.627495 2
12.619005 55.627342 3
12.618427 55.627342 4
12.618369 55.626507 6
12.618449 55.62633 8
12.618905 55.62639 9
12.618424 55.626183 10
12.61886 55.62623 11
12.618372 55.62602 12
12.618372 55.625854 14
12.618853 55.625816 15
12.618359 55.62571 16
12.618917 55.625607 17
12.618403 55.62554 18
12.618827 55.62546 19
12.618288 55.62541 20
12.618776 55.625175 21
12.618317 55.62523 22
12.618866 55.62501 23
12.618285 55.625072 24
12.61889 55.62485 25
12.618349 55.624924 26A
12.618792 55.62467 27A
12.619056 55.62466 27B
12.61826 55.62469 28
12.618863 55.62442 29
12.618292 55.62452 30
12.618854 55.624245 31
12.618302 55.624367 32
12.618835 55.624077 33
12.618295 55.62421 34
12.618791 55.62376 35
12.618278 55.62409 36
12.618681 55.6236 37
12.618288 55.623913 38
12.618219 55.623768 40
12.618229 55.62361 42
12.618231 55.623264 44
12.588754 55.679386 1
