12.590017 55.61655 4
12.5904 55.616497 5
12.590031 55.6164 6
12.590433 55.61633 7
12.589996 55.616245 8
12.590472 55.616158 9
12.589994 55.61608 10
12.590522 55.616028 11
12.590131 55.61593 12
12.590649 55.61549 15
12.590245 55.615463 16
12.59068 55.6153 17
12.590284 55.61525 18
12.590791 55.61509 19
12.590331 55.615086 20
12.590907 55.614883 21
12.590387 55.614902 22
12.59087 55.61465 23
12.59041 55.61472 24
12.590939 55.6145 25
12.590436 55.614517 26
12.590414 55.61435 28
12.589945 55.61674 2
12.614479 55.66633 4
