12.58642 55.624077 1
12.585523 55.623016 10
12.585837 55.623283 11
12.5854 55.624126 19
12.585798 55.62356 13
12.585789 55.623684 14
12.585845 55.62381 15
12.586178 55.624104 16
12.585889 55.62412 17
12.585648 55.62384 20
12.585656 55.624096 18
12.585577 55.623753 21
12.585561 55.623577 22
12.585473 55.623447 23
12.58544 55.623306 24
12.585267 55.623013 25
12.585116 55.62304 26
12.584832 55.623123 27
12.584981 55.62335 28
12.584983 55.6235 29
12.586353 55.623642 3
12.584959 55.62363 30
12.584975 55.62378 31
12.584994 55.62389 32
12.585247 55.62417 33
12.584927 55.624233 34
12.584751 55.624252 35
12.584801 55.623917 36
12.584786 55.623795 37
12.58454 55.62366 38
12.584683 55.623486 39
12.586361 55.623463 4
12.584565 55.62335 40
12.584362 55.623096 42
12.584121 55.623116 43
12.583923 55.623135 44
12.584154 55.623425 45
12.584103 55.623585 46
12.584459 55.624252 50
12.584116 55.624287 51
12.584044 55.62369 47
12.584096 55.623875 48
12.584112 55.624 49
12.583893 55.62394 54
12.583637 55.623936 55
12.583833 55.6238 56
12.583844 55.623642 57
12.586318 55.623352 5
12.583871 55.624287 52
12.583654 55.624317 53
12.583803 55.623466 58
12.583606 55.62318 59
12.586285 55.62321 6
12.583342 55.624107 60
12.583163 55.623886 62
12.582868 55.62376 63
12.582881 55.623657 64
12.582899 55.623543 65
12.582906 55.623436 66
12.58293 55.623333 67
12.582951 55.62322 68
12.58264 55.62321 69
12.586263 55.622925 7
12.582627 55.623306 70
12.582595 55.62341 71
12.582577 55.623524 72
12.582563 55.623615 73
12.582554 55.62372 74
12.582329 55.62379 75
12.58233 55.623943 76
12.582326 55.624123 77
12.582594 55.624413 78
12.58198 55.624435 79
12.586001 55.622982 8
12.585701 55.622993 9
12.586354 55.62382 2
12.583334 55.624 61
12.581588 55.62391 97
12.581297 55.624077 93
12.580981 55.6231 88
12.581228 55.623486 90
12.581199 55.623886 92
12.582074 55.623386 85
12.581975 55.624336 80
12.582032 55.62385 83
12.58157 55.623764 98
12.582011 55.624046 82
12.581651 55.623295 101
12.580974 55.62327 89
12.584638 55.62307 41
12.582007 55.624172 81
12.582089 55.62359 84
12.58208 55.623154 86
12.5815 55.6245 96
12.581683 55.62313 87
12.581649 55.623592 99
12.581171 55.623676 91
12.581327 55.624203 94
12.581656 55.623478 100
12.581337 55.62434 95
12.59474 55.639347 24
