12.588839 55.62745 102
12.58915 55.62742 103
12.591173 55.62733 110
12.59141 55.627308 111
12.591799 55.6273 112
12.592051 55.62727 113
12.592305 55.62729 114
12.592246 55.62697 115
12.591988 55.627003 116
12.59169 55.62699 117
12.591433 55.627007 118
12.591137 55.627018 119
12.589428 55.627407 104
12.589693 55.62739 105
12.589973 55.62736 106
12.590318 55.62735 107
12.590641 55.627346 108
12.590817 55.62736 109
12.590881 55.62704 120
12.5905 55.627068 121
12.590264 55.62706 122
12.589918 55.62709 123
12.589639 55.627094 124
12.589413 55.627117 125
12.58911 55.627125 126
12.588779 55.627117 127
12.58853 55.62714 128
12.588285 55.627182 129
12.587992 55.627197 130
12.587697 55.62722 131
12.587637 55.62707 132
12.587878 55.627064 133
12.588161 55.627056 134
12.588435 55.627033 135
12.588704 55.62702 136
12.58909 55.627007 137
12.589343 55.627003 138
12.589654 55.626987 139
12.589912 55.626976 140
12.590221 55.626965 141
12.590541 55.62695 142
12.590895 55.626926 143
12.591175 55.626892 144
12.591364 55.626926 145
12.591657 55.626884 146
12.591969 55.626858 147
12.592218 55.62687 148
12.592289 55.626587 149
12.591966 55.62659 150
12.59162 55.626602 151
12.591404 55.626617 152
12.591128 55.6266 153
12.59083 55.62666 154
12.590465 55.62665 155
12.590184 55.626663 156
12.589882 55.626682 157
12.589566 55.626694 158
12.58933 55.626698 159
12.589006 55.62671 160
12.588754 55.62672 161
12.588443 55.626728 162
12.588163 55.62674 163
12.587936 55.626762 164
12.587572 55.626793 165
12.591855 55.628124 56
12.592147 55.628147 57
12.592383 55.62811 58
12.592147 55.62825 51
12.592451 55.62825 52
12.590992 55.628117 53
12.591308 55.628155 54
12.591639 55.62814 55
12.592065 55.62781 60
12.591808 55.62784 61
12.59235 55.627808 59
12.591561 55.627842 62
12.591241 55.62783 63
12.590947 55.62787 64
12.590704 55.627872 65
12.589771 55.62793 66
12.589502 55.62794 67
12.588248 55.627865 68
12.588628 55.627876 69
12.589481 55.627792 72
12.591803 55.627705 78
12.592082 55.627686 79
12.58895 55.627846 70
12.589183 55.627846 71
12.592344 55.62767 80
12.592314 55.627438 81
12.589732 55.627796 73
12.590614 55.627728 74
12.590955 55.627735 75
12.591244 55.62775 76
12.591507 55.627743 77
12.592054 55.6274 82
12.591706 55.627445 83
12.591442 55.627445 84
12.591273 55.627453 85
12.591012 55.62746 86
12.590578 55.62746 87
12.590295 55.627464 88
12.590302 55.627586 88A
12.590297 55.627724 88B
12.590221 55.62801 88C
12.589977 55.6275 89
12.589716 55.62752 90
12.589382 55.62753 91
12.589165 55.627502 92
12.58885 55.627552 93
12.588564 55.627544 94
12.58828 55.627567 95
12.587991 55.62758 96
12.5877 55.627613 97
12.587695 55.627483 98
12.587958 55.62748 99
12.587944 55.627834 68A
12.588249 55.627464 100
12.528043 55.64124 235
