12.589907 55.62432 10
12.589652 55.622803 100
12.589377 55.62282 101
12.589066 55.622807 102
12.58874 55.622826 103
12.588465 55.62286 104
12.588192 55.622856 105
12.5879 55.622883 106
12.587073 55.622776 110
12.587326 55.622787 111
12.587632 55.62277 112
12.587863 55.62274 113
12.587668 55.62289 107
12.587346 55.622894 108
12.587036 55.622906 109
12.590172 55.624313 11
12.588696 55.622726 116
12.589028 55.622707 117
12.589322 55.62265 118
12.588211 55.62273 114
12.588481 55.622723 115
12.589626 55.62265 119
12.590471 55.624294 12
12.589261 55.62244 120
12.589001 55.622414 121
12.588684 55.622425 122
12.588435 55.622437 123
12.588109 55.62243 124
12.587799 55.622463 125
12.587616 55.62247 126
12.587334 55.6225 127
12.586976 55.622505 128
12.58697 55.622375 129
12.590796 55.624268 13
12.587276 55.62236 130
12.587533 55.622356 131
12.58783 55.62232 132
12.588078 55.622314 133
12.588387 55.6223 134
12.588629 55.622307 135
12.588053 55.622063 136
12.587792 55.622066 137
12.587545 55.622063 138
12.587204 55.622074 139
12.591009 55.624252 14
12.58697 55.62209 140
12.586967 55.621937 141
12.587216 55.621944 142
12.587464 55.62192 143
12.587791 55.621933 144
12.587241 55.62168 145
12.586796 55.621677 146
12.586767 55.62158 147
12.590991 55.623978 15
12.590676 55.62399 16
12.590435 55.624 17
12.59013 55.62405 18
12.589867 55.62404 19
12.587585 55.6245 2
12.589481 55.62402 20
12.588652 55.62408 23
12.58894 55.624065 22
12.589241 55.624043 21
12.587781 55.624107 26
12.588391 55.624096 24
12.588114 55.62411 25
12.587523 55.62414 27
12.587227 55.62417 28
12.587206 55.62404 29
12.587842 55.624477 3
12.587559 55.624004 30
12.587791 55.62402 31
12.588064 55.623997 32
12.588361 55.623978 33
12.588625 55.62394 34
12.588913 55.62394 35
12.58921 55.623917 36
12.588358 55.623703 52
12.588044 55.623726 53
12.58947 55.623924 37
12.589864 55.62388 38
12.59011 55.623863 39
12.588151 55.624474 4
12.590358 55.623856 40
12.59068 55.623848 41
12.590907 55.62383 42
12.590911 55.623543 43
12.59068 55.623577 44
12.589409 55.623623 48
12.590346 55.62361 45
12.590085 55.623604 46
12.589743 55.62363 47
12.589153 55.62364 49
12.588414 55.624462 5
12.588871 55.623657 50
12.588617 55.62368 51
12.587738 55.623707 54
12.587513 55.6237 55
12.587211 55.623783 56
12.587196 55.623592 57
12.58749 55.623604 58
12.587717 55.623596 59
12.588679 55.624428 6
12.587981 55.6236 60
12.588297 55.623547 61
12.588588 55.62353 62
12.588852 55.623543 63
12.589191 55.623497 64
12.589404 55.62347 65
12.589748 55.623455 66
12.590061 55.623463 67
12.590347 55.623447 68
12.590664 55.623447 69
12.589002 55.624424 7
12.590863 55.623425 70
12.590612 55.623123 75
12.590305 55.623158 76
12.589983 55.623264 77A
12.589771 55.622993 77B
12.589152 55.623234 78
12.588883 55.62325 79
12.591349 55.62333 71
12.591748 55.623318 72
12.591189 55.623142 73
12.59091 55.623165 74
12.589254 55.624397 8
12.588521 55.62324 80
12.588244 55.623276 81
12.58792 55.62327 82
12.587644 55.623325 83
12.58734 55.623295 84
12.587108 55.623333 85
12.58709 55.623203 86
12.587367 55.623177 87
12.587615 55.62316 88
12.587926 55.623142 89
12.589564 55.624348 9
12.58824 55.623146 90
12.588505 55.62314 91
12.588765 55.623123 92
12.58909 55.62311 93
12.589986 55.623062 94
12.5903 55.62305 95
12.590556 55.62302 96
12.590808 55.623016 97
12.590227 55.622826 98
12.589984 55.622757 99
12.537226 55.644203 2
