12.618162 55.62265 4
12.6187 55.622513 5
12.618097 55.622517 6
12.618655 55.622375 7
12.618167 55.622383 8
12.618714 55.622246 9
12.618124 55.62225 10
12.618651 55.62211 11
12.618164 55.622112 12
12.618693 55.621975 13
12.618088 55.62198 14
12.618649 55.621838 15
12.618148 55.62184 16
12.618722 55.621704 17
12.618084 55.621708 18
12.618726 55.621502 19
12.618162 55.62149 20
12.618664 55.621323 21
12.618145 55.621338 22
12.618781 55.621174 23
12.618168 55.621174 24
12.618714 55.621017 25
12.618171 55.62103 26
12.618652 55.62087 27
12.618163 55.620872 28
12.618619 55.620735 29
12.618173 55.620716 30
12.627845 55.652004 1
