12.611384 55.613285 4
12.611021 55.613342 6A
12.611136 55.613075 6B
12.610811 55.61307 8
12.610334 55.61317 10A
12.610463 55.61309 10B
12.610001 55.613087 12A
12.610113 55.612907 12B
12.609887 55.6128 14A
12.609517 55.6133 14B
12.609213 55.613197 14C
12.609223 55.613304 14D
12.608985 55.613083 14E
12.608937 55.613186 14F
12.609257 55.612785 16
12.609026 55.612656 18
12.608725 55.6126 20
12.608299 55.612526 22A
12.608108 55.612488 22B
12.607811 55.612465 24
12.607518 55.612392 26A
12.607301 55.612347 26B
12.607013 55.6123 28A
12.606693 55.61224 28B
12.605673 55.612083 32
12.605447 55.612057 34
12.60522 55.61201 36
12.604933 55.612007 38
12.60468 55.611927 40
12.604443 55.61192 42
12.604205 55.611897 44
12.603937 55.611904 46
12.603741 55.611794 48
12.603459 55.61182 50
12.602281 55.611164 51
12.603279 55.61169 52
12.603021 55.611664 54
12.602825 55.611546 56
12.602532 55.61161 58
12.60233 55.61149 60
12.602039 55.611473 62
12.501813 55.667534 1
