12.606298 55.61767 2A
12.606103 55.617867 2B
12.605944 55.617695 4
12.606004 55.617252 5
12.605713 55.617565 6
12.605594 55.61724 7
12.60531 55.617535 8
12.605326 55.617195 9A
12.605095 55.617165 9B
12.605045 55.61748 10A
12.604835 55.617653 10B
12.604832 55.61707 11
12.604529 55.617035 13
12.604061 55.617 15A
12.60376 55.61694 15B
12.604013 55.617233 16
12.602866 55.6168 17
12.601503 55.616447 23
12.601215 55.61647 25
12.600969 55.616344 27
12.60056 55.616425 29
12.599923 55.616653 30
12.600905 55.616077 31
12.599681 55.616592 32
12.600555 55.616024 33
12.599385 55.61653 34
12.600341 55.61628 35
12.599163 55.61655 36
12.600029 55.61627 37
12.598853 55.61654 38
12.599816 55.6163 39
12.599487 55.616264 41
12.599233 55.616215 43
12.598993 55.616158 45
12.598729 55.616127 47
12.606333 55.617382 3
12.604637 55.617416 12A
12.604499 55.61765 12B
12.604278 55.617382 14A
12.604107 55.617702 14B
12.603197 55.616833 15C
12.601673 55.639416 1
