12.609312 55.615013 2A
12.609295 55.615143 2B
12.609177 55.615276 2C
12.608944 55.61538 2D
12.608774 55.615 4A
12.608593 55.61527 4B
12.608276 55.615147 4C
12.60846 55.614853 4D
12.608157 55.61476 6
12.608714 55.61456 7
12.607875 55.61473 8
12.608377 55.61445 9
12.607629 55.614655 10
12.60803 55.61447 11A
12.608266 55.614113 11B
12.607867 55.61411 13A
12.607762 55.61431 13B
12.607609 55.61398 13C
12.607336 55.61434 13D
12.607007 55.614555 14
12.607101 55.61428 15A
12.607318 55.613914 15B
12.606769 55.614506 16
12.606715 55.614212 17A
12.606914 55.613964 17B
12.60649 55.614414 18
12.60654 55.61392 19A
12.606299 55.6141 19B
12.606201 55.614365 20
12.605998 55.61397 21A
12.605579 55.61398 21B
12.605901 55.61436 22
12.605122 55.61386 23
12.604642 55.613777 25A
12.604771 55.613564 25B
12.60493 55.61333 25C
12.605036 55.613167 25D
12.604736 55.613068 27A
12.604528 55.61326 27B
12.60431 55.613655 27C
12.604356 55.613472 27D
12.604264 55.61432 28A
12.60445 55.614098 28B
12.603895 55.61364 29
12.603842 55.61412 30A
12.603933 55.614037 30B
12.60378 55.613976 30C
12.603309 55.613544 31
12.603489 55.613907 32
12.602989 55.613506 33
12.603236 55.613842 34A
12.602927 55.613884 34B
12.602664 55.613457 35
12.602647 55.613876 36
12.602259 55.61338 37
12.602452 55.613728 38A
12.602258 55.613625 38B
12.60192 55.613308 39
12.601949 55.613617 40A
12.601741 55.61355 40B
12.601437 55.613235 41
12.601368 55.613754 42A
12.601417 55.613487 42B
12.60101 55.613174 43
12.601091 55.61343 44
12.600726 55.61312 45
12.600908 55.613575 46A
12.600669 55.61347 46B
12.600789 55.613747 46C
12.60051 55.613888 46D
12.600408 55.6131 47
12.600331 55.61338 48
12.599981 55.61305 49
12.600026 55.613342 50
12.599418 55.612953 53
12.599203 55.613316 54
12.598954 55.61293 55
12.598924 55.61317 56
12.598648 55.612892 57
12.607263 55.61468 12A
12.60732 55.61494 12B
12.547988 55.68832 1
