12.611546 55.639393 2
12.611583 55.639397 3
12.61162 55.6394 4
12.611657 55.639404 5
12.611771 55.639423 6
12.611808 55.639427 7
12.611846 55.63943 8
12.611883 55.63944 9
12.611924 55.639442 10
12.612001 55.639454 11
12.61205 55.63944 12
12.61202 55.639412 13
12.612069 55.639397 14
12.612039 55.63937 15
12.612066 55.63931 16
12.612115 55.639294 17
12.612084 55.639267 18
12.612133 55.63925 19
12.612103 55.639225 20
12.612131 55.639164 21
12.61218 55.63915 22
12.61215 55.639122 23
12.612198 55.639107 24
12.612168 55.63908 25
12.612114 55.639027 26
12.612129 55.638996 27
12.612074 55.638992 28
12.612089 55.63896 29
12.612034 55.638954 30
12.611992 55.638813 31
12.611764 55.63871 32
12.611738 55.638683 33
12.611711 55.63866 34
12.611685 55.638634 35
12.611637 55.638577 36
12.611653 55.63854 37
12.611666 55.63851 38
12.611677 55.63848 39
12.61169 55.638454 40
12.611723 55.638382 41
12.611737 55.63835 42
12.611751 55.63832 43
12.611796 55.638252 44
12.61186 55.63823 45
12.611903 55.638214 46
12.611947 55.6382 47
12.61199 55.638184 48
12.61208 55.63815 49
12.612129 55.638157 50
12.612259 55.638172 51
12.574431 55.678787 1A
