12.64125 55.638348 1
12.640896 55.63824 2
12.640951 55.63815 4
12.64154 55.637924 5
12.641026 55.638023 6
12.641102 55.637894 8
12.64175 55.6374 9
12.641195 55.637737 10
12.642064 55.63735 11A
12.642845 55.637188 13
12.641187 55.637356 16
12.641508 55.63721 18
12.641595 55.637074 20A
12.641648 55.636997 20B
12.641479 55.63695 22
12.642363 55.6364 23
12.641834 55.63671 24A
12.641661 55.63671 24B
12.642514 55.636257 25
12.641973 55.63649 26
12.642617 55.636097 27
12.642022 55.63641 28
12.64287 55.635757 29
12.642941 55.635674 31
12.643877 55.63419 43
12.643943 55.634083 45
12.642918 55.634953 46
12.644077 55.633865 47
12.642993 55.634815 48
12.644293 55.633522 49
12.642927 55.63458 50
12.644357 55.63342 51
12.643374 55.634064 52
12.64444 55.633286 53
12.643461 55.633926 54
12.643542 55.633793 56
12.645009 55.632706 57
12.643747 55.63346 58
12.645133 55.63258 59
12.643829 55.633327 60
12.64518 55.632378 61
12.643915 55.63319 62
12.645391 55.632217 63
12.644183 55.632755 64
12.645456 55.63201 65
12.644248 55.632652 66
12.645632 55.63183 67
12.644313 55.63255 68
12.645827 55.631596 69
12.644378 55.632442 70
12.644543 55.63217 72
12.644609 55.632065 74
12.644671 55.631966 76
12.644735 55.631863 78
12.642309 55.634617 50A
12.642217 55.636642 21
12.64151 55.638126 3
12.64205 55.63691 17
12.642149 55.636765 19
12.641343 55.638237 1A
12.641975 55.63706 15
12.614367 55.660385 1
