12.628842 55.644238 201
12.628131 55.64414 202
12.628899 55.644115 203
12.629124 55.64401 205
12.629171 55.643906 207
12.628824 55.643684 208
12.629068 55.64353 210
12.629561 55.643127 214
12.629689 55.64304 216
12.631383 55.64285 221
12.631738 55.64241 223
12.630029 55.642853 226
12.630819 55.642273 230
12.630987 55.642143 232
12.631998 55.64209 233
12.632392 55.64184 235
12.63155 55.64172 236
12.631722 55.641636 238
12.631944 55.64148 240
12.632697 55.641403 243
12.632344 55.641094 244
12.632912 55.64125 245
12.633101 55.641163 247
12.632831 55.64063 248
12.633083 55.64052 250
12.633216 55.640408 252
12.6336 55.64076 253
12.633391 55.640278 254
12.634296 55.640427 255
12.633564 55.640133 256
12.634417 55.640293 257
12.633754 55.640026 258
12.633846 55.639935 260
12.633938 55.63983 262
12.634043 55.6397 264
12.634134 55.6396 266
12.634482 55.63903 270
12.636431 55.63792 289
12.635719 55.637314 292
12.635756 55.63719 294
12.635792 55.637074 296
12.635895 55.636726 298
12.635916 55.636658 300
12.635938 55.636604 302
12.635946 55.636562 304
12.635962 55.6365 306
12.635984 55.636433 308
12.636027 55.636284 310
12.636053 55.6362 312
12.636094 55.63606 314
12.636119 55.635975 316
12.636159 55.63584 318
12.636184 55.635757 320
12.636221 55.63563 322
12.636169 55.63552 324
12.636674 55.634598 326
12.636263 55.634357 328
12.635813 55.634354 330
12.635901 55.634254 332
12.636002 55.634136 334
12.636785 55.634155 338
12.636824 55.634075 340
12.63686 55.634 342
12.636993 55.633713 344
12.637032 55.633636 346
12.63707 55.633556 348
12.637201 55.633278 350
12.63724 55.633198 352
12.637279 55.633114 354
12.638306 55.63463 399
12.638175 55.63314 401B
12.638196 55.632984 403
12.638295 55.632816 405
12.638489 55.63268 407
12.638552 55.632515 409
12.63655 55.632084 410
12.638633 55.63233 411
12.637757 55.631927 412
12.638698 55.632187 413
12.63774 55.631664 414
12.63796 55.631504 416
12.638049 55.63129 418
12.630489 55.642494 228
12.634279 55.639297 268
