12.596583 55.613224 4
12.597279 55.613216 5
12.596707 55.61304 6
12.597275 55.613014 7
12.596729 55.612823 8
12.59714 55.612854 9
12.596626 55.612682 10
12.597283 55.612698 11
12.596769 55.612476 12
12.597424 55.61254 13
12.596781 55.612274 14
12.597211 55.61236 15
12.596753 55.612095 16
12.59729 55.612186 17
12.596787 55.6119 18
12.597252 55.61196 19
12.596694 55.611637 20
12.597298 55.611786 21
12.596752 55.611427 22
12.59725 55.61165 23
12.596838 55.611237 24
12.597384 55.611485 25
12.596886 55.61104 26
12.597376 55.61134 27
12.596901 55.61081 28
12.59744 55.611187 29
12.596925 55.610615 30
12.597522 55.611023 31
12.597549 55.61085 33
12.577218 55.662674 1
