12.621933 55.635937 1
12.622439 55.63592 2
12.622499 55.636257 4
12.621531 55.636684 5
12.622185 55.636345 6
12.622088 55.6365 8
12.621217 55.637302 9
12.622127 55.63665 10
12.621119 55.637505 11
12.621954 55.6368 12
12.621891 55.636936 14
12.620868 55.63801 15
12.621831 55.637074 16
12.620701 55.638157 17
12.621993 55.6373 18
12.620688 55.63837 19
12.621886 55.637383 20
12.621613 55.637493 22
12.620426 55.638866 23
12.620282 55.63911 25
12.621257 55.6381 26
12.620184 55.639256 27
12.620005 55.63939 29A
12.619677 55.639324 29B
12.621363 55.63881 30
12.620647 55.639313 34
12.620542 55.63949 36
12.5073 55.69377 3
