12.626948 55.61759 4
12.626899 55.617302 6
12.627505 55.617104 7
12.626908 55.617073 8
12.627419 55.6169 9
12.6269 55.616882 10
12.627533 55.616756 11
12.626927 55.61669 12
12.62756 55.616573 13
12.627036 55.616505 14
12.627716 55.616413 15
12.627117 55.616352 16
12.627615 55.6163 17
12.627213 55.61619 18
12.627771 55.616116 19
12.627313 55.616035 20
12.62785 55.616 21
12.627339 55.61589 22
12.627921 55.61582 23
12.627476 55.615715 24
12.628125 55.61569 25
12.627674 55.615322 26
12.628201 55.61546 27
12.627865 55.61506 28
12.628221 55.61533 29
12.628408 55.615196 31
12.575702 55.67884 1
