12.591258 55.6116 3
12.591305 55.611843 4
12.5911 55.611416 5
12.590961 55.61195 6
12.590818 55.61141 7
12.590735 55.611805 8
12.590539 55.611435 9
12.590515 55.611732 10
12.590228 55.61142 11
12.590255 55.611706 12
12.589989 55.61137 13
12.589993 55.61168 14
12.589735 55.611324 15
12.58968 55.611736 16
12.589512 55.61124 17
12.589465 55.611603 18
12.589246 55.611214 19
12.589189 55.611576 20
12.589003 55.6111 21
12.588961 55.611443 22
12.588687 55.61115 23
12.588668 55.61148 24
12.588423 55.611107 25
12.588372 55.611477 26
12.588186 55.61106 27
12.588161 55.611374 28
12.587932 55.61102 29
12.587901 55.61129 30
12.587643 55.610966 31
12.587594 55.611355 32
12.587416 55.610928 33
12.587456 55.61117 34
12.58719 55.610786 35
12.587104 55.611195 36
12.586894 55.610825 37
12.586847 55.611137 38
12.586663 55.610786 39
12.586633 55.61104 40
12.586374 55.610775 41
12.586269 55.611115 42
12.576805 55.67765 1
