12.674466 55.622257 18
12.674596 55.62124 24
12.676719 55.61497 40
12.676416 55.613586 42
12.657005 55.631363 1
12.657884 55.63174 3
12.65855 55.631916 3A
12.679903 55.625046 15
12.674356 55.62383 16A
12.673023 55.618755 32
12.677749 55.615677 38
12.672986 55.62388 16B
12.678 55.62693 13
12.674921 55.62347 16C
12.675706 55.6174 34
12.674739 55.620686 26
12.675062 55.620026 28
12.672606 55.62324 16D
12.674084 55.631138 15A
12.674362 55.623913 16
12.669921 55.62968 9
12.675406 55.619473 30
12.65806 55.63101 2
12.676606 55.626667 11
12.667997 55.630756 7
12.664472 55.632282 5
12.666821 55.63066 8
12.676274 55.62656 17
12.680084 55.611374 51
