12.625803 55.63656 3
12.626187 55.636616 4
12.625719 55.6367 5
12.626119 55.636715 6
12.625592 55.63685 7
12.626117 55.636845 8
12.625581 55.63694 9
12.625997 55.636925 10
12.625502 55.63706 11
12.625922 55.637074 12
12.625446 55.63718 13
12.625375 55.6373 15
12.625562 55.637695 16
12.625272 55.637463 17
12.625512 55.637794 18
12.625205 55.637577 19
12.625445 55.637905 20
12.625109 55.63769 21
12.625373 55.63803 22
12.625067 55.637817 23
12.62531 55.638126 24
12.624997 55.637936 25
12.624929 55.638058 27
12.624844 55.63824 29
12.510439 55.66763 1
