12.580733 55.59723 4
12.581233 55.597244 5
12.580502 55.597054 6
12.581135 55.59709 7
12.580235 55.596992 8
12.581318 55.596905 9
12.57995 55.59694 10
12.581092 55.596794 11
12.579632 55.596962 12
12.580755 55.59684 13
12.57933 55.59686 14
12.580322 55.59677 15
12.57907 55.596832 16
12.580088 55.59672 17
12.57875 55.596806 18
12.579816 55.59668 19
12.578506 55.596714 20
12.579585 55.59656 21
12.578159 55.59666 22
12.579349 55.596596 23
12.57786 55.596584 24
12.579099 55.596405 25
12.577494 55.5966 26
12.578861 55.5965 27
12.577211 55.596485 28
12.578574 55.596474 29
12.576915 55.596436 30
12.578326 55.596436 31
12.578047 55.59637 33
12.577795 55.596336 35
12.577502 55.596287 37
12.577275 55.596256 39
12.576968 55.596203 41
12.633475 55.656384 3
