12.590277 55.62236 232
12.587716 55.621452 238
12.625042 55.622864 3
12.62492 55.623165 4
12.624739 55.622868 5
12.624422 55.62287 7
12.624263 55.62318 8A
12.624269 55.62333 8B
12.624273 55.623447 10
12.623934 55.623592 12
12.623838 55.623356 14
12.623553 55.623222 16
12.623242 55.623226 18
12.623811 55.62288 19
12.623028 55.62361 20
12.623687 55.62285 21
12.622831 55.623363 22
12.623597 55.62288 23
12.622562 55.623302 24
12.623503 55.622852 25
12.622293 55.62323 26
12.623417 55.622883 27
12.622124 55.623234 28
12.623327 55.622856 29
12.62191 55.623135 30
12.621705 55.62316 30A
12.621707 55.623215 30B
12.621686 55.623306 30C
12.621688 55.62337 30D
12.62172 55.623463 30E
12.621722 55.623524 30F
12.621696 55.623615 30G
12.621698 55.62367 30H
12.623237 55.62289 31
12.623147 55.622856 33
12.621199 55.62331 34
12.623046 55.62289 35
12.619987 55.62327 36
12.622975 55.622864 37
12.622863 55.622894 39
12.622788 55.622868 41
12.622709 55.622902 43
12.6226 55.622875 45
12.62252 55.622902 47
12.622421 55.62287 49
12.622338 55.62291 51
12.622259 55.622875 53
12.622147 55.62291 55
12.617945 55.623215 56
12.622076 55.622883 57
12.617436 55.6241 58A
12.621978 55.622913 59
12.621892 55.622887 61
12.615889 55.623745 62
12.621814 55.622917 63
12.621704 55.622887 65
12.613625 55.62403 66
12.621119 55.62293 69
12.620813 55.622887 71
12.620405 55.622875 73
12.620131 55.62287 75
12.61953 55.622917 77
12.619275 55.622917 79
12.618999 55.622917 81
12.618654 55.62293 83
12.618185 55.622932 85
12.617886 55.62293 87
12.61588 55.622944 97
12.6152 55.622925 97A
12.615553 55.622417 97B
12.616224 55.62271 97C
12.611063 55.623875 98
12.610438 55.62401 100
12.61477 55.62278 101
12.60883 55.62343 102
12.608551 55.62343 104
12.614111 55.622833 107
12.607802 55.623493 108
12.607556 55.623444 110
12.607295 55.6235 112
12.607079 55.623425 114
12.606494 55.623417 116
12.606009 55.62347 118
12.605685 55.623505 120
12.605391 55.62346 122
12.603704 55.623558 124
12.610712 55.623013 125
12.603451 55.62343 128
12.603159 55.623455 130
12.60279 55.623444 132
12.609662 55.62293 133
12.602459 55.623577 134
12.602166 55.62348 136
12.60899 55.622982 137
12.601864 55.62348 138
12.608725 55.62304 139
12.601557 55.623486 140
12.608442 55.62305 141
12.601212 55.62345 142
12.600886 55.623447 144
12.607315 55.62304 147
12.605778 55.6231 155
12.604948 55.62311 157
12.603661 55.62301 159
12.602738 55.62289 167
12.601845 55.623104 169
12.601517 55.623116 171
12.601241 55.62312 173
12.600776 55.62315 175
12.586781 55.620808 243
12.624479 55.6233 6B
12.624498 55.6234 6C
12.617147 55.62347 60B
12.611338 55.62375 100T
12.606377 55.62265 151
12.606408 55.62299 153
12.589786 55.622227 234
12.624585 55.623165 6A
12.588535 55.62139 235
12.621376 55.62286 67
12.603185 55.623104 161
12.615043 55.623745 64
12.607051 55.62311 149
12.617481 55.62382 60A
12.602506 55.622578 167A
12.617447 55.622967 89
12.673214 55.59525 3
