12.591041 55.613613 4
12.590802 55.613125 5
12.590786 55.613518 6
12.590505 55.613125 7
12.59059 55.61343 8
12.590218 55.6131 9
12.590318 55.613384 10
12.590005 55.613056 11
12.589996 55.61332 12
12.589772 55.612995 13
12.589789 55.613274 14
12.589503 55.61297 15
12.589529 55.61321 16
12.589226 55.61292 17
12.589253 55.613167 18
12.588975 55.612877 19
12.588957 55.613235 20
12.58869 55.61283 21
12.588677 55.61313 22
12.588447 55.612778 23
12.588433 55.61312 24
12.588206 55.612717 25
12.588181 55.613052 26
12.587876 55.612682 27
12.587871 55.613083 28
12.587583 55.612663 29
12.587679 55.612938 30
12.587379 55.6126 31
12.587387 55.6129 32
12.587187 55.612442 33
12.587107 55.612885 34
12.586912 55.612446 35
12.586871 55.6128 36
12.586667 55.612396 37
12.586637 55.612724 38
12.513372 55.667187 5
12.626703 55.63569 2
