12.634324 55.643803 14
12.634561 55.644367 15
12.634202 55.643784 16
12.6347 55.644222 17
12.634052 55.643753 18
12.634039 55.64366 20
12.635067 55.643883 21
12.63488 55.643177 22
12.635052 55.642956 24
12.63567 55.641945 36
12.635755 55.64183 38
12.635955 55.642414 39
12.63584 55.64172 40
12.635925 55.641605 42
12.636009 55.641495 44
12.636617 55.640892 48
12.636712 55.64074 50
12.636805 55.640587 52
12.636903 55.640343 54
12.636997 55.640186 56
12.637161 55.64013 58
12.63725 55.639984 60
12.637407 55.639946 62
12.637507 55.639782 64
12.637658 55.639748 66
12.637749 55.6396 68
12.637856 55.639538 70
12.637944 55.639397 72
12.638038 55.639244 74
12.638005 55.63918 76
12.63811 55.639008 78
12.638793 55.638817 79A
12.638788 55.638855 79B
12.638872 55.638866 79C
12.638954 55.638878 79D
12.638001 55.638935 80
12.638868 55.638645 81
12.638112 55.638756 82
12.63803 55.6387 84
12.642104 55.636143 85
12.638146 55.63851 86
12.641868 55.636097 87
12.638131 55.638336 88
12.641647 55.63605 89
12.638183 55.638233 90
12.641444 55.636013 91
12.641276 55.63598 93
12.641079 55.63594 95
12.640758 55.63596 97
12.640529 55.635914 99
12.64039 55.635887 101
12.640251 55.63586 103
12.639942 55.635796 105
12.63886 55.63685 108
12.638931 55.636726 110
12.63902 55.636566 112
12.639209 55.636223 114
12.639305 55.63605 116
12.637874 55.635532 118
12.638042 55.635567 120
12.638211 55.635597 122
12.638379 55.63563 124
12.638828 55.63564 126
12.639034 55.63568 128
12.639257 55.635727 130
12.63945 55.635765 132
12.634966 55.64242 26
12.639405 55.638954 79E
12.635812 55.64266 35
12.634905 55.644047 19
12.606176 55.67563 135A
