12.581551 55.618755 2
12.582427 55.618645 3
12.58188 55.618484 4A
12.581818 55.61852 4B
12.582798 55.618034 7A
12.582598 55.618034 7B
12.582187 55.617874 8
12.582901 55.617916 9
12.582267 55.617676 10
12.582702 55.617706 11
12.582349 55.6175 12
12.582901 55.617584 13
12.581952 55.617344 14
12.582808 55.617413 15
12.581988 55.617046 16A
12.58246 55.61711 16B
12.583157 55.617275 17
12.582033 55.616875 18
12.582949 55.61701 19
12.582436 55.61687 20
12.582525 55.616665 22
12.582978 55.616356 23
12.582444 55.616478 24
12.582808 55.61616 25
12.58226 55.616352 26
12.582747 55.615906 27
12.582335 55.61615 28
12.582317 55.61599 30
12.582313 55.615814 32
12.582763 55.61508 33
12.582273 55.61566 34
12.582783 55.614895 35
12.582338 55.61492 36B
12.582728 55.61472 37
12.582305 55.61466 38
12.582898 55.614483 39
12.582293 55.614456 40
12.582612 55.614346 41
12.534373 55.681946 1
