12.646817 55.63467 3
12.647212 55.634583 5
12.646508 55.634483 6
12.647081 55.63442 7
12.646582 55.634357 8A
12.646621 55.63429 8B
12.646647 55.63424 10A
12.646679 55.63418 10B
12.647253 55.634117 11
12.64683 55.63403 12A
12.646864 55.63397 12B
12.64744 55.633945 13A
12.647626 55.63372 13B
12.646895 55.633915 14A
12.646927 55.633858 14B
12.647114 55.63375 16
12.648207 55.633247 17
12.648091 55.633083 19
12.647595 55.63318 20
12.648164 55.632927 21
12.647724 55.63275 22
12.648224 55.632767 23
12.647806 55.63261 24
12.648278 55.632557 25
12.64782 55.63248 26
12.648307 55.63239 27
12.647843 55.63228 28
12.64832 55.632202 29
12.648286 55.63202 31
12.647797 55.631744 32
12.648298 55.631878 33
12.647793 55.632942 45
12.648269 55.631725 35
12.647358 55.634068 11A
12.578511 55.699444 2
