12.599732 55.621895 3A
12.59943 55.62183 3B
12.599241 55.622265 4
12.599144 55.621826 5
12.598936 55.62178 7
12.598637 55.621788 9
12.598347 55.62201 10
12.598451 55.621746 11
12.598053 55.62198 12
12.598142 55.62171 13
12.597815 55.621998 14A
12.59787 55.621655 15
12.597145 55.62183 16
12.596717 55.621384 17
12.596842 55.62176 18
12.59399 55.62087 19
12.596515 55.621716 20
12.596161 55.621662 22
12.595935 55.621655 24
12.595613 55.62163 26
12.595307 55.62161 28
12.594992 55.62149 30
12.594653 55.62152 32
12.594328 55.62147 34
12.594111 55.621365 36
12.593743 55.621376 38
12.593505 55.621296 40
12.593178 55.621304 42
12.59285 55.62128 44
12.592552 55.621197 46
12.557727 55.698128 2
