12.59199 55.62405 100
12.593418 55.63057 3
12.593379 55.63036 5
12.593229 55.629913 9
12.593196 55.62779 23
12.593129 55.627586 25
12.593127 55.62739 27
12.593743 55.62687 29
12.592965 55.625988 45
12.592776 55.624752 57
12.593063 55.624084 61
12.592481 55.623524 71
12.592552 55.6222 87
12.592574 55.622032 89
12.592525 55.62156 93
12.591648 55.622604 102
12.591256 55.62244 106
12.591983 55.621475 112
12.592006 55.62111 114
12.592619 55.61978 115
12.591902 55.62086 116
12.592693 55.619602 117
12.592026 55.62069 118
12.592055 55.620518 120
12.592773 55.618958 123
12.591905 55.619934 124
12.592888 55.6188 125
12.591617 55.619873 126
12.592788 55.61865 127
12.592035 55.61971 128
12.592093 55.61949 130
12.592861 55.61798 133
12.592241 55.619003 134
12.59298 55.617794 135
12.592933 55.616955 141
12.592956 55.61679 143
12.59305 55.616627 145
12.593065 55.616447 147
12.593088 55.6163 149
12.593134 55.616123 151
12.593173 55.615395 157
12.592407 55.61743 158
12.593136 55.615177 159
12.592434 55.61713 160
12.593127 55.61497 161
12.592393 55.61699 162
12.593126 55.614796 163
12.59245 55.61681 164
12.59244 55.616627 166
12.593262 55.614105 167
12.592451 55.616493 168
12.593317 55.61374 169
12.592328 55.616314 170
12.593341 55.613445 171
12.593427 55.61315 173
12.592516 55.615704 174
12.592544 55.615444 176
12.592572 55.615253 178
12.592579 55.614952 180
12.593602 55.612896 181
12.592449 55.61473 182
12.593538 55.612717 183
12.593647 55.612537 185
12.593634 55.612392 187
12.593756 55.612217 189
12.592701 55.61418 190
12.593716 55.61205 191
12.592663 55.614044 192
12.593821 55.61188 193
12.592756 55.613895 194
12.593697 55.61172 195
12.592739 55.613747 196
12.593683 55.611526 197
12.592593 55.61357 198
12.593937 55.611336 199
12.592678 55.6134 200
12.593663 55.61116 201
12.59277 55.61328 202
12.593825 55.610977 203
12.592824 55.613132 204
12.593788 55.610783 205
12.592846 55.612965 206
12.59386 55.61061 207
12.592873 55.612827 208
12.59379 55.610424 209A
12.593959 55.610237 209B
12.592895 55.612663 210
12.592933 55.612522 212
12.592945 55.61237 214
12.592978 55.612175 216A
12.593 55.61201 216B
12.593023 55.611843 216C
12.593047 55.61168 216D
12.593096 55.611504 218
12.592889 55.611263 220
12.59309 55.611187 222
12.593113 55.61101 224
12.59315 55.610817 226
12.593163 55.610638 228
12.59313 55.610363 230
12.593215 55.610218 232
12.593179 55.610065 234
12.593277 55.609924 236
12.59267 55.609783 238
12.592305 55.609768 240
12.592053 55.609688 242
12.591683 55.6097 244
12.591472 55.609566 246
12.58447 55.608025 247
12.591162 55.609516 248
12.584968 55.608105 249
12.590808 55.609562 250
12.590543 55.6095 252
12.590222 55.609364 254
12.589922 55.60928 256
12.58958 55.609318 258
12.589303 55.60924 260
12.588989 55.6092 262
12.588704 55.60907 264
12.588397 55.609116 266
12.588035 55.609108 268
12.592566 55.619686 115T
12.593144 55.625305 51
12.594999 55.625538 51B
12.593034 55.626 45A
12.593427 55.626038 45E
12.59524 55.626354 47
12.592921 55.62557 49
12.592871 55.6245 59
12.531171 55.66549 2
