12.62372 55.63613 2
12.623218 55.6363 3
12.62367 55.636215 4
12.623179 55.63638 5
12.623589 55.636387 6
12.623112 55.6365 7
12.623573 55.636497 8
12.623044 55.63664 9
12.623486 55.63657 10
12.622989 55.63674 11
12.623434 55.636726 12
12.622903 55.636898 13
12.623351 55.636845 14
12.62284 55.637016 15
12.623302 55.636925 16
12.622779 55.63714 17
12.623231 55.637077 18
12.622736 55.637238 19
12.623203 55.6372 20
12.622654 55.63738 21
12.623111 55.63732 22
12.622593 55.6375 23
12.623047 55.637444 24
12.622532 55.63762 25
12.622987 55.637547 26
12.622472 55.637745 27
12.622946 55.637695 28
12.622822 55.637867 30
12.572677 55.67126 3
