12.590588 55.616833 7
12.589407 55.616634 11
12.588576 55.616486 13
12.588304 55.61594 15
12.587956 55.616657 32
12.587581 55.616577 34
12.587264 55.61653 36
12.586958 55.616173 37
12.58672 55.616493 38
12.586106 55.61611 39
12.586383 55.616398 40
12.585839 55.61602 41
12.584876 55.616135 44
12.584429 55.615753 45
12.584588 55.616165 46
12.584203 55.616108 48
12.583584 55.615612 49
12.583944 55.61608 50
12.583314 55.615585 51
12.583664 55.61599 52
12.582873 55.61538 53
12.583229 55.616077 54
12.582225 55.615177 55
12.582786 55.615692 56
12.582018 55.614967 57
12.582232 55.615486 58
12.581617 55.61504 59
12.580938 55.61492 61
12.581828 55.61538 62
12.580524 55.614853 63
12.580279 55.61481 65
12.580749 55.615177 66
12.579983 55.614773 67
12.580444 55.615116 68
12.579709 55.614727 69
12.580203 55.615147 70
12.57996 55.615013 72
12.58991 55.618004 16
