12.627012 55.636894 5
12.627468 55.636932 6
12.626905 55.63702 7
12.627348 55.63704 8
12.62686 55.63711 9
12.627386 55.637177 10
12.626818 55.637238 11
12.627341 55.637302 12
12.626487 55.637714 15
12.627149 55.637512 16
12.626456 55.63786 17
12.627065 55.637684 18
12.62642 55.637936 19
12.626957 55.63785 20
12.626357 55.63805 21
12.626836 55.637997 22
12.626264 55.6382 23
12.626951 55.638153 24
12.626108 55.638477 27
12.626658 55.638313 28
12.627146 55.636612 1
12.626226 55.638275 25
12.62677 55.638206 26
