12.601018 55.63539 2
12.601078 55.635773 3
12.60139 55.635445 4
12.600992 55.636074 5
12.601235 55.63608 7
12.601137 55.636387 9
12.601789 55.635487 10
12.600915 55.636375 11
12.602273 55.63557 12
12.602064 55.63651 13
12.602577 55.63552 14
12.601801 55.6365 15
12.60275 55.63563 16
12.602176 55.63621 17
12.601931 55.636204 19
12.603698 55.63577 20
12.602296 55.635914 21
12.604297 55.635845 22
12.602039 55.635906 23
12.605108 55.635967 24
12.606783 55.63615 30
12.606896 55.636166 32
12.607009 55.636185 34
12.607104 55.636158 36
12.607224 55.63621 38
12.607333 55.63623 40
12.607748 55.636288 42
12.608563 55.637177 43
12.607859 55.636303 44
12.607972 55.636284 46
12.608072 55.6363 48
12.608184 55.636353 50A
12.60831 55.636345 50B
12.609813 55.63645 52
12.609876 55.636314 54
12.609969 55.63619 56
12.610061 55.636066 58
12.610294 55.63597 60
12.61065 55.636143 62
12.61059 55.636272 64
12.610494 55.636406 66
12.610401 55.636536 68
12.61016 55.636677 70
12.610007 55.636654 72
12.613406 55.637478 73
12.611286 55.636665 74
12.614012 55.637444 75
12.611387 55.63654 76
12.61145 55.636402 78
12.611545 55.636276 80
12.611751 55.636185 82
12.612131 55.63636 84
12.616413 55.63789 85
12.612033 55.636494 86
12.616725 55.6379 87
12.611974 55.63662 88
12.616769 55.63828 89
12.61188 55.63675 90
12.616933 55.638294 91
12.611477 55.63687 92
12.617088 55.638016 93
12.611636 55.63689 94
12.61737 55.63806 95
12.612779 55.63688 96
12.612872 55.636753 98
12.612967 55.636623 100
12.613029 55.63649 102
12.613232 55.636402 104
12.61361 55.636578 106
12.613516 55.636707 108
12.613422 55.636833 110
12.613363 55.636967 112
12.61295 55.637085 114
12.613078 55.637104 116
12.614252 55.637096 118
12.614356 55.636967 120
12.614412 55.63684 122
12.614508 55.636707 124
12.614805 55.63663 126
12.615093 55.636795 128
12.614998 55.636925 130
12.614938 55.637054 132
12.614843 55.637184 134
12.614454 55.637306 136
12.614596 55.637325 138
12.615741 55.637318 140
12.615801 55.637188 142
12.615898 55.637054 144
12.615993 55.63693 146
12.616226 55.63684 148
12.616574 55.63701 150
12.616514 55.637142 152
12.616419 55.637268 154
12.616296 55.637463 156
12.615939 55.637524 158
12.616063 55.63754 160
12.617123 55.63766 162
12.608173 55.637352 45
12.552918 55.685234 1
