12.597523 55.61496 3
12.597285 55.615192 4
12.597229 55.614925 5
12.596698 55.615143 6
12.596718 55.614876 7
12.596209 55.61511 8
12.59643 55.61485 9
12.595518 55.614952 10
12.596097 55.614815 11
12.59536 55.61471 15
12.594382 55.614594 21
12.58881 55.6141 24
12.593436 55.614494 25A
12.593175 55.614456 25B
12.592646 55.614365 27
12.591942 55.614254 29
12.587569 55.613815 30
12.591196 55.614075 31
12.587242 55.613842 32
12.590938 55.614044 33
12.590676 55.614014 35
12.590413 55.613968 37
12.586236 55.613594 38
12.590132 55.6139 39
12.585959 55.61352 40
12.589929 55.613865 41
12.589622 55.613827 43
12.589388 55.613773 45
12.589138 55.613728 47
12.58889 55.613598 49
12.588569 55.613647 51
12.58831 55.613594 53
12.581243 55.612732 54
12.588055 55.613544 55
12.581 55.612686 56
12.5878 55.61351 57
12.580634 55.61275 58
12.587504 55.613453 59
12.580462 55.612564 60
12.587261 55.61333 61
12.580135 55.612633 62
12.586974 55.613373 63
12.579854 55.612503 64
12.586732 55.61333 65
12.579588 55.61247 66
12.586523 55.613197 67
12.586024 55.613194 69
12.585752 55.613144 71
12.585364 55.613068 73
12.584663 55.612972 75
12.584103 55.61281 77
12.583821 55.61281 79
12.583548 55.61276 81
12.583279 55.612736 83
12.583049 55.612667 85
12.582502 55.6126 87
12.582033 55.61248 89
12.581725 55.612408 91
12.58099 55.612267 95
12.58068 55.61226 97
12.579904 55.612103 99
12.579623 55.612076 101
12.579379 55.612015 103
12.579088 55.611954 105
12.595108 55.61465 17
12.66546 55.606483 1
