12.641127 55.637592 2
12.640485 55.6371 3
12.64091 55.637554 4
12.640547 55.63698 5
12.640596 55.6375 6
12.640617 55.63684 7
12.640392 55.637466 8
12.6401 55.637173 9
12.639913 55.637142 11
12.639685 55.6371 13
12.639476 55.636944 15
12.639544 55.63682 17
12.639627 55.636677 19
12.638436 55.636887 21
12.638271 55.636856 23
12.63811 55.63683 25
12.63787 55.636658 27
12.637945 55.636524 29
12.638024 55.636387 31
12.637438 55.63671 33
12.637277 55.636684 35
12.637093 55.63665 37
12.636591 55.63657 53
12.501966 55.67294 1
