12.610695 55.639156 2
12.610751 55.639194 3
12.610834 55.639175 4
12.610879 55.639214 5
12.611004 55.6392 6
12.61099 55.63923 7
12.611121 55.63923 8
12.611175 55.63924 9
12.611208 55.63917 10
12.611234 55.639114 11
12.611257 55.639065 12
12.611203 55.639053 13
12.611278 55.639008 14
12.611244 55.638966 15
12.611315 55.638935 16
12.611281 55.638885 17
12.611319 55.638824 18
12.611225 55.6388 19
12.611234 55.63875 20
12.611144 55.638702 21
12.611068 55.63873 22
12.610998 55.638683 23
12.610901 55.638706 24
12.610819 55.63866 25
12.610653 55.638638 26
12.610573 55.638657 27
12.610499 55.63862 28
12.610407 55.638634 29
12.61033 55.638596 30
12.610212 55.63861 31
12.610171 55.638657 32
12.610072 55.638653 33
12.610015 55.638687 34
12.610044 55.63875 35
12.60999 55.63874 36
12.609969 55.63879 37
12.609993 55.63885 38
12.609926 55.638893 39
12.609947 55.63895 40
12.609883 55.638992 41
12.609853 55.63906 42
12.609918 55.63907 43
12.610023 55.6391 44
12.610037 55.63907 45
12.610145 55.639114 46
12.610222 55.639095 47
12.610278 55.639133 48
12.610357 55.639114 49
12.6104 55.63915 50
12.610591 55.638912 51
12.594422 55.642124 1
