12.635623 55.63516 3
12.635994 55.635403 4
12.635448 55.635147 5
12.635046 55.634537 7
12.635071 55.635376 8
12.634959 55.63472 9
12.634782 55.63538 10
12.63485 55.634895 11
12.634521 55.635353 12
12.63444 55.635017 13
12.634191 55.63526 14
12.634265 55.63499 15
12.633981 55.63526 16
12.634294 55.63449 17
12.633714 55.635162 18
12.634169 55.634644 19
12.633392 55.63515 20
12.634027 55.634792 21
12.633128 55.635136 22
12.633604 55.634895 23
12.632878 55.63506 24
12.633431 55.63487 25
12.633664 55.634262 27
12.631915 55.63488 28
12.633578 55.634354 29
12.63161 55.634834 30
12.63346 55.63444 31
12.630703 55.63625 32
12.633346 55.634544 33
12.63076 55.636078 34
12.633233 55.634617 35
12.630835 55.63595 36
12.633088 55.63473 37
12.630886 55.635796 38
12.632714 55.634766 39
12.630966 55.635654 40
12.632542 55.63474 41
12.631015 55.635506 42
12.633164 55.633923 43
12.631095 55.63536 44
12.632982 55.634068 45
12.631143 55.635216 46
12.63281 55.634193 47
12.631223 55.635075 48
12.632618 55.63432 49
12.631274 55.63492 50
12.632403 55.63445 51
12.629375 55.63608 52
12.632188 55.63456 53
12.629435 55.63592 54
12.631765 55.634624 55
12.629517 55.63578 56
12.631596 55.6346 57
12.62958 55.635612 58
12.633046 55.633266 59
12.629658 55.63549 60
12.632895 55.6334 61
12.629715 55.635334 62
12.632703 55.633553 63
12.629804 55.63518 64
12.632494 55.6337 65
12.629849 55.63506 66
12.632266 55.633842 67
12.629934 55.63491 68
12.632023 55.633972 69
12.629985 55.63477 70
12.629708 55.63456 72
12.6294 55.634518 74
12.62848 55.63595 76
12.628535 55.635788 78
12.628609 55.63566 80
12.624812 55.63365 81
12.628658 55.635517 82
12.624301 55.633606 83
12.628743 55.63536 84
12.624058 55.6336 85
12.62879 55.635223 86
12.62352 55.63354 87
12.628874 55.63507 88
12.628919 55.63494 90
12.622839 55.633488 91
12.629011 55.63476 92
12.622424 55.633453 93
12.629058 55.634624 94
12.622196 55.6334 95
12.628753 55.63443 96
12.621857 55.63341 97
12.628491 55.634396 98
12.621579 55.63338 99
12.627583 55.635822 100
12.621281 55.633358 101
12.627629 55.635677 102
12.62771 55.635517 104
12.62775 55.635387 106
12.627831 55.63524 108
12.627871 55.63511 110
12.627959 55.634933 112
12.628005 55.63479 114
12.628082 55.634644 116
12.628132 55.634483 118
12.622983 55.633797 126
12.622644 55.633755 128
12.621452 55.63368 134
12.635146 55.635075 5A
