12.593516 55.631268 3
12.593366 55.631428 5
12.594064 55.631695 6
12.593408 55.631657 7
12.593581 55.631886 9
12.593622 55.63205 11
12.594179 55.632374 12
12.593645 55.632317 13
12.594157 55.63254 14
12.593611 55.632504 15
12.594241 55.632748 16
12.593702 55.63269 17
12.594224 55.63291 18
12.593616 55.632927 19
12.594262 55.63311 20
12.593632 55.633144 21
12.594305 55.633385 22
12.593794 55.63333 23
12.593728 55.633488 25
12.593834 55.63365 27
12.5942 55.634174 28
12.593744 55.633827 29
12.594083 55.634537 30
12.593716 55.63398 31
12.59411 55.6347 32
12.593717 55.634148 33
12.594028 55.63486 34
12.593635 55.63464 37
12.593557 55.63492 39
12.593482 55.635082 41
12.593329 55.635258 43
12.594111 55.631985 10
12.603907 55.65804 1
