12.635151 55.6377 2
12.634441 55.637905 3
12.634346 55.638042 5
12.634268 55.638153 7
12.634175 55.638287 9
12.634094 55.6384 11
12.633767 55.638863 12
12.633742 55.63847 13
12.632945 55.63868 14
12.633478 55.63841 15
12.632098 55.638535 16
12.633501 55.637672 17
12.631154 55.63847 18
12.633428 55.637802 19
12.631119 55.638607 20
12.633354 55.637936 21
12.631079 55.63877 22
12.633278 55.638073 23
12.631044 55.63891 24
12.6332 55.638214 25
12.631009 55.63905 26
12.632819 55.638287 27
12.630748 55.63916 28
12.632601 55.63826 29
12.630399 55.63915 30
12.632505 55.637512 31
12.630069 55.63914 32
12.632457 55.637634 33
12.629834 55.638374 34
12.632411 55.63775 35
12.629822 55.6385 36
12.63236 55.637875 37
12.629807 55.638645 38
12.632308 55.638004 39
12.629795 55.638763 40
12.632264 55.638115 41
12.629781 55.6389 42
12.631953 55.638184 43
12.629771 55.639004 44
12.631637 55.638157 45
12.629555 55.639126 46
12.631491 55.63739 47
12.62919 55.639133 48
12.631462 55.637505 49
12.628847 55.63914 50
12.631431 55.637623 51
12.631395 55.637764 53
12.631362 55.637894 55
12.63133 55.638016 57
12.631057 55.63812 59
12.630718 55.638103 61
12.630486 55.637234 63
12.630462 55.637375 65
12.630434 55.637543 67
12.630408 55.637695 69
12.63038 55.637863 71
12.630359 55.63799 73
12.630114 55.63808 75
12.629788 55.63808 77
12.629465 55.63808 79
12.629535 55.63734 81
12.629575 55.63714 83
12.634337 55.638702 10
12.634916 55.637897 4
12.63473 55.63819 6
12.634552 55.638435 8
12.541327 55.69096 1
