12.621885 55.639713 2
12.621146 55.63971 3
12.622152 55.639793 4
12.621476 55.63991 5
12.622452 55.63987 6
12.621679 55.640057 7
12.622659 55.63993 8A
12.623036 55.640038 8B
12.621959 55.640114 9
12.623553 55.640156 10A
12.624142 55.640285 10B
12.622289 55.64018 11
12.624414 55.640358 12
12.62265 55.640186 13
12.624715 55.640423 14
12.623807 55.640503 15
12.624978 55.640434 16A
12.625093 55.640457 16B
12.62411 55.640556 17
12.625338 55.64051 18
12.624303 55.640682 19
12.625647 55.64055 20
12.624648 55.6407 21
12.625898 55.64067 22
12.624936 55.640785 23
12.626248 55.64074 24
12.625282 55.640812 25
12.625562 55.640854 27
12.625827 55.640953 29
12.626185 55.64097 31
12.527755 55.703037 11
