12.613407 55.623013 1
12.612891 55.623024 2
12.613405 55.62294 3
12.612923 55.62296 4
12.613402 55.622887 5
12.612921 55.622906 6
12.6134 55.622826 7
12.61292 55.62285 8
12.6134 55.62277 9
12.612919 55.622787 10
12.613398 55.622715 11
12.612917 55.62273 12
12.613396 55.622658 13
12.612916 55.622684 14
12.613395 55.622597 15
12.612914 55.622623 16
12.613393 55.622543 17
12.612913 55.62256 18
12.613393 55.622486 19
12.612912 55.62251 20
12.613391 55.62243 21
12.61291 55.622456 22
12.613389 55.62237 23
12.612909 55.622383 24
12.613376 55.622307 25
12.612879 55.622086 26
12.613378 55.62226 27
12.612881 55.622025 28
12.613353 55.621998 29A
12.613486 55.622 29B
12.613603 55.622 29C
12.6137 55.621998 29D
12.612877 55.621964 30
12.613526 55.62172 31
12.612881 55.621895 32
12.613493 55.621662 33
12.61288 55.621834 34
12.613459 55.621605 35
12.612878 55.621777 36
12.613426 55.621548 37
12.612876 55.621716 38
12.613392 55.621487 39
12.612875 55.621655 40
12.612872 55.621593 42
12.613475 55.621 43
12.612871 55.62133 44
12.613441 55.62094 45
12.61287 55.621277 46
12.613408 55.620888 47
12.612866 55.621212 48
12.613374 55.620827 49
12.612865 55.621155 50
12.613295 55.620728 51
12.612865 55.621098 52
12.613345 55.620457 53
12.612865 55.62104 54
12.61337 55.6204 55
12.612862 55.62098 56
12.613394 55.620342 57
12.612861 55.620922 58
12.613421 55.62028 59
12.612858 55.620865 60
12.613446 55.620224 61
12.612856 55.620808 62
12.613472 55.620167 63
12.6135 55.620106 65
12.612819 55.620464 66
12.613482 55.619667 67
12.612844 55.620403 68
12.612875 55.62034 70
12.612897 55.62028 72
12.61292 55.620224 74
12.613578 55.618732 75
12.612944 55.620163 76
12.612968 55.620106 78
12.613027 55.61999 80
12.613026 55.61993 82
12.613026 55.619873 84
12.613025 55.619816 86
12.613023 55.61976 88
12.613024 55.6197 90
12.613023 55.619644 92
12.613022 55.619587 94
12.613021 55.61953 96
12.613021 55.619473 98
12.613054 55.61936 100
12.613021 55.61923 102
12.613056 55.619087 104
12.613047 55.61884 106
12.613523 55.619465 67T
