12.622543 55.628193 1
12.622287 55.628433 2
12.622274 55.628166 3
12.622062 55.628414 4
12.622055 55.628086 5
12.621805 55.62841 6
12.621765 55.6281 7
12.621526 55.628376 8
12.621513 55.62807 9
12.621264 55.62841 10
12.621297 55.62806 11
12.621041 55.628338 12
12.621013 55.628036 13
12.62078 55.62838 14
12.620749 55.62805 15
12.6205 55.62845 16
12.620589 55.627743 17
12.620272 55.628353 18
12.620253 55.627945 19
12.620005 55.628387 20
12.619993 55.628017 21
12.619773 55.628357 22
12.619738 55.62796 23
12.619522 55.628265 24
12.619542 55.627716 25
12.619249 55.628304 26
12.619266 55.62795 27
12.619031 55.62827 28
12.618962 55.62793 29
12.618791 55.628254 30
12.618739 55.627895 31
12.618521 55.628162 32
12.618495 55.62789 33
12.618244 55.62826 34
12.618217 55.6279 35
12.617998 55.628136 36
12.617962 55.62787 37
12.617766 55.62809 38
12.617731 55.627834 39
12.617497 55.628075 40
12.617486 55.62785 41
