12.605496 55.612556 3
12.605467 55.61288 4
12.60524 55.612534 5
12.605164 55.61283 6
12.604999 55.61244 7
12.604867 55.612766 8
12.604718 55.61245 9
12.604623 55.61268 10
12.604489 55.6124 11
12.604255 55.612648 12
12.60421 55.612354 13
12.604008 55.61226 15
12.60347 55.612568 16
12.603743 55.612286 17
12.603147 55.612488 18
12.603493 55.612263 19
12.602791 55.61247 20
12.60324 55.612198 21
12.602493 55.61244 22
12.60298 55.612144 23
12.602062 55.61237 24
12.60277 55.612133 25
12.60179 55.612328 26
12.602558 55.61204 27
12.601284 55.612247 28
12.602303 55.612045 29
12.600909 55.612186 30
12.602035 55.612026 31
12.600708 55.61207 32
12.601796 55.612003 33
12.600761 55.611877 34
12.601418 55.61194 35
12.600944 55.611706 36
12.601432 55.61175 37
12.601033 55.611546 38
12.601509 55.611538 39
12.601172 55.611374 40
12.601565 55.61134 41
12.605726 55.61292 2
12.670413 55.59482 1
