12.591301 55.6137 4
12.59169 55.61391 5
12.591342 55.61327 6
12.5917 55.613747 7
12.591392 55.612846 8
12.591774 55.613598 9
12.591452 55.612423 10
12.591867 55.613445 11
12.591515 55.61213 12
12.591754 55.6133 13
12.591506 55.611637 14
12.591793 55.613144 15
12.591646 55.611137 16
12.59207 55.61301 17
12.591673 55.610767 18
12.591893 55.612846 19
12.591717 55.610466 20
12.591917 55.61269 21
12.591979 55.612545 23
12.591911 55.612385 25
12.59197 55.612232 27
12.592178 55.611824 29
12.592271 55.6114 35
12.592042 55.61121 37
12.592092 55.61103 39
12.592186 55.61085 41
12.592196 55.610664 43
12.588635 55.69934 1
