12.577536 55.602283 1
12.577024 55.602097 2
12.577505 55.60196 3
12.577038 55.601902 4
12.577441 55.60177 5
12.576874 55.601753 6
12.577447 55.60154 7
12.576795 55.60161 8
12.577494 55.60131 9
12.576315 55.601482 10
12.577443 55.60114 11
12.576701 55.601414 12
12.57734 55.6009 13
12.576912 55.601242 14
12.576367 55.601105 16
12.577205 55.60033 17
12.576732 55.60107 18
12.57728 55.600143 19
12.57686 55.60084 20
12.577335 55.59996 21
12.577283 55.599747 23
12.577141 55.599564 25
12.576964 55.598984 27
12.57652 55.599976 30
12.576605 55.599823 32
12.57658 55.599678 34
12.576463 55.599537 36
12.576562 55.599377 38
12.576465 55.599236 40
12.576552 55.599052 42
12.576394 55.598885 44
