12.620426 55.632843 2
12.620433 55.63257 3
12.620274 55.632816 4
12.620135 55.632526 5
12.620048 55.632812 6
12.619829 55.632492 7
12.619676 55.63275 8
12.619509 55.632435 9
12.619439 55.632683 10
12.619204 55.632385 11
12.619057 55.632637 12
12.618931 55.632343 13
12.618748 55.632587 14
12.618617 55.63229 15
12.618437 55.632538 16
12.618314 55.632233 17
12.618171 55.632465 18
12.618018 55.632187 19
12.617867 55.63242 20
12.617681 55.632137 21
12.617536 55.632393 22
12.617346 55.632072 23
12.617192 55.632294 24
12.616992 55.632008 25
12.616855 55.632263 26
12.616485 55.631905 27
12.616305 55.632156 28
12.616208 55.631886 29
12.616092 55.632133 30
