12.581439 55.598705 3
12.581022 55.59872 4
12.581423 55.598557 5
12.580591 55.59854 6
12.581435 55.598366 7
12.580114 55.59859 8
12.581092 55.598347 9
12.57987 55.598373 10
12.58067 55.598267 11
12.57945 55.598385 12
12.580322 55.598198 13
12.579128 55.59833 14
12.580012 55.598145 15
12.578806 55.598316 16
12.579677 55.598087 17
12.578562 55.598198 18
12.579299 55.59804 19
12.578907 55.597977 21
12.578208 55.598114 22
12.578541 55.59791 23
12.577873 55.59809 24
12.578075 55.597828 25
12.57749 55.598045 26
12.577756 55.59771 27
12.577025 55.598 28
12.57735 55.597706 29
12.576991 55.59765 31
12.55766 55.687477 1
