12.615825 55.63521 1
12.615768 55.635345 3
12.616271 55.635838 4A
12.616241 55.635918 4B
12.615717 55.635468 5
12.616212 55.635998 6A
12.61619 55.636078 6B
12.615669 55.63558 7
12.616164 55.636154 8A
12.616141 55.636234 8B
12.615486 55.63571 9
12.616112 55.636314 10
12.615339 55.63569 11
12.615541 55.63633 12
12.615573 55.635075 13
12.615567 55.636265 14
12.615448 55.63506 15
12.61556 55.63613 16
12.615233 55.63514 17
12.615584 55.636078 18
12.615177 55.635273 19
12.615091 55.6359 20
12.615121 55.635406 21
12.614972 55.635883 22
12.615061 55.635548 23
12.614847 55.635868 24
12.614295 55.634983 25
12.614247 55.635098 27
12.614187 55.63524 29
12.614129 55.635376 31
12.613962 55.635506 33
12.613796 55.635483 35
12.614032 55.63487 37
12.613907 55.63485 39
12.6137 55.634914 41
12.613649 55.635033 43
12.613584 55.63519 45
12.61352 55.635338 47
12.612757 55.63477 49
12.6127 55.634907 51
12.612649 55.635025 53
12.612597 55.63515 55
12.612414 55.635296 57
12.612265 55.635277 59
12.612494 55.63466 61
12.612368 55.634644 63
12.612174 55.634674 65
12.612095 55.63486 67
12.612027 55.63502 69
12.611957 55.63519 71
12.61119 55.635017 73
12.61122 55.63493 75
12.611275 55.634804 77
12.611323 55.6347 79
12.611172 55.634495 81
12.610931 55.634464 83
12.610672 55.634525 85
12.610618 55.63464 87
12.610567 55.634777 89
12.61046 55.63491 91
12.610637 55.635017 93
12.610849 55.635044 95
12.614507 55.636036 26
