12.628601 55.614765 3
12.627586 55.614864 8
12.627243 55.61481 10
12.626804 55.61476 12
12.626892 55.614285 13
12.626562 55.614697 14
12.626234 55.61462 16
12.625843 55.614597 18
12.625559 55.61458 20
12.625274 55.61451 22
12.624895 55.613995 23
12.624975 55.614445 24
12.624505 55.614407 26
12.624217 55.61443 28
12.623778 55.614353 30
12.620429 55.613594 34
12.622388 55.613613 35
12.619829 55.613136 36
12.621426 55.61341 37
12.618754 55.611897 42
12.620534 55.612823 45
12.617886 55.611336 46
12.619596 55.611652 47
12.617622 55.610985 48
12.61735 55.610783 50
12.617412 55.610485 52
12.616556 55.610107 56
12.616298 55.609894 58
12.618386 55.6107 59
12.615396 55.60993 60
12.614182 55.609688 64
12.617463 55.609947 65
12.617455 55.60971 67
12.613331 55.60958 68
12.617066 55.609818 69
12.613388 55.608967 72
12.616157 55.60939 73
12.613002 55.60904 74
12.615483 55.609276 75
12.615604 55.609276 75A
12.612748 55.60896 76
12.613938 55.608746 77
12.614328 55.60895 77A
12.612177 55.608864 78
12.611115 55.60798 84
12.612056 55.607975 85
12.608953 55.607246 90
12.612027 55.60781 91
12.608234 55.606956 94
12.607792 55.606754 96
12.607146 55.606247 100
12.608315 55.606323 105
12.605927 55.605232 106
12.60516 55.60453 108
12.606854 55.60508 117
12.604656 55.603943 118
12.605788 55.604187 119
12.604194 55.60259 128
12.604187 55.602177 130
12.604997 55.602455 135
12.603303 55.600807 138A
12.60314 55.60059 138B
12.602998 55.60024 140
12.602738 55.599785 142A
12.602667 55.5998 142B
12.601581 55.5988 144
12.601486 55.598637 150
12.603906 55.6 153
12.603586 55.599255 157
12.603077 55.599087 159
12.628277 55.61441 7
12.615536 55.60909 75B
12.623298 55.61416 32
12.622983 55.61365 31
12.621256 55.59599 249D
12.619873 55.595085 249C
12.619859 55.59777 249N
12.618367 55.59663 249K
12.618382 55.59639 249H
12.618332 55.595886 249F
