12.61245 55.61198 3
12.612423 55.61175 5
12.611969 55.6116 8
12.611925 55.611603 9
12.611358 55.611553 11
12.605943 55.611538 26
12.605754 55.610443 34
12.605885 55.606808 41
12.605376 55.60955 42
12.605412 55.60765 52
12.603835 55.607105 54
12.603434 55.60916 56
12.603691 55.607086 60
12.600568 55.60749 66
12.600413 55.60622 71
12.596826 55.605392 73
12.599457 55.606953 74
12.592071 55.60417 93
12.594419 55.605953 98
12.590044 55.603897 103
12.589635 55.60364 105
12.589073 55.602875 107
12.586429 55.603672 111
12.590747 55.60567 118
12.591219 55.605885 120
12.588276 55.604603 124
12.584331 55.603485 125
12.586752 55.604305 142
12.580842 55.60257 147
12.580333 55.60212 149
12.582823 55.603527 158
12.576587 55.60197 165
12.576199 55.601795 167
12.578283 55.602688 172
12.5756 55.60109 175
12.577036 55.602512 176
12.575596 55.600838 177
12.576726 55.602413 178
12.575597 55.60063 179
12.576391 55.602486 180
12.575915 55.602398 182
12.575535 55.602238 184
12.574 55.6018 190
12.612496 55.610935 7B
12.608232 55.60897 23
12.597454 55.60161 71A
12.586781 55.6045 138
12.588434 55.60383 109
12.592401 55.604458 91
12.61043 55.61017 13
