12.646313 55.635715 4
12.646356 55.635593 6
12.646469 55.635178 8
12.646893 55.63531 9
12.646872 55.635014 11
12.646002 55.63475 13
12.645781 55.63495 14
12.64575 55.63471 15
12.645366 55.63491 16
12.645447 55.63468 17
12.64512 55.634853 18
12.645263 55.63464 19
12.645062 55.634605 21
12.644865 55.634594 23
12.644671 55.63456 25
12.644399 55.634792 26
12.644427 55.63453 27
12.644352 55.63477 28
12.644364 55.63434 29
12.6445 55.634186 31
12.645117 55.63429 33
12.646814 55.63546 3
12.646982 55.63514 9A
12.644284 55.634747 30
12.644663 55.634815 22
12.644617 55.634834 24
12.644736 55.63484 20
12.64402 55.63475 32
12.643961 55.634777 34
12.643928 55.63468 36
12.643801 55.634724 38
12.64359 55.63476 40
12.643522 55.634773 42
12.643463 55.634823 44
12.64692 55.63574 1
12.550003 55.64404 37
