12.642835 55.63419 3
12.642647 55.63415 5
12.641431 55.633892 7
12.64126 55.633858 9
12.641093 55.633823 11
12.642052 55.634377 12
12.642734 55.63446 12A
12.642632 55.63444 12B
12.642542 55.634415 12C
12.642448 55.634388 12D
12.642318 55.63437 12E
12.642211 55.63435 12F
12.642123 55.634327 12G
12.64202 55.634296 12H
12.641791 55.6344 14
12.641574 55.634357 16
12.640495 55.63394 24
12.638413 55.633335 25
12.639767 55.633827 28
12.637854 55.633263 29
12.639575 55.633816 30
12.641124 55.634354 18
12.641194 55.634247 20
12.640332 55.633144 21
12.641258 55.63415 22
12.570461 55.672047 4
