12.623239 55.626087 3
12.623009 55.62633 4
12.622992 55.62607 5A
12.622707 55.626053 5B
12.622689 55.62643 6
12.622327 55.62597 7
12.622413 55.626392 8
12.621938 55.626 9
12.622104 55.626347 10
12.621579 55.626038 11
12.621767 55.62635 12
12.621099 55.625896 13
12.621473 55.626335 14
12.62075 55.625973 15
12.621212 55.62629 16
12.620413 55.62585 17
12.620869 55.62638 18
12.620202 55.625843 19
12.620583 55.62622 20
12.619818 55.6259 21
12.619501 55.625965 23
12.619064 55.625977 25
12.524451 55.684856 1
