12.614908 55.6346 2
12.615597 55.634605 3
12.614955 55.63452 4
12.615676 55.634457 5
12.614993 55.63446 6
12.615714 55.63439 7
12.615031 55.634396 8
12.615803 55.634224 9
12.61507 55.63433 10
12.615841 55.634163 11
12.615107 55.634266 12
12.615929 55.633987 13
12.615147 55.634197 14
12.615967 55.633926 15
12.615183 55.634136 16
12.61606 55.63375 17
12.615222 55.63407 18
12.616099 55.633682 19
12.615263 55.634003 20
12.616184 55.633553 21
12.615288 55.63396 22
12.616231 55.633442 23
12.615466 55.633663 24
12.615359 55.633823 24A
12.616339 55.633232 25
12.615521 55.63357 26
12.616363 55.63319 27
12.615563 55.6335 28
12.616371 55.63293 29
12.615598 55.63344 30
12.615635 55.633377 32
12.615673 55.633312 34
12.61571 55.63325 36
12.617136 55.631737 37
12.615749 55.633186 38
12.617326 55.63165 39
12.615786 55.63312 40
12.617318 55.63151 41
12.615823 55.63306 42
12.617509 55.631413 43
12.615858 55.633 44
12.617464 55.63127 45
12.615979 55.63283 46
12.617657 55.63117 47
12.617561 55.63104 49
12.617802 55.630928 51
12.617733 55.630733 53
12.616699 55.631645 54
12.616773 55.63148 56
12.616889 55.631287 58
12.617007 55.631096 60
12.617133 55.63089 62
12.596262 55.64332 13
