12.607545 55.61664 1
12.607223 55.61689 2
12.607032 55.61651 3
12.606831 55.616783 4
12.606587 55.6167 6
12.606708 55.616467 7
12.606714 55.61627 9A
12.606854 55.616142 9B
12.606004 55.61656 10A
12.605733 55.616543 10B
12.606128 55.616306 11
12.605424 55.616592 12
12.605879 55.616276 13
12.605162 55.61654 14
12.605598 55.61622 15A
12.605392 55.61609 15B
12.605417 55.616055 15C
12.604976 55.616356 16A
12.604778 55.6167 16B
12.605085 55.616116 17
12.60429 55.616196 18
12.604865 55.615974 19A
12.605025 55.61578 19B
12.603504 55.61609 20
12.602956 55.615986 22
12.603787 55.61587 23A
12.603403 55.61573 23B
12.60318 55.615746 25A
12.602975 55.615467 25B
12.602839 55.61566 27
12.601761 55.615936 28
12.602488 55.615627 29
12.601652 55.616116 30
12.602143 55.615547 31
12.601264 55.61607 32
12.601931 55.615303 33A
12.601802 55.61553 33B
12.601375 55.615795 34A
12.601086 55.615833 34B
12.601421 55.615463 35
12.600845 55.61571 36A
12.600529 55.61574 36B
12.601134 55.615433 37A
12.600893 55.61539 37B
12.600292 55.615597 38
12.600678 55.615284 39
12.600034 55.615562 40
12.600376 55.615314 41
12.599761 55.61556 42
12.600074 55.61527 43
12.599527 55.61549 44
12.599761 55.615215 45
12.599256 55.615444 46
12.599496 55.615208 47
12.598969 55.615444 48
12.599248 55.61513 49
12.59897 55.615093 51
12.598691 55.615097 53
12.598391 55.61506 55
12.606292 55.616646 8A
12.605855 55.61684 8B
12.553776 55.676044 2
