12.591364 55.610817 3
12.591258 55.61118 4
12.590986 55.61074 5
12.591044 55.611 6
12.590733 55.610703 7
12.590601 55.61105 8
12.590477 55.610657 9
12.590381 55.610973 10
12.590127 55.610596 11
12.5901 55.610897 12
12.589843 55.610497 13
12.589798 55.610867 14
12.589539 55.610462 15
12.589497 55.61073 16
12.589235 55.61042 17
12.589214 55.610676 18
12.588922 55.61038 19
12.588903 55.61066 20
12.588632 55.610317 21
12.588558 55.610683 22
12.58828 55.610256 23
12.588308 55.61054 24
12.588116 55.61006 25
12.588025 55.610497 26
12.587691 55.61013 27
12.587761 55.610413 28
12.587444 55.61012 29
12.587432 55.610435 30
12.58751 55.609764 31
12.587085 55.610325 32
12.586864 55.61035 34
12.587706 55.609062 35
12.586508 55.61032 36
12.586967 55.610065 38
12.587001 55.609886 40
12.58704 55.609722 42
12.587101 55.609566 44
12.586998 55.609253 46
12.587233 55.609165 48
12.587295 55.609013 50
12.587298 55.608845 52
