12.621154 55.62046 1
12.621501 55.620747 2
12.621203 55.620758 4
12.620853 55.620483 5
12.620909 55.62077 6
12.620678 55.62072 8
12.62047 55.62072 10
12.619342 55.62048 11
12.618948 55.62047 13
12.618666 55.620472 15
12.618332 55.620457 17
12.61811 55.620483 19
12.617557 55.620716 20
12.617813 55.620464 21
12.616769 55.62085 22
12.617565 55.620476 23
12.61644 55.620785 24
12.617224 55.62048 25
12.616127 55.62078 26
12.616963 55.620464 27
12.615848 55.620808 28
12.616602 55.620476 29
12.615534 55.62078 30
12.61633 55.620472 31
12.615218 55.620808 32
12.61603 55.62048 33
12.614906 55.620808 34
12.615711 55.620464 35
12.614595 55.620876 36
12.615431 55.62048 37
12.614297 55.62086 38
12.615109 55.620464 39
12.613941 55.620728 40
12.614828 55.62048 41
12.614507 55.62046 43
12.612662 55.62072 44
12.614227 55.62048 45
12.613911 55.620464 47
12.612216 55.620472 53
12.612149 55.620464 55
12.612017 55.62047 57
12.611913 55.62047 59
12.611465 55.620464 61
12.611355 55.620464 63
12.611248 55.620464 65
12.611143 55.620464 67
12.547957 55.699837 7
