12.624599 55.63558 3
12.624129 55.63551 4
12.624656 55.63541 5
12.624192 55.635338 6
12.624691 55.63526 7
12.62424 55.635193 8
12.624751 55.635098 9
12.624303 55.635025 10
12.62481 55.63492 11
12.624342 55.63489 12
12.624868 55.634766 13
12.624397 55.634743 14
12.625132 55.63464 15
12.62445 55.634583 16
12.624975 55.634453 17
12.62452 55.634377 18
12.625024 55.634308 19
12.62457 55.634228 20
12.625076 55.63415 21
12.624611 55.634098 22
12.625147 55.633945 23
12.624683 55.6339 24
12.577928 55.69396 1
