12.580314 55.60663 4
12.580797 55.606575 5
12.580324 55.606457 6
12.580848 55.60637 7
12.580016 55.6063 8
12.580943 55.606228 9
12.580364 55.606125 10
12.580838 55.606018 11
12.580361 55.60595 12
12.58079 55.605843 13
12.580338 55.60575 14
12.580809 55.605675 15
12.58038 55.60561 16
12.580914 55.605473 17
12.58039 55.605434 18
12.580839 55.6053 19
12.580428 55.60516 20
12.580891 55.604637 21
12.580952 55.6045 23
12.580391 55.604465 24
12.581078 55.604317 25
12.580488 55.60426 26
12.581109 55.60416 27
12.580469 55.604122 28
12.580999 55.604 29
12.580506 55.603947 30
12.581069 55.603844 31
12.580502 55.60379 32
12.580923 55.60368 33
12.580506 55.603607 34
12.580982 55.60351 35
12.580542 55.603436 36
12.581254 55.60336 37
12.580545 55.603268 38
12.581044 55.60321 39
12.580519 55.603085 40
12.596678 55.642223 1
