12.624204 55.61766 4
12.624628 55.617054 7
12.624068 55.617104 8
12.624654 55.616898 9
12.624089 55.616932 10
12.624834 55.616753 11
12.624189 55.616783 12
12.624753 55.61659 13
12.624134 55.616608 14
12.624625 55.616447 15
12.624198 55.61647 16
12.624828 55.616283 17
12.624193 55.6163 18
12.624719 55.616142 19
12.624195 55.61614 20
12.624593 55.615982 21
12.623993 55.61599 22
12.62467 55.615837 23
12.624198 55.61582 24
12.62467 55.61569 25
12.624177 55.615654 26
12.624951 55.615566 27
12.624203 55.615517 28
12.624671 55.61532 29
12.624079 55.61537 30
12.62425 55.615204 32
12.575119 55.699673 1
