12.550387 55.67246 2
12.550699 55.672413 3
12.550406 55.672325 4
12.550721 55.672287 5
12.550437 55.672173 6
12.550743 55.672134 7
12.550461 55.672016 8
12.550488 55.67194 8A
12.550204 55.672035 8B
12.550784 55.671947 9
12.550471 55.671795 10
12.550796 55.671757 11
12.550984 55.67162 13
12.550558 55.671574 14
12.550836 55.671623 15
12.550477 55.671432 16
12.550839 55.67154 17
12.550234 55.671432 18
12.550628 55.67104 20
12.550634 55.67086 22
12.55086 55.671436 25
12.550878 55.671295 27
12.550903 55.671158 29
12.550946 55.671005 31
12.550975 55.670876 33
12.550997 55.67072 35
12.551019 55.67058 37
12.551025 55.670433 39
12.551053 55.67029 41
12.551067 55.670147 43
12.551081 55.66999 45
12.550851 55.669697 52
12.550872 55.669533 54
12.550907 55.669373 56
12.550847 55.66918 58
12.550958 55.66902 60
12.551207 55.669636 61
12.550996 55.66886 62
12.551234 55.66949 63
12.551264 55.66927 65
12.551292 55.66912 67
12.551272 55.668972 71
12.551294 55.668877 73
12.55131 55.668774 75
12.551365 55.668404 77
12.551386 55.66827 81
12.551397 55.668198 83
12.551013 55.668697 84
12.55141 55.668125 85
12.551064 55.668358 86
12.551085 55.66825 88
12.551104 55.668137 90
12.551125 55.668026 92
12.551097 55.66795 94
12.551149 55.66743 102
12.551164 55.667377 104A
12.551184 55.66726 104B
12.55162 55.66729 105
12.55121 55.66717 106
12.551658 55.667072 107
12.551257 55.66689 108
12.551692 55.666878 109
12.551698 55.666714 111
12.551404 55.666664 110
12.501178 55.660774 1
