12.586888 55.678856 8
12.587323 55.67878 9
12.587016 55.67864 10
12.587403 55.67868 11
12.587113 55.678474 12
12.587499 55.67854 13
12.587737 55.67861 13A
12.587207 55.678314 14
12.587078 55.67839 14A
12.587561 55.678432 15
12.587632 55.67832 17
12.587732 55.678165 19
12.58784 55.67828 19A
12.587632 55.677704 20
12.58801 55.67775 21
12.587705 55.67755 22
12.5874 55.67751 22A
12.588126 55.67757 23
12.587817 55.67739 24
12.588246 55.6774 25
12.587903 55.677235 26
12.588393 55.67723 27
12.588363 55.6773 27A
12.588557 55.677338 27B
12.587997 55.677116 28
12.588442 55.677086 29
12.588052 55.677002 30
12.588537 55.676933 31
12.58817 55.67684 32
12.588651 55.676746 33
12.588293 55.67665 34
12.587891 55.67658 34A
12.588632 55.67723 27C
12.587193 55.679016 1
12.587341 55.678978 3
12.58759 55.679028 5
12.607094 55.65102 7
