12.578212 55.67473 10
12.577208 55.675755 11
12.578617 55.67488 12
12.577505 55.675854 13
12.579059 55.675034 14
12.577928 55.676064 15
12.57931 55.675056 16
12.57807 55.67616 17
12.579477 55.67511 18
12.57821 55.676205 19
12.577268 55.674896 2
12.579633 55.675167 20
12.578323 55.676247 21
12.578464 55.676296 23
12.578722 55.676285 25
12.578685 55.67619 27
12.576863 55.675262 3
12.57735 55.67482 4
12.576871 55.675396 5
12.57759 55.674736 6
12.576806 55.67555 7
12.577799 55.674656 8
12.577038 55.67572 9
